0.03875	-102	208
0.04	-97.6	204
0.04133	-93.2	199
0.04428	-85.3	189
0.045	-83.7	186
0.04769	-78.1	178
0.05	-74	172
0.05166	-71.2	168
0.055	-67.3	160
0.05636	-65.9	157
0.06	-61.9	151
0.06199	-59.7	147
0.065	-56.6	143
0.06888	-53.7	137
0.07	-52.8	136
0.075	-48.7	129
0.07749	-46.7	127
0.08	-45	124
0.085	-41.8	119
0.08856	-39.5	116
0.095	-35.8	110
0.09537	-35.6	109
0.1	-33.5	106
0.1033	-32	103
0.11	-29.2	98.4
0.1127	-28.2	96.6
0.12	-25.6	92.2
0.124	-24.3	89.8
0.13	-22.5	86.5
0.1378	-20.5	82.6
0.14	-19.9	81.5
0.15	-17.6	77
0.155	-16.5	74.9
0.16	-15.5	72.7
0.17	-13.9	68.8
0.1771	-13	66.2
0.18	-12.7	65.2
0.19	-11.7	62.2
0.2	-10.7	59.4
0.2066	-10.1	57.6
0.225	-8.85	53.2
0.248	-7.67	48.6
0.25	-7.59	48.2
0.275	-6.61	44.3
0.3	-5.76	41
0.31	-5.43	39.8
0.325	-5	38.1
0.35	-4.44	35.6
0.375	-3.88	33.4
0.4	-3.45	31.5
0.4133	-3.24	30.6
0.45	-2.68	28.3
0.5	-2.07	25.6
0.55	-1.62	23.3
0.6	-1.27	21.4
0.6199	-1.15	20.7
0.65	-0.99	19.8
0.7	-0.77	18.3
0.75	-0.59	17.1
0.8	-0.44	16
0.8266	-0.38	15.4
0.85	-0.33	14.9
0.9	-0.26	14
0.9	-38.7	114
0.95	-0.23	13.2
1	-0.21	12.5
1.033	-0.21	12
1.05	-0.21	11.8
1.1	-0.2	11.2
1.15	-0.21	10.6
1.2	-0.26	10
1.24	-0.35	9.58
1.25	-0.37	9.49
1.3	-0.47	8.95
1.305	-0.49	8.88
1.34	-0.77	8.49
1.35	-0.86	8.44
1.378	-1.06	8.3
1.4	-1.24	8.21
1.417	-1.38	8.18
1.45	-1.58	8.21
1.459	-1.61	8.22
1.5	-1.74	8.31
1.503	-1.75	8.31
1.55	-1.8	8.45
1.6	-1.63	8.6
1.65	-1.41	8.62
1.653	-1.4	8.62
1.7	-1.14	8.57
1.75	-0.91	8.39
1.771	-0.83	8.31
1.8	-0.74	8.21
1.85	-0.6	8.01
1.9	-0.49	7.82
1.908	-0.47	7.79
1.95	-0.39	7.65
2	-0.3	7.48
2.05	-0.22	7.31
2.066	-0.2	7.26
2.1	-0.15	7.15
2.15	-0.08	7
2.2	-0.02	6.85
2.25	0.037	6.7
2.254	0.042	6.69
2.3	0.088	6.55
2.35	0.133	6.42
2.4	0.174	6.28
2.45	0.211	6.15
2.48	0.231	6.08
2.5	0.245	6.03
2.6	0.305	5.8
2.7	0.356	5.58
2.755	0.382	5.47
2.8	0.402	5.38
2.9	0.442	5.2
3	0.477	5.02
3.1	0.51	4.86
3.2	0.54	4.71
3.3	0.568	4.56
3.4	0.593	4.43
3.5	0.615	4.3
3.542	0.625	4.24
3.6	0.636	4.17
3.7	0.656	4.06
3.8	0.674	3.95
3.9	0.69	3.84
4	0.706	3.74
4.133	0.724	3.61
4.25	0.739	3.51
4.5	0.767	3.3
4.75	0.791	3.11
5	0.81	2.94
5.25	0.828	2.79
5.5	0.845	2.64
5.75	0.859	2.51
6	0.87	2.39
6.25	0.881	2.28
6.75	0.898	2.07
7	0.9054	1.98
7.25	0.912	1.9
7.75	0.9235	1.74
8	0.9284	1.66
8.25	0.9329	1.59
8.5	0.937	1.53
8.75	0.9408	1.46
9	0.9443	1.4
9.5	0.9505	1.29
10	0.9558	1.18
10.5	0.9604	1.08
11	0.9644	0.978
11.5	0.9669	0.883
12	0.9672	0.791
12.5	0.9656	0.7
13	0.9624	0.609
13.5	0.9591	0.517
14	0.9519	0.416
14.5	0.9384	0.301
15	0.875	0.153
15.5	0.742	7.77E-02
16	0.649	5.95E-02
16.5	0.581	4.87E-02
17	0.526	4.23E-02
17.5	0.48	3.81E-02
18	0.442	3.48E-02
18.5	0.409	3.24E-02
19	0.38	3.02E-02
19.5	0.354	2.84E-02
20	0.332	2.68E-02
21	0.293	2.42E-02
22	0.26	2.22E-02
23	0.234	2.05E-02
24	0.211	1.90E-02
25	0.191	1.77E-02
26	0.174	1.65E-02
27	0.159	1.55E-02
28	0.146	1.45E-02
29	0.135	1.35E-02
30.2555	0.1045204	0.007933437
30.7449	0.1005188	0.007827611
31.2421	0.09666804	0.007723656
31.7475	0.09295522	0.007621014
32.2609	0.08938545	0.007519817
32.7827	0.08595447	0.007409319
33.313	0.08263545	0.007256725
33.8518	0.07940749	0.007107242
34.3993	0.07627901	0.006960878
34.9557	0.07324911	0.0068175
35.5211	0.07031481	0.006677089
36.0956	0.06747359	0.006539557
36.6794	0.06472227	0.006404881
37.2727	0.06205729	0.006272974
37.8755	0.05947676	0.006143792
38.4882	0.05697677	0.006017221
39.1107	0.05455537	0.00589328
39.7432	0.05221036	0.005771921
40.3861	0.04994212	0.005653037
41.0393	0.04775008	0.005531287
41.7031	0.04562018	0.00538997
42.3776	0.04354108	0.005252255
43.063	0.04151768	0.005118067
43.7595	0.03954923	0.004987307
44.4673	0.03763476	0.004859882
45.1865	0.03577305	0.004735724
45.9174	0.03396381	0.004614704
46.66	0.03220577	0.004496819
47.4147	0.03052864	0.004381927
48.1816	0.0288977	0.004205049
48.9609	0.02725454	0.004007709
49.7528	0.02562231	0.003819627
50.5576	0.02400712	0.003640369
51.3753	0.02241032	0.003469534
52.2062	0.02083015	0.003306712
53.0506	0.01926239	0.00315153
53.9087	0.01770591	0.003016036
54.7806	0.0161694	0.002894172
55.6667	0.01464971	0.002777227
56.567	0.01313725	0.002665015
57.482	0.01162639	0.002557333
58.4117	0.01011068	0.002453998
59.3564	0.008574012	0.002354853
60.3165	0.007016622	0.00227782
61.2921	0.005442998	0.002210236
62.2834	0.003832384	0.002144665
63.2908	0.002136536	0.002081027
64.3145	0.000368088	0.002083563
65.3547	-0.001454586	0.002091474
66.4118	-0.003410411	0.002099411
67.4859	-0.005564367	0.002107394
68.5775	-0.008037256	0.002108028
69.6867	-0.01106098	0.002107724
70.8138	-0.01518085	0.002107429
71.9591	-0.02259303	0.00210713
72.6	-0.03705625	0.002106961
72.8	-0.03732113	0.02385096
73.123	-0.02769296	0.02400571
74.3057	-0.01941531	0.02457467
75.5076	-0.01629834	0.0251571
76.7289	-0.01441097	0.02575328
77.9699	-0.01304924	0.02636375
79.231	-0.01194581	0.02698863
80.5125	-0.01093219	0.02762826
81.8147	-0.009972976	0.02819015
83.138	-0.009084154	0.02875807
84.4827	-0.008166655	0.02933741
85.8491	-0.006999948	0.02992844
87.2377	-0.005678771	0.03016179
88.6487	-0.00458035	0.02997321
90.0825	-0.003722072	0.02978581
91.5395	-0.002976217	0.02959956
93.0201	-0.002304037	0.02941448
94.5246	-0.001685559	0.02923054
96.0535	-0.0011058	0.02904774
97.6071	-0.000555231	0.02886607
99.1858	-2.41E-05	0.0286856
100.79	0.00049541	0.02850622
102.42	0.001016646	0.02832811
104.077	0.001560654	0.02812507
105.76	0.002083924	0.02786039
107.471	0.002557048	0.02759781
109.209	0.003017967	0.02733804
110.975	0.003470416	0.02708079
112.77	0.003920903	0.02682573
114.594	0.004374527	0.02657308
116.448	0.004838466	0.0263226
118.331	0.005320726	0.02607494
120.245	0.005835132	0.02582934
122.19	0.006406936	0.02558605
124.166	0.00713413	0.02534521
126.175	0.00794156	0.02469317
128.215	0.008501262	0.02394789
130.289	0.008911088	0.02322472
132.397	0.009247781	0.02252328
134.538	0.009527917	0.02184336
136.714	0.009763661	0.02118383
138.925	0.009963803	0.02054429
141.172	0.01013499	0.019924
143.456	0.01028289	0.01932225
145.776	0.01041319	0.01873891
148.134	0.01053362	0.01817309
150.53	0.01065966	0.01762436
152.964	0.01077493	0.0170235
155.439	0.01083825	0.0164408
157.953	0.01087688	0.01587825
160.507	0.01089802	0.01533507
163.103	0.01090622	0.01481034
165.742	0.01090539	0.0143034
168.422	0.01089993	0.01381408
171.146	0.01089433	0.01334142
173.915	0.01089609	0.01288478
176.727	0.01092443	0.01244402
179.586	0.01101125	0.01195466
182.491	0.01104854	0.01134893
185.442	0.01097265	0.010774
188.442	0.01086438	0.01022805
191.489	0.01072939	0.009709929
194.587	0.01057428	0.009217885
197.734	0.01040432	0.008750872
200.932	0.01022339	0.008307476
204.182	0.0100329	0.00788265
207.485	0.009832545	0.007479522
210.84	0.009625561	0.007097101
214.251	0.009412765	0.00673412
217.716	0.009195088	0.006389782
221.237	0.008971036	0.00606305
224.816	0.008736569	0.005761582
228.452	0.008508586	0.005496057
232.147	0.008298103	0.005242754
235.902	0.00809323	0.005001111
239.717	0.007893935	0.004770647
243.595	0.007699562	0.004550742
247.535	0.007510177	0.004341009
251.538	0.007325837	0.004140956
255.607	0.00714672	0.003950088
259.741	0.006973556	0.003768042
263.942	0.006810729	0.003594387
268.211	0.006658653	0.003422717
272.549	0.006505323	0.003234764
276.957	0.006341123	0.003057133
281.437	0.006174713	0.002889242
285.989	0.006008308	0.002730586
290.615	0.005842957	0.002580625
295.315	0.005679431	0.002438922
300.092	0.005518164	0.002304982
304.945	0.005359505	0.002178418
309.878	0.005203588	0.002058779
314.89	0.005050738	0.001945724
319.983	0.004901021	0.001838876
325.158	0.004754481	0.001737902
330.418	0.004611135	0.001642459
335.762	0.004471101	0.001552265
341.192	0.004334294	0.001467029
346.711	0.004200572	0.001386466
352.319	0.004069813	0.001310327
358.017	0.003941169	0.001238375
363.808	0.003815229	0.001173946
369.692	0.003695052	0.001113949
375.672	0.003579525	0.001057011
381.748	0.003467878	0.001002991
387.922	0.003359883	0.000951729
394.197	0.003255311	0.000903086
400.573	0.003154052	0.000856929
407.052	0.00305602	0.000813132
413.635	0.002961118	0.000771576
420.326	0.002869258	0.000732138
427.124	0.002780444	0.000694722
434.032	0.002694905	0.000659216
441.052	0.002612376	0.000624078
448.186	0.002531439	0.000590208
455.435	0.002452354	0.000558211
462.802	0.002375442	0.000527941
470.287	0.002300748	0.000499309
477.894	0.002228194	0.000472232
485.623	0.002157867	0.00044662
493.478	0.002089667	0.000422363
501.459	0.00202363	0.000399281
509.57	0.001959546	0.000377223
517.812	0.001897168	0.000356292
526.187	0.001836599	0.000336555
534.698	0.001777858	0.000317963
543.346	0.001720972	0.000300424
552.134	0.001665973	0.000283856
561.065	0.001612739	0.000267979
570.139	0.001561036	0.000252875
579.361	0.001510873	0.000238498
588.732	0.001462143	0.000224913
598.254	0.001414894	0.000212087
607.93	0.001369081	0.000199994
617.763	0.001324706	0.000188589
627.755	0.001281778	0.000177821
637.908	0.001240233	0.000167533
648.226	0.001199932	0.000157646
658.711	0.001160701	0.000148221
669.365	0.001122356	0.000139364
680.191	0.001085088	0.000131407
691.193	0.001049268	0.000124178
702.372	0.001014841	0.000117415
713.733	0.000981702	0.000110813
725.277	0.000949551	0.000104447
737.008	0.000918344	9.84E-05
748.928	0.000888134	9.28E-05
761.042	0.000858877	8.75E-05
773.351	0.000830564	8.24E-05
785.859	0.000803162	7.77E-05
798.57	0.000776616	7.32E-05
811.486	0.000750903	6.89E-05
824.611	0.000726008	6.49E-05
837.949	0.000701907	6.11E-05
851.502	0.000678576	5.76E-05
865.274	0.000655986	5.42E-05
879.269	0.000634119	5.11E-05
893.491	0.000612947	4.81E-05
907.943	0.000592445	4.53E-05
922.628	0.000572602	4.27E-05
937.551	0.000553389	4.02E-05
952.715	0.000534778	3.78E-05
968.124	0.000516755	3.56E-05
983.783	0.000499298	3.36E-05
999.695	0.000482391	3.16E-05
1015.86	0.000466005	2.98E-05
1032.29	0.00045014	2.81E-05
1048.99	0.000434804	2.65E-05
1065.96	0.00041993	2.49E-05
1083.2	0.000405502	2.34E-05
1100.72	0.00039151	2.21E-05
1118.52	0.000377938	2.08E-05
1136.61	0.00036477	1.96E-05
1155	0.000351977	1.84E-05
1173.68	0.000339561	1.73E-05
1192.66	0.000327493	1.63E-05
1211.95	0.000315756	1.54E-05
1231.55	0.000304331	1.45E-05
1251.47	0.000293192	1.36E-05
1271.72	0.000282322	1.28E-05
1292.29	0.0002717	1.21E-05
1313.19	0.000261304	1.14E-05
1334.43	0.00025109	1.07E-05
1356.01	0.000241019	1.01E-05
1377.94	0.000231034	9.54E-06
1400.23	0.000221062	8.99E-06
1422.88	0.000210999	8.47E-06
1445.89	0.000200684	7.98E-06
1469.28	0.000189832	7.52E-06
1493.04	0.000177891	7.08E-06
1517.19	0.000163493	6.65E-06
1541.73	0.00014132	6.24E-06
1559.5	3.22E-05	5.97E-06
1559.7	3.23E-05	7.09E-05
1566.67	0.000119808	6.98E-05
1592.01	0.000147565	6.62E-05
1617.76	0.000155046	6.27E-05
1643.92	0.000157749	5.94E-05
1670.51	0.000158248	5.63E-05
1697.53	0.000157491	5.33E-05
1724.99	0.000155965	5.05E-05
1752.89	0.000153913	4.78E-05
1781.24	0.000151442	4.52E-05
1810.05	0.000148693	4.28E-05
1839.32	0.000145738	4.04E-05
1869.07	0.000142645	3.82E-05
1899.3	0.000139458	3.62E-05
1930.02	0.000136213	3.42E-05
1961.24	0.000132937	3.23E-05
1992.96	0.000129647	3.06E-05
2025.2	0.000126378	2.89E-05
2057.95	0.000123145	2.73E-05
2091.24	0.000119912	2.58E-05
2125.06	0.000116712	2.44E-05
2159.43	0.000113549	2.30E-05
2194.36	0.00011043	2.17E-05
2229.85	0.000107361	2.05E-05
2265.92	0.000104344	1.94E-05
2302.57	0.000101383	1.83E-05
2339.81	9.85E-05	1.72E-05
2377.66	9.56E-05	1.63E-05
2416.11	9.29E-05	1.53E-05
2455.19	9.01E-05	1.45E-05
2494.9	8.75E-05	1.37E-05
2535.26	8.49E-05	1.29E-05
2576.26	8.24E-05	1.21E-05
2617.93	7.99E-05	1.14E-05
2660.27	7.75E-05	1.08E-05
2703.3	7.52E-05	1.02E-05
2747.03	7.29E-05	9.58E-06
2791.46	7.07E-05	9.03E-06
2836.61	6.85E-05	8.51E-06
2882.49	6.64E-05	8.01E-06
2929.11	6.44E-05	7.55E-06
2976.48	6.24E-05	7.11E-06
3024.63	6.04E-05	6.70E-06
3073.55	5.86E-05	6.31E-06
3123.26	5.68E-05	5.94E-06
3173.78	5.50E-05	5.59E-06
3225.11	5.33E-05	5.27E-06
3277.27	5.16E-05	4.96E-06
3330.28	5.00E-05	4.67E-06
3384.15	4.84E-05	4.39E-06
3438.88	4.69E-05	4.14E-06
3494.5	4.54E-05	3.89E-06
3551.02	4.40E-05	3.66E-06
3608.46	4.26E-05	3.45E-06
3666.82	4.13E-05	3.24E-06
3726.13	4.00E-05	3.05E-06
3786.4	3.87E-05	2.87E-06
3847.64	3.75E-05	2.70E-06
3909.87	3.63E-05	2.54E-06
3973.11	3.51E-05	2.39E-06
4037.38	3.40E-05	2.25E-06
4102.68	3.30E-05	2.11E-06
4169.03	3.19E-05	1.99E-06
4236.46	3.09E-05	1.87E-06
4304.98	2.99E-05	1.76E-06
4374.62	2.90E-05	1.65E-06
4445.37	2.80E-05	1.56E-06
4517.27	2.71E-05	1.46E-06
4590.33	2.63E-05	1.37E-06
4664.58	2.54E-05	1.29E-06
4740.03	2.46E-05	1.22E-06
4816.69	2.38E-05	1.14E-06
4894.6	2.31E-05	1.07E-06
4973.77	2.23E-05	1.01E-06
5054.21	2.16E-05	9.48E-07
5135.96	2.09E-05	8.91E-07
5219.03	2.03E-05	8.38E-07
5303.44	1.96E-05	7.87E-07
5389.22	1.90E-05	7.40E-07
5476.39	1.84E-05	6.95E-07
5564.97	1.78E-05	6.53E-07
5654.98	1.72E-05	6.14E-07
5746.44	1.67E-05	5.77E-07
5839.39	1.62E-05	5.42E-07
5933.83	1.56E-05	5.09E-07
6029.81	1.51E-05	4.78E-07
6127.33	1.47E-05	4.49E-07
6226.44	1.42E-05	4.22E-07
6327.15	1.37E-05	3.96E-07
6429.48	1.33E-05	3.72E-07
6533.48	1.29E-05	3.50E-07
6639.15	1.25E-05	3.28E-07
6746.54	1.21E-05	3.08E-07
6855.65	1.17E-05	2.90E-07
6966.54	1.13E-05	2.72E-07
7079.22	1.09E-05	2.55E-07
7193.72	1.06E-05	2.40E-07
7310.07	1.03E-05	2.25E-07
7428.31	9.93E-06	2.12E-07
7548.45	9.61E-06	1.99E-07
7670.54	9.30E-06	1.86E-07
7794.61	9.01E-06	1.75E-07
7920.68	8.72E-06	1.64E-07
8048.79	8.44E-06	1.54E-07
8178.98	8.17E-06	1.45E-07
8311.26	7.91E-06	1.36E-07
8445.69	7.66E-06	1.28E-07
8582.29	7.42E-06	1.20E-07
8721.11	7.18E-06	1.12E-07
8862.16	6.95E-06	1.06E-07
9005.5	6.73E-06	9.91E-08
9151.16	6.51E-06	9.30E-08
9299.17	6.31E-06	8.73E-08
9449.58	6.11E-06	8.19E-08
9602.42	5.91E-06	7.69E-08
9757.73	5.72E-06	7.21E-08
9915.55	5.54E-06	6.77E-08
10075.9	5.36E-06	6.35E-08
10238.9	5.19E-06	5.96E-08
10404.5	5.03E-06	5.59E-08
10572.8	4.87E-06	5.25E-08
10743.8	4.71E-06	4.92E-08
10917.6	4.56E-06	4.62E-08
11094.2	4.42E-06	4.33E-08
11273.6	4.28E-06	4.06E-08
11455.9	4.14E-06	3.81E-08
11641.2	4.01E-06	3.58E-08
11829.5	3.88E-06	3.35E-08
12020.8	3.76E-06	3.15E-08
12215.3	3.64E-06	2.95E-08
12412.8	3.52E-06	2.77E-08
12613.6	3.41E-06	2.60E-08
12817.6	3.30E-06	2.43E-08
13025	3.20E-06	2.28E-08
13235.6	3.10E-06	2.14E-08
13449.7	3.00E-06	2.01E-08
13667.2	2.90E-06	1.88E-08
13888.3	2.81E-06	1.77E-08
14112.9	2.72E-06	1.66E-08
14341.2	2.63E-06	1.55E-08
14573.1	2.55E-06	1.45E-08
14808.9	2.47E-06	1.36E-08
15048.4	2.39E-06	1.28E-08
15291.8	2.32E-06	1.20E-08
15539.1	2.24E-06	1.12E-08
15790.4	2.17E-06	1.05E-08
16045.8	2.10E-06	9.87E-09
16305.4	2.04E-06	9.25E-09
16569.1	1.97E-06	8.67E-09
16837.1	1.91E-06	8.12E-09
17109.4	1.85E-06	7.61E-09
17386.1	1.79E-06	7.13E-09
17667.4	1.73E-06	6.68E-09
17953.1	1.68E-06	6.26E-09
18243.5	1.62E-06	5.86E-09
18538.6	1.57E-06	5.49E-09
18838.4	1.52E-06	5.14E-09
19143.1	1.47E-06	4.82E-09
19452.7	1.43E-06	4.51E-09
19767.4	1.38E-06	4.22E-09
20087.1	1.34E-06	3.95E-09
20412	1.30E-06	3.70E-09
20742.1	1.26E-06	3.47E-09
21077.6	1.22E-06	3.25E-09
21418.5	1.18E-06	3.04E-09
21765	1.14E-06	2.85E-09
22117	1.10E-06	2.66E-09
22474.7	1.07E-06	2.49E-09
22838.2	1.03E-06	2.34E-09
23207.6	1.00E-06	2.19E-09
23583	9.70E-07	2.05E-09
23964.4	9.39E-07	1.92E-09
24352	9.10E-07	1.79E-09
24745.9	8.81E-07	1.68E-09
25146.2	8.53E-07	1.57E-09
25552.9	8.26E-07	1.47E-09
25966.2	8.00E-07	1.38E-09
26386.1	7.75E-07	1.29E-09
26812.9	7.50E-07	1.21E-09
27246.6	7.26E-07	1.13E-09
27687.3	7.03E-07	1.06E-09
28135.1	6.81E-07	9.89E-10
28590.2	6.59E-07	9.25E-10
29052.6	6.39E-07	8.66E-10
29522.5	6.18E-07	8.10E-10
30000	5.99E-07	7.58E-10
30400	5.83E-07	7.27E-10
30800	5.68E-07	6.88E-10
31200	5.54E-07	6.52E-10
31500	5.43E-07	6.27E-10
31900	5.29E-07	5.95E-10
32300	5.16E-07	5.65E-10
32600	5.07E-07	5.43E-10
33000	4.95E-07	5.16E-10
33400	4.83E-07	4.91E-10
33800	4.72E-07	4.67E-10
34100	4.63E-07	4.50E-10
34500	4.53E-07	4.29E-10
34900	4.42E-07	4.09E-10
35300	4.32E-07	3.90E-10
35700	4.23E-07	3.72E-10
36030	4.15E-07	3.58E-10
36500	4.04E-07	3.39E-10
37000	3.93E-07	3.20E-10
37500	3.83E-07	3.03E-10
38000	3.73E-07	2.87E-10
38500	3.63E-07	2.71E-10
39000	3.54E-07	2.57E-10
39500	3.45E-07	2.44E-10
40000	3.36E-07	2.31E-10
40400	3.30E-07	2.22E-10
40800	3.23E-07	2.13E-10
41100	3.19E-07	2.06E-10
41500	3.13E-07	1.98E-10
41900	3.07E-07	1.90E-10
42300	3.01E-07	1.83E-10
43000	2.91E-07	1.71E-10
43800	2.81E-07	1.58E-10
44500	2.72E-07	1.48E-10
45300	2.62E-07	1.37E-10
46000	2.54E-07	1.29E-10
46500	2.49E-07	1.23E-10
47000	2.44E-07	1.18E-10
47500	2.39E-07	1.12E-10
48000	2.34E-07	1.08E-10
48500	2.29E-07	1.03E-10
49000	2.24E-07	9.86E-11
49500	2.20E-07	9.45E-11
50000	2.15E-07	9.05E-11
50500	2.11E-07	8.68E-11
51000	2.07E-07	8.33E-11
51500	2.03E-07	7.99E-11
52000	1.99E-07	7.68E-11
52500	1.95E-07	7.37E-11
53000	1.92E-07	7.08E-11
53500	1.88E-07	6.81E-11
54000	1.85E-07	6.55E-11
54500	1.81E-07	6.30E-11
55000	1.78E-07	6.06E-11
56000	1.72E-07	5.62E-11
56800	1.67E-07	5.29E-11
57530	1.63E-07	5.01E-11
58000	1.60E-07	4.85E-11
58500	1.57E-07	4.67E-11
59540	1.52E-07	4.34E-11
59800	1.50E-07	4.26E-11
60000	1.49E-07	4.20E-11
60800	1.46E-07	3.97E-11
61500	1.42E-07	3.79E-11
62300	1.39E-07	3.58E-11
63000	1.36E-07	3.42E-11
64000	1.31E-07	3.20E-11
65000	1.27E-07	3.00E-11
65900	1.24E-07	2.83E-11
66830	1.20E-07	2.66E-11
67400	1.18E-07	2.57E-11
68000	1.16E-07	2.48E-11
69000	1.13E-07	2.33E-11
70000	1.10E-07	2.19E-11
71000	1.07E-07	2.06E-11
72000	1.04E-07	1.95E-11
72800	1.01E-07	1.86E-11
73500	9.96E-08	1.78E-11
74200	9.77E-08	1.71E-11
74960	9.57E-08	1.64E-11
75500	9.44E-08	1.59E-11
76000	9.31E-08	1.55E-11
77110	9.05E-08	1.46E-11
78600	8.71E-08	1.34E-11
79300	8.55E-08	1.29E-11
80000	8.40E-08	1.25E-11
81500	8.10E-08	1.15E-11
83000	7.81E-08	1.07E-11
84000	7.62E-08	1.01E-11
85000	7.44E-08	9.64E-12
86500	7.19E-08	8.95E-12
88000	6.94E-08	8.33E-12
89000	6.79E-08	7.94E-12
90000	6.64E-08	7.57E-12
91500	6.42E-08	7.06E-12
93000	6.22E-08	6.59E-12
94000	6.09E-08	6.30E-12
95000	5.96E-08	6.02E-12
96500	5.77E-08	5.64E-12
98000	5.60E-08	5.28E-12
99000	5.49E-08	5.06E-12
100000	5.38E-08	4.85E-12
101500	5.22E-08	4.55E-12
103000	5.07E-08	4.28E-12
104000	4.97E-08	4.11E-12
105000	4.88E-08	3.95E-12
108000	4.61E-08	3.50E-12
110000	4.44E-08	3.24E-12
113000	4.21E-08	2.89E-12
115000	4.07E-08	2.69E-12
118000	3.86E-08	2.41E-12
120000	3.73E-08	2.24E-12
122000	3.61E-08	2.09E-12
124000	3.50E-08	1.95E-12
125500	3.41E-08	1.86E-12
127000	3.33E-08	1.77E-12
130000	3.18E-08	1.60E-12
133000	3.04E-08	1.45E-12
136000	2.91E-08	1.32E-12
139000	2.78E-08	1.21E-12
142000	2.67E-08	1.10E-12
145400	2.54E-08	1.00E-12
146000	2.52E-08	9.84E-13
146700	2.50E-08	9.64E-13
148000	2.45E-08	9.29E-13
149000	2.42E-08	9.03E-13
150000	2.39E-08	8.78E-13
154000	2.27E-08	7.87E-13
158000	2.15E-08	7.07E-13
162000	2.05E-08	6.37E-13
165000	1.97E-08	5.90E-13
169000	1.88E-08	5.34E-13
173000	1.80E-08	4.84E-13
177000	1.72E-08	4.40E-13
180000	1.66E-08	4.11E-13
185000	1.57E-08	3.67E-13
190000	1.49E-08	3.28E-13
195000	1.41E-08	2.95E-13
200000	1.34E-08	2.65E-13
205000	1.28E-08	2.40E-13
210000	1.22E-08	2.17E-13
215000	1.16E-08	1.97E-13
220000	1.11E-08	1.79E-13
226000	1.05E-08	1.60E-13
232000	9.99E-09	1.44E-13
238000	9.49E-09	1.30E-13
244700	8.98E-09	1.16E-13
252000	8.47E-09	1.03E-13
260000	7.95E-09	9.09E-14
270000	7.37E-09	7.80E-14
279200	6.90E-09	6.82E-14
290000	6.39E-09	5.85E-14
300000	5.97E-09	5.10E-14
308000	5.67E-09	4.59E-14
316500	5.37E-09	4.11E-14
320100	5.25E-09	3.93E-14
332000	4.88E-09	3.41E-14
344300	4.53E-09	2.96E-14
357000	4.22E-09	2.57E-14
370000	3.93E-09	2.24E-14
385000	3.63E-09	1.92E-14
400000	3.36E-09	1.66E-14
411100	3.18E-09	1.49E-14
411800	3.17E-09	1.48E-14
444000	2.73E-09	1.11E-14
468050	2.45E-09	9.16E-15
480000	2.33E-09	8.36E-15
500000	2.15E-09	7.20E-15
550000	1.78E-09	5.09E-15
600000	1.49E-09	3.72E-15
630000	1.35E-09	3.15E-15
661600	1.23E-09	2.67E-15
700000	1.10E-09	2.20E-15
723300	1.03E-09	1.97E-15
778900	8.86E-10	1.54E-15
800000	8.40E-10	1.42E-15
867400	7.14E-10	1.10E-15
889200	6.80E-10	1.01E-15
900000	6.64E-10	9.77E-16
964000	5.78E-10	7.87E-16
1000000	5.38E-10	7.01E-16
1004800	5.32E-10	6.89E-16
1085800	4.56E-10	5.28E-16
1120500	4.28E-10	4.81E-16
1121100	4.28E-10	4.81E-16
1173200	3.91E-10	4.21E-16
1274500	3.31E-10	3.28E-16
1332500	3.03E-10	2.87E-16
1408000	2.71E-10	2.42E-16
1500000	2.39E-10	1.99E-16
2000000	1.34E-10	8.29E-17
3000000	5.97E-11	2.45E-17
4000000	3.36E-11	1.04E-17
5000000	2.15E-11	5.35E-18
5000770	2.15E-11	5.35E-18
6000000	1.49E-11	3.11E-18
7000000	1.10E-11	1.97E-18
8000000	8.40E-12	1.32E-18
9000000	6.64E-12	9.30E-19