7	-9.3900E-01	7.0000E-03
8	-1.0740E+00	3.2000E-02
9	-1.3380E+00	1.0800E-01
10	-1.5190E+00	6.2900E-01
11	-1.2310E+00	1.1090E+00
12	-8.8500E-01	1.1710E+00
13	-6.5700E-01	1.1790E+00
14	-4.6500E-01	1.1660E+00
15	-2.9700E-01	1.1350E+00
16	-1.4900E-01	1.0780E+00
17	-3.7000E-02	9.9800E-01
18	4.7000E-02	9.1600E-01
19	1.0400E-01	8.3200E-01
20	1.4400E-01	7.7400E-01
21	1.9500E-01	7.2500E-01
22	2.3600E-01	6.5100E-01
23	2.6300E-01	5.7400E-01
24	2.7000E-01	5.0000E-01
25	2.6300E-01	4.3600E-01
26	2.5000E-01	3.9500E-01
27	2.3800E-01	3.6200E-01
28	2.2600E-01	3.3000E-01
29.3	0.109610586	0.182155937
29.7739	0.108893685	0.177306046
30.2555	0.108122708	0.172585815
30.7449	0.107309191	0.167991706
31.2421	0.106463658	0.16352163
31.7475	0.105595325	0.159170079
32.2609	0.104719767	0.154936515
32.7827	0.103847725	0.150809813
33.313	0.102979051	0.1467699
33.8518	0.102120172	0.142839009
34.3993	0.101296269	0.139013686
34.9557	0.100538466	0.13529059
35.5211	0.099923813	0.131667332
36.0956	0.099597389	0.128141519
36.6794	0.09957973	0.123738611
37.2727	0.098815254	0.11923273
37.8755	0.09776381	0.114892243
38.4882	0.096534752	0.11070986
39.1107	0.095182633	0.106681075
39.7432	0.093739429	0.102800211
40.3861	0.092228726	0.099060247
41.0393	0.090669594	0.09545511
41.7031	0.089068638	0.091969521
42.3776	0.087432485	0.088612076
43.063	0.08577442	0.085377422
43.7595	0.084103226	0.082261156
44.4673	0.08242756	0.079258877
45.1865	0.080755663	0.076366545
45.9174	0.079096392	0.073579904
46.66	0.077460777	0.070895702
47.4147	0.07588055	0.068309387
48.1816	0.074375563	0.065783325
48.9609	0.072996416	0.063209004
49.7528	0.071477204	0.060461452
50.5576	0.069796498	0.057833082
51.3753	0.068045835	0.05531928
52.2062	0.066253225	0.052914819
53.0506	0.064430743	0.050614872
53.9087	0.06258804	0.048421272
54.7806	0.060737851	0.046327163
55.6667	0.058883779	0.044323384
56.567	0.057026341	0.042406465
57.482	0.055165757	0.040572326
58.4117	0.053302461	0.038817682
59.3564	0.051430618	0.037138893
60.3165	0.049552305	0.035542262
61.2921	0.047672309	0.034018156
62.2834	0.045781366	0.032559633
63.2908	0.043855082	0.031163848
64.3145	0.041901551	0.029862206
65.3547	0.039931617	0.028619957
66.4118	0.03790408	0.027431674
67.4859	0.035785277	0.026295211
68.5775	0.033511134	0.025204201
69.6867	0.030957831	0.024160018
70.8138	0.027837222	0.023167323
71.9591	0.022988512	0.022218813
72.6	0.014797387	0.021725883
72.8	0.014504811	0.033121374
73.123	0.019386858	0.032944423
74.3057	0.022909967	0.032378072
75.5076	0.02370946	0.031856287
76.7289	0.023873825	0.031377571
77.9699	0.023776887	0.030940604
79.231	0.023560615	0.030544073
80.5125	0.023314495	0.030186742
81.8147	0.0230573	0.029818055
83.138	0.022780449	0.029481287
84.4827	0.022536523	0.029178045
85.8491	0.022442644	0.02890734
87.2377	0.022448347	0.028471697
88.6487	0.022353375	0.027836019
90.0825	0.02214842	0.027224004
91.5395	0.021901549	0.02663466
93.0201	0.021633604	0.02606702
94.5246	0.021355869	0.025520164
96.0535	0.021077751	0.024993244
97.6071	0.020808487	0.024485396
99.1858	0.020569785	0.023979079
100.79	0.020313012	0.023449428
102.42	0.020050884	0.022942053
104.077	0.019803221	0.022441865
105.76	0.01955177	0.021928517
107.471	0.019282108	0.021434733
109.209	0.019015879	0.020960113
110.975	0.01875557	0.020503596
112.77	0.018504898	0.02006408
114.594	0.018266944	0.019640937
116.448	0.018045509	0.019233271
118.331	0.017845356	0.018840858
120.245	0.017673369	0.018462429
122.19	0.017543064	0.018097559
124.166	0.017506494	0.017745746
126.175	0.017523258	0.017186533
128.215	0.017419511	0.016588458
130.289	0.017246478	0.016012121
132.397	0.017044705	0.015456847
134.538	0.01682169	0.014922209
136.714	0.016586239	0.014410885
138.925	0.01634383	0.013917988
141.172	0.016096695	0.013442719
143.456	0.015847276	0.012984372
145.776	0.01559846	0.012542549
148.134	0.015353856	0.012116426
150.53	0.015121511	0.011705473
152.964	0.014892537	0.011272642
155.439	0.014644551	0.010854934
157.953	0.014392123	0.01045319
160.507	0.014138841	0.010066764
163.103	0.013886782	0.009694851
165.742	0.013637853	0.009336895
168.422	0.013394508	0.008992638
171.146	0.013158834	0.008661301
173.915	0.012934817	0.008342351
176.727	0.012733074	0.00803557
179.586	0.012571531	0.007706475
182.491	0.012396635	0.007314209
185.442	0.012160436	0.006931855
188.442	0.011907857	0.006569488
191.489	0.011644518	0.006226252
194.587	0.011374502	0.005900915
197.734	0.011101131	0.005592722
200.932	0.01082657	0.005300669
204.182	0.01055164	0.005021857
207.485	0.010276188	0.004757752
210.84	0.010001993	0.004507651
214.251	0.009729298	0.004270674
217.716	0.00945865	0.004046251
221.237	0.009189112	0.003833665
224.816	0.008918397	0.003636829
228.452	0.008655416	0.003461289
232.147	0.008405833	0.003294304
235.902	0.008163184	0.003135454
239.717	0.007926004	0.002984977
243.595	0.007696464	0.002843866
247.535	0.007474914	0.002709471
251.538	0.007260256	0.002581459
255.607	0.007052299	0.002459495
259.741	0.006851289	0.002343327
263.942	0.006659373	0.002232665
268.211	0.006476613	0.00212405
272.549	0.006296552	0.002007722
276.957	0.006113938	0.001897697
281.437	0.005933166	0.001793606
285.989	0.005755304	0.001695186
290.615	0.005580797	0.001602149
295.315	0.005409994	0.00151423
300.092	0.005243008	0.001431125
304.945	0.005079981	0.001352595
309.878	0.004920851	0.001278358
314.89	0.004765741	0.001208205
319.983	0.004614595	0.0011419
325.158	0.004467359	0.001079236
330.418	0.004323937	0.001020005
335.762	0.004184354	0.000964028
341.192	0.004048473	0.000911128
346.711	0.003916133	0.000861124
352.319	0.003787208	0.000813865
358.017	0.003661183	0.000769205
363.808	0.003538287	0.000728891
369.692	0.00342009	0.000691264
375.672	0.003305917	0.000655576
381.748	0.00319531	0.000621737
387.922	0.003088082	0.000589624
394.197	0.002983999	0.000559126
400.573	0.002882916	0.000530202
407.052	0.002784732	0.000502773
413.635	0.00268932	0.000476763
420.326	0.002596541	0.000452098
427.124	0.00250632	0.000428715
434.032	0.002418675	0.00040654
441.052	0.002333348	0.000384744
448.186	0.002249451	0.000363796
455.435	0.002166972	0.00034401
462.802	0.002085888	0.000325298
470.287	0.00200598	0.000307603
477.894	0.00192688	0.00029087
485.623	0.001848187	0.000275047
493.478	0.001769193	0.000260067
501.459	0.001688911	0.000245828
509.57	0.001605507	0.000232241
517.812	0.001515577	0.000219356
526.187	0.001411639	0.000207204
534.698	0.001268698	0.000195754
543	0.000582723	0.000185727
543.2	0.000582953	0.000653044
543.346	0.000717131	0.000652111
552.134	0.001225692	0.000616679
561.065	0.001290153	0.000583051
570.139	0.001309717	0.00055124
579.361	0.001310418	0.000521353
588.732	0.001300914	0.000493144
598.254	0.001285184	0.000466494
607.93	0.001265362	0.000441283
617.763	0.001242821	0.00041743
627.755	0.001218483	0.000394834
637.908	0.001193022	0.000373108
648.226	0.001166511	0.000352079
658.711	0.001138839	0.000331924
669.365	0.001110234	0.000312927
680.191	0.001081095	0.00029584
691.193	0.001052533	0.00028029
702.372	0.001024867	0.000265688
713.733	0.00099781	0.000251329
725.277	0.000970763	0.000237408
737.008	0.000943934	0.000224269
748.928	0.000917497	0.000211854
761.042	0.000891498	0.000200119
773.351	0.000866035	0.000188994
785.859	0.000841081	0.000178356
798.57	0.000816503	0.000168213
811.486	0.00079237	0.000158646
824.611	0.00076872	0.000149622
837.949	0.000745565	0.000141111
851.502	0.000722898	0.000133166
865.274	0.000700791	0.000125751
879.269	0.000679333	0.000118818
893.491	0.000658484	0.000112268
907.943	0.000638228	0.000106079
922.628	0.000618571	0.000100233
937.551	0.000599479	9.46E-05
952.715	0.000580843	8.92E-05
968.124	0.000562666	8.41E-05
983.783	0.000544957	7.93E-05
999.695	0.00052772	7.47E-05
1015.86	0.000510952	7.05E-05
1032.29	0.000494664	6.65E-05
1048.99	0.000478873	6.27E-05
1065.96	0.00046351	5.91E-05
1083.2	0.000448572	5.57E-05
1100.72	0.000434055	5.25E-05
1118.52	0.000419949	4.95E-05
1136.61	0.000406244	4.67E-05
1155	0.00039292	4.40E-05
1173.68	0.000379982	4.15E-05
1192.66	0.000367407	3.91E-05
1211.95	0.000355184	3.68E-05
1231.55	0.000343301	3.47E-05
1251.47	0.000331741	3.27E-05
1271.72	0.000320487	3.08E-05
1292.29	0.000309521	2.91E-05
1313.19	0.000298829	2.74E-05
1334.43	0.000288384	2.58E-05
1356.01	0.000278165	2.43E-05
1377.94	0.000268138	2.29E-05
1400.23	0.000258258	2.16E-05
1422.88	0.000248469	2.03E-05
1445.89	0.000238683	1.92E-05
1469.28	0.000228744	1.81E-05
1493.04	0.000218358	1.70E-05
1517.19	0.000206788	1.60E-05
1541.73	0.000191205	1.51E-05
1559.5	0.0001306	1.44E-05
1559.7	0.000130584	4.89E-05
1566.67	0.000176087	4.82E-05
1592.01	0.000187257	4.56E-05
1617.76	0.000187766	4.31E-05
1643.92	0.000185846	4.08E-05
1670.51	0.000182858	3.86E-05
1697.53	0.000179305	3.65E-05
1724.99	0.000175443	3.45E-05
1752.89	0.000171398	3.26E-05
1781.24	0.000167223	3.08E-05
1810.05	0.000162989	2.91E-05
1839.32	0.000158733	2.75E-05
1869.07	0.000154487	2.60E-05
1899.3	0.000150275	2.46E-05
1930.02	0.000146111	2.32E-05
1961.24	0.000142008	2.19E-05
1992.96	0.000137973	2.07E-05
2025.2	0.000134021	1.96E-05
2057.95	0.000130162	1.85E-05
2091.24	0.00012637	1.74E-05
2125.06	0.000122661	1.64E-05
2159.43	0.000119036	1.55E-05
2194.36	0.000115496	1.46E-05
2229.85	0.000112043	1.38E-05
2265.92	0.000108676	1.30E-05
2302.57	0.000105395	1.23E-05
2339.81	0.0001022	1.16E-05
2377.66	9.91E-05	1.09E-05
2416.11	9.61E-05	1.03E-05
2455.19	9.31E-05	9.69E-06
2494.9	9.03E-05	9.14E-06
2535.26	8.75E-05	8.61E-06
2576.26	8.48E-05	8.11E-06
2617.93	8.21E-05	7.64E-06
2660.27	7.96E-05	7.20E-06
2703.3	7.71E-05	6.78E-06
2747.03	7.47E-05	6.39E-06
2791.46	7.24E-05	6.02E-06
2836.61	7.01E-05	5.67E-06
2882.49	6.79E-05	5.33E-06
2929.11	6.58E-05	5.02E-06
2976.48	6.37E-05	4.73E-06
3024.63	6.17E-05	4.45E-06
3073.55	5.98E-05	4.19E-06
3123.26	5.79E-05	3.94E-06
3173.78	5.61E-05	3.71E-06
3225.11	5.43E-05	3.49E-06
3277.27	5.26E-05	3.29E-06
3330.28	5.09E-05	3.09E-06
3384.15	4.93E-05	2.91E-06
3438.88	4.77E-05	2.74E-06
3494.5	4.62E-05	2.57E-06
3551.02	4.48E-05	2.42E-06
3608.46	4.33E-05	2.28E-06
3666.82	4.20E-05	2.14E-06
3726.13	4.06E-05	2.01E-06
3786.4	3.93E-05	1.89E-06
3847.64	3.81E-05	1.78E-06
3909.87	3.69E-05	1.67E-06
3973.11	3.57E-05	1.57E-06
4037.38	3.46E-05	1.48E-06
4102.68	3.35E-05	1.39E-06
4169.03	3.24E-05	1.31E-06
4236.46	3.14E-05	1.23E-06
4304.98	3.04E-05	1.15E-06
4374.62	2.94E-05	1.09E-06
4445.37	2.85E-05	1.02E-06
4517.27	2.76E-05	9.58E-07
4590.33	2.67E-05	9.00E-07
4664.58	2.58E-05	8.46E-07
4740.03	2.50E-05	7.95E-07
4816.69	2.42E-05	7.47E-07
4894.6	2.34E-05	7.02E-07
4973.77	2.27E-05	6.59E-07
5054.21	2.20E-05	6.19E-07
5135.96	2.13E-05	5.82E-07
5219.03	2.06E-05	5.46E-07
5303.44	1.99E-05	5.13E-07
5389.22	1.93E-05	4.82E-07
5476.39	1.87E-05	4.53E-07
5564.97	1.81E-05	4.25E-07
5654.98	1.75E-05	3.99E-07
5746.44	1.69E-05	3.75E-07
5839.39	1.64E-05	3.52E-07
5933.83	1.59E-05	3.30E-07
6029.81	1.54E-05	3.10E-07
6127.33	1.49E-05	2.91E-07
6226.44	1.44E-05	2.73E-07
6327.15	1.40E-05	2.57E-07
6429.48	1.35E-05	2.41E-07
6533.48	1.31E-05	2.26E-07
6639.15	1.27E-05	2.12E-07
6746.54	1.23E-05	1.99E-07
6855.65	1.19E-05	1.87E-07
6966.54	1.15E-05	1.76E-07
7079.22	1.11E-05	1.65E-07
7193.72	1.08E-05	1.55E-07
7310.07	1.04E-05	1.45E-07
7428.31	1.01E-05	1.36E-07
7548.45	9.77E-06	1.28E-07
7670.54	9.46E-06	1.20E-07
7794.61	9.16E-06	1.13E-07
7920.68	8.87E-06	1.06E-07
8048.79	8.58E-06	9.91E-08
8178.98	8.31E-06	9.30E-08
8311.26	8.05E-06	8.73E-08
8445.69	7.79E-06	8.19E-08
8582.29	7.54E-06	7.68E-08
8721.11	7.30E-06	7.21E-08
8862.16	7.07E-06	6.76E-08
9005.5	6.85E-06	6.34E-08
9151.16	6.63E-06	5.95E-08
9299.17	6.42E-06	5.58E-08
9449.58	6.21E-06	5.23E-08
9602.42	6.02E-06	4.91E-08
9757.73	5.82E-06	4.60E-08
9915.55	5.64E-06	4.32E-08
10075.9	5.46E-06	4.05E-08
10238.9	5.29E-06	3.80E-08
10404.5	5.12E-06	3.56E-08
10572.8	4.96E-06	3.34E-08
10743.8	4.80E-06	3.13E-08
10917.6	4.65E-06	2.94E-08
11094.2	4.50E-06	2.75E-08
11273.6	4.36E-06	2.58E-08
11455.9	4.22E-06	2.42E-08
11641.2	4.08E-06	2.27E-08
11829.5	3.95E-06	2.13E-08
12020.8	3.83E-06	1.99E-08
12215.3	3.71E-06	1.87E-08
12412.8	3.59E-06	1.75E-08
12613.6	3.48E-06	1.64E-08
12817.6	3.37E-06	1.54E-08
13025	3.26E-06	1.44E-08
13235.6	3.15E-06	1.35E-08
13449.7	3.05E-06	1.27E-08
13667.2	2.96E-06	1.19E-08
13888.3	2.86E-06	1.11E-08
14112.9	2.77E-06	1.04E-08
14341.2	2.69E-06	9.77E-09
14573.1	2.60E-06	9.15E-09
14808.9	2.52E-06	8.57E-09
15048.4	2.44E-06	8.03E-09
15291.8	2.36E-06	7.53E-09
15539.1	2.29E-06	7.05E-09
15790.4	2.21E-06	6.61E-09
16045.8	2.14E-06	6.19E-09
16305.4	2.08E-06	5.80E-09
16569.1	2.01E-06	5.43E-09
16837.1	1.95E-06	5.08E-09
17109.4	1.88E-06	4.76E-09
17386.1	1.82E-06	4.46E-09
17667.4	1.77E-06	4.18E-09
17953.1	1.71E-06	3.91E-09
18243.5	1.66E-06	3.66E-09
18538.6	1.60E-06	3.43E-09
18838.4	1.55E-06	3.21E-09
19143.1	1.50E-06	3.01E-09
19452.7	1.46E-06	2.81E-09
19767.4	1.41E-06	2.63E-09
20087.1	1.37E-06	2.46E-09
20412	1.32E-06	2.31E-09
20742.1	1.28E-06	2.16E-09
21077.6	1.24E-06	2.02E-09
21418.5	1.20E-06	1.89E-09
21765	1.16E-06	1.77E-09
22117	1.13E-06	1.66E-09
22474.7	1.09E-06	1.55E-09
22838.2	1.06E-06	1.45E-09
23207.6	1.02E-06	1.36E-09
23583	9.90E-07	1.27E-09
23964.4	9.59E-07	1.19E-09
24352	9.28E-07	1.11E-09
24745.9	8.99E-07	1.04E-09
25146.2	8.71E-07	9.75E-10
25552.9	8.43E-07	9.12E-10
25966.2	8.16E-07	8.54E-10
26386.1	7.91E-07	7.99E-10
26812.9	7.66E-07	7.47E-10
27246.6	7.41E-07	6.99E-10
27687.3	7.18E-07	6.54E-10
28135.1	6.95E-07	6.12E-10
28590.2	6.73E-07	5.73E-10
29052.6	6.52E-07	5.36E-10
29522.5	6.31E-07	5.01E-10
30000	6.11E-07	4.69E-10
