0.1250	-11.24	54.7
0.1300	-10.51	53.1
0.1350	-9.84	51.6
0.1400	-9.21	50.2
0.1450	-8.582	48.8
0.1500	-8.016	47.6
0.1550	-7.5	46.4
0.1600	-7.06	45.2
0.1650	-6.655	44.1
0.1700	-6.282	43
0.1750	-5.937	42
0.1800	-5.598	41
0.1850	-5.27	40.1
0.1900	-4.966	39.1
0.1950	-4.684	38.3
0.2000	-4.423	37.5
0.2100	-3.971	35.9
0.2200	-3.611	34.3
0.2300	-3.292	32.9
0.2400	-3.007	31.7
0.2500	-2.748	30.5
0.2600	-2.507	29.3
0.2700	-2.289	28.2
0.2800	-2.091	27.2
0.2900	-1.912	26.3
0.3000	-1.749	25.4
0.3100	-1.6	24.6
0.3200	-1.471	23.9
0.3300	-1.352	23.1
0.3400	-1.242	22.5
0.3500	-1.141	21.9
0.3600	-1.046	21.3
0.3700	-0.958	20.7
0.3800	-0.876	20.2
0.3900	-0.8	19.7
0.4000	-0.728	19.2
0.4200	-0.598	18.3
0.4400	-0.482	17.5
0.4600	-0.379	16.8
0.4800	-0.287	16.1
0.5000	-0.205	15.5
0.5200	-0.13	14.9
0.5400	-0.063	14.4
0.5600	-0.002	13.9
0.5800	0.053	13.4
0.6000	0.104	13
0.6000	0.024	15.1
0.6200	0.15	12.6
0.6400	0.193	12.2
0.6600	0.233	11.9
0.6800	0.27	11.5
0.7000	0.274	12.9
0.7200	0.335	10.9
0.7400	0.364	10.6
0.7600	0.391	10.3
0.7800	0.417	10.1
0.8000	0.441	9.81
0.8000	0.45	11.5
0.8200	0.463	9.58
0.8400	0.485	9.36
0.8600	0.507	9.15
0.8800	0.527	8.96
0.9000	0.546	8.77
0.9000	0.542	9.72
0.9200	0.564	8.59
0.9400	0.581	8.42
0.9600	0.597	8.25
0.9800	0.611	8.09
1.0000	0.628	8.77
1.1000	0.688	7.93
1.2000	0.728	7.07
1.3000	0.764	6.47
1.4000	0.79	5.88
1.5000	0.812	5.39
1.6000	0.826	4.86
1.7000	0.836	4.35
1.8000	0.84	3.8
1.9000	0.834	3.15
2.2000	0.694	2.88
2.3000	0.598	2.54
2.4000	0.392	2.12
2.5000	0.084	1.84
2.6000	-0.242	1.796
2.7000	-0.426	1.846
2.8000	-0.562	1.904
2.9000	-0.616	1.94
3.0000	-0.636	1.958
3.1000	-0.658	1.956
3.2000	-0.674	1.936
3.3000	-0.696	1.906
3.4000	-0.716	1.862
3.5000	-0.74	1.848
3.6000	-0.766	1.846
3.7000	-0.798	1.86
3.8000	-0.824	1.878
3.9000	-0.84	1.904
4.0000	-0.83	1.916
4.1000	-0.812	1.92
4.2000	-0.776	1.918
4.3000	-0.742	1.9
4.4000	-0.69	1.882
4.5000	-0.648	1.852
4.6000	-0.598	1.822
4.7000	-0.546	1.784
4.8000	-0.504	1.748
4.9000	-0.49	1.698
5.0000	-0.484	1.636
5.1000	-0.478	1.59
5.2000	-0.47	1.55
5.3000	-0.462	1.51
5.4000	-0.454	1.478
5.5000	-0.452	1.442
5.6000	-0.442	1.418
5.7000	-0.438	1.388
5.8000	-0.432	1.364
5.9000	-0.43	1.334
6.0000	-0.422	1.306
6.1990	-0.427	1.215
6.3580	-0.424	1.17
6.5260	-0.427	1.135
6.7020	-0.442	1.107
6.8880	-0.47	1.085
7.0850	-0.5	1.07
7.2930	-0.519	1.07
7.5140	-0.512	1.093
7.7490	-0.483	1.106
7.9990	-0.45	1.108
8.2660	-0.419	1.102
8.5510	-0.386	1.089
8.8560	-0.36	1.072
8.9200	-0.355	1.067
8.9840	-0.35	1.063
9.0500	-0.345	1.058
9.1170	-0.338	1.053
9.1840	-0.333	1.05
9.2530	-0.328	1.045
9.3220	-0.323	1.038
9.3930	-0.318	1.032
9.4650	-0.313	1.027
9.5370	-0.308	1.02
9.6110	-0.304	1.017
9.6860	-0.3	1.012
9.7630	-0.295	1.005
9.8400	-0.29	1
9.9190	-0.285	0.994
10.0000	-0.28	0.987
10.0800	-0.275	0.982
10.1600	-0.27	0.975
10.2500	-0.265	0.967
10.3300	-0.26	0.962
10.4200	-0.255	0.955
10.5100	-0.25	0.95
10.6000	-0.247	0.942
10.6900	-0.242	0.935
10.7800	-0.237	0.932
10.8800	-0.232	0.927
10.9700	-0.228	0.922
11.0700	-0.225	0.914
11.1700	-0.223	0.907
11.2700	-0.222	0.9
11.3700	-0.22	0.893
11.4800	-0.218	0.885
11.5900	-0.218	0.878
11.7000	-0.217	0.87
11.8100	-0.217	0.865
11.9200	-0.215	0.86
12.0400	-0.213	0.853
12.1600	-0.21	0.848
12.2800	-0.207	0.842
12.4000	-0.2	0.836
12.5200	-0.19	0.831
12.6500	-0.18	0.826
12.7800	-0.17	0.823
12.9200	-0.159	0.819
13.0500	-0.146	0.815
13.1900	-0.133	0.812
13.3300	-0.121	0.809
13.4800	-0.11	0.806
13.6200	-0.1	0.801
13.7800	-0.09	0.798
13.9300	-0.08	0.793
14.0900	-0.07	0.789
14.2500	-0.061	0.784
14.4200	-0.053	0.78
14.5900	-0.048	0.775
14.7600	-0.041	0.77
14.9400	-0.037	0.765
15.1200	-0.033	0.759
15.3100	-0.03	0.752
15.5000	-0.029	0.745
15.6900	-0.028	0.739
15.9000	-0.028	0.73
16.1000	-0.029	0.72
16.3100	-0.03	0.713
16.5300	-0.033	0.704
16.7500	-0.038	0.697
16.9800	-0.042	0.69
17.2200	-0.05	0.685
17.4600	-0.06	0.68
17.7100	-0.075	0.678
17.9700	-0.088	0.68
18.2300	-0.107	0.687
18.5100	-0.125	0.694
18.7900	-0.14	0.7
19.0700	-0.155	0.71
19.3700	-0.157	0.73
19.6800	-0.153	0.75
20.0000	-0.146	0.77
20.3300	-0.134	0.795
20.6600	-0.113	0.813
21.0100	-0.085	0.83
21.3800	-0.055	0.842
21.7500	-0.022	0.85
22.1400	0.015	0.848
22.5400	0.05	0.84
22.9600	0.085	0.825
23.3900	0.11	0.795
23.8400	0.128	0.74
24.3100	0.14	0.695
24.8000	0.15	0.645
25.3000	0.154	0.6
25.8300	0.154	0.565
26.0000	0.104	0.679
26.3800	0.145	0.548
27.0000	0.105	0.635
28.0000	0.099	0.607
29.0000	0.095	0.599
29.3000	0.1318206	0.5394446
29.7739	0.1432652	0.5481988
30.2555	0.1648349	0.5500125
30.7449	0.181071	0.5430521
31.2421	0.1971727	0.536191
31.7475	0.2203816	0.52001
32.2609	0.2296805	0.4936432
32.7827	0.2304302	0.473871
33.3130	0.2319459	0.4574599
33.8518	0.2329088	0.4416149
34.3993	0.2330844	0.4263216
34.9557	0.2325024	0.4115362
35.5211	0.2311562	0.3972432
36.0956	0.2290211	0.3834467
36.6794	0.2258847	0.3701313
37.2727	0.2215534	0.3587638
37.8755	0.2182557	0.3486743
38.4882	0.2152855	0.3388642
39.1107	0.2124051	0.3293333
39.7432	0.2094347	0.32007
40.3861	0.2061767	0.3114748
41.0393	0.2034354	0.3034501
41.7031	0.2009897	0.2956351
42.3776	0.1987471	0.2880206
43.0630	0.1967271	0.2806012
43.7595	0.1951572	0.2733757
44.4673	0.1946315	0.2657132
45.1865	0.19317	0.2566647
45.9174	0.1908541	0.247922
46.6600	0.188149	0.2394786
47.4147	0.1852434	0.2311883
48.1816	0.1818011	0.2229918
48.9609	0.1778518	0.2150842
49.7528	0.1730931	0.2074587
50.5576	0.1668225	0.2016194
51.3753	0.1621956	0.1973439
52.2062	0.1583872	0.1931585
53.0506	0.1548654	0.1890633
53.9087	0.1513925	0.1850534
54.7806	0.1473884	0.1819099
55.6667	0.1446843	0.1797894
56.5670	0.1428208	0.1776946
57.4820	0.1416368	0.1756234
58.4117	0.1412822	0.1735767
59.3564	0.1423954	0.1708308
60.3165	0.1429681	0.1669239
61.2921	0.1434027	0.1631076
62.2834	0.1445035	0.1593779
63.2908	0.1473698	0.1538724
64.3145	0.1480718	0.1467254
65.3547	0.1478274	0.1398176
66.4118	0.1467172	0.1324744
67.4859	0.144745	0.1255176
68.5775	0.1421364	0.1189256
69.6867	0.13875	0.1126803
70.8138	0.134989	0.1079196
71.9591	0.1318214	0.1037041
73.1230	0.1288483	0.09965375
74.3057	0.1257864	0.09593346
75.5076	0.1231381	0.09265969
76.7289	0.1208773	0.08949779
77.9699	0.1191779	0.08606859
79.2310	0.1170013	0.08220417
80.5125	0.1145132	0.07851242
81.8147	0.1116177	0.0749871
83.1380	0.1074689	0.07303744
84.4827	0.1074412	0.07382351
85.8491	0.1079959	0.0694781
87.2377	0.107345	0.0653061
88.6487	0.1059019	0.06074398
90.0825	0.1038715	0.05650014
91.5395	0.1016365	0.05255309
93.0201	0.09910375	0.04849194
94.5246	0.0961562	0.0447325
96.0535	0.09284084	0.04157849
97.6071	0.08977566	0.03888927
99.1858	0.0868773	0.03637402
100.7900	0.08408573	0.03402149
102.4200	0.08137243	0.0316723
104.0770	0.07858644	0.02942705
105.7600	0.07576404	0.02734137
107.4710	0.07290063	0.02540309
109.2090	0.0700305	0.02379072
110.9750	0.06734503	0.02235894
112.7700	0.0647937	0.02101314
114.5940	0.06232646	0.01974833
116.4480	0.05992323	0.01855954
118.3310	0.05758795	0.01748112
120.2450	0.05535114	0.01648157
122.1900	0.05319568	0.01553919
124.1660	0.05111469	0.01465082
126.1750	0.04911075	0.01381297
128.2150	0.04725553	0.01296942
130.2890	0.04533192	0.01203913
132.3970	0.04333199	0.01117547
134.5380	0.04121136	0.01046261
136.7140	0.03926569	0.01000077
138.9250	0.037443	0.009559334
141.1720	0.03569207	0.009137344
143.4560	0.0339696	0.008733916
145.7760	0.0322283	0.008446645
148.1340	0.03062926	0.008258592
150.5300	0.02913666	0.008074725
152.9640	0.02770162	0.00789506
155.4390	0.02629948	0.007719202
157.9530	0.02487139	0.007572715
160.5070	0.02353508	0.007575263
163.1030	0.02229289	0.007577744
165.7420	0.02111357	0.007580122
168.4220	0.01996712	0.007582656
171.1460	0.01877438	0.007647148
173.9150	0.01770572	0.007818372
176.7270	0.01674259	0.007993583
179.5860	0.01584632	0.008172592
182.4910	0.01500881	0.008355622
185.4420	0.01422618	0.008545942
188.4420	0.01349822	0.008742648
191.4890	0.01282344	0.008943994
194.5870	0.01219942	0.009149825
197.7340	0.01162857	0.009360501
200.9320	0.01112564	0.009568436
204.1820	0.01066012	0.009754834
207.4850	0.01023251	0.009944869
210.8400	0.009857566	0.01013869
214.2510	0.009587751	0.01032933
217.7160	0.009329883	0.01039769
221.2370	0.009055886	0.01046648
224.8160	0.008794718	0.01053558
228.4520	0.008556203	0.01060532
232.1470	0.008355293	0.01067546
235.9020	0.00818981	0.01070023
239.7170	0.008019912	0.01070379
243.5950	0.007852083	0.01070717
247.5350	0.007700908	0.01071068
251.5380	0.007587178	0.01071422
255.6070	0.007483712	0.01066865
259.7410	0.007373049	0.01061834
263.9420	0.007268621	0.01056828
268.2110	0.007177399	0.01051847
272.5490	0.007111856	0.01046888
276.9570	0.00708414	0.01037504
281.4370	0.007030708	0.01024422
285.9890	0.006956747	0.01011508
290.6150	0.006879946	0.00998752
295.3150	0.006803334	0.009861664
300.0920	0.00672958	0.009737303
304.9450	0.006661497	0.009614584
309.8780	0.006606402	0.009493329
314.8900	0.006557324	0.009349144
319.9830	0.00650039	0.00920035
325.1580	0.00643868	0.009053921
330.4180	0.00637795	0.008909769
335.7620	0.006320086	0.008767984
341.1920	0.00626736	0.008628458
346.7110	0.006223295	0.008491074
352.3190	0.006203006	0.008354758
358.0170	0.006174991	0.008170661
363.8080	0.006131252	0.00799062
369.6920	0.006078185	0.007814545
375.6720	0.006021608	0.007642338
381.7480	0.00596357	0.007473968
387.9220	0.005905823	0.007309296
394.1970	0.005850454	0.007148211
400.5730	0.005803507	0.006990686
407.0520	0.005762041	0.006815289
413.6350	0.005708464	0.006634061
420.3260	0.005644725	0.006457574
427.1240	0.005577432	0.006285832
434.0320	0.005508068	0.006118647
441.0520	0.005437808	0.005955892
448.1860	0.005369824	0.005797485
455.4350	0.005303995	0.005637013
462.8020	0.005232222	0.005475085
470.2870	0.005156738	0.005317844
477.8940	0.00507934	0.005165107
485.6230	0.005000916	0.005016752
493.4780	0.004921976	0.004872663
501.4590	0.004842973	0.004732724
509.5700	0.004764834	0.004596778
517.8120	0.004687001	0.004463231
526.1870	0.004608734	0.004333084
534.6980	0.004530642	0.004206711
543.3460	0.004453118	0.004084036
552.1340	0.004376449	0.003964939
561.0650	0.00430097	0.003849305
570.1390	0.004227818	0.003736539
579.3610	0.004154639	0.003624895
588.7320	0.004081727	0.003516602
598.2540	0.004009671	0.00341154
607.9300	0.003938811	0.003309618
617.7630	0.003869466	0.003210736
627.7550	0.003802008	0.00311481
637.9080	0.003737108	0.003021756
648.2260	0.003676911	0.002931476
658.7110	0.003622245	0.002835277
669.3650	0.003562622	0.002734998
680.1910	0.003497951	0.002638281
691.1930	0.003432107	0.002544964
702.3720	0.003365723	0.002454965
713.7330	0.003299211	0.002368137
725.2770	0.003232475	0.002284388
737.0080	0.003166475	0.002204516
748.9280	0.0031017	0.002127474
761.0420	0.003038075	0.00205312
773.3510	0.002975748	0.001981365
785.8590	0.002914817	0.001912123
798.5700	0.002857639	0.00184528
811.4860	0.002800619	0.001776202
824.6110	0.002742609	0.001709706
837.9490	0.002685129	0.0016457
851.5020	0.002628678	0.001584096
865.2740	0.002573458	0.001524796
879.2690	0.002523455	0.001467435
893.4910	0.00247247	0.001405152
907.9430	0.002418754	0.001345512
922.6280	0.002364836	0.001288407
937.5510	0.002311331	0.001233724
952.7150	0.002259059	0.001181362
968.1240	0.002207776	0.001129381
983.7830	0.002156315	0.001078759
999.6950	0.002104932	0.001030408
1015.8600	0.002054388	0.000984229
1032.2900	0.002006986	0.000940119
1048.9900	0.001960531	0.000893654
1065.9600	0.001911712	0.000847283
1083.2000	0.00186189	0.000803323
1100.7200	0.001811912	0.000761643
1118.5200	0.001762157	0.00072213
1136.6100	0.001712819	0.000684665
1155.0000	0.001664013	0.000649118
1173.6800	0.001615846	0.000615423
1192.6600	0.001568352	0.000583479
1211.9500	0.001521355	0.00055319
1231.5500	0.001474499	0.000524943
1251.4700	0.001429403	0.000499682
1271.7200	0.001386107	0.00047563
1292.2900	0.001344322	0.000452741
1313.1900	0.001304304	0.000430957
1334.4300	0.00126524	0.000408876
1356.0100	0.001226622	0.000387689
1377.9400	0.001188551	0.000367603
1400.2300	0.001151271	0.000348552
1422.8800	0.001114279	0.000330491
1445.8900	0.001078496	0.000314468
1469.2800	0.001044592	0.000299357
1493.0400	0.00101318	0.000284934
1517.1900	0.000981806	0.000267638
1541.7300	0.000949403	0.000251318
1566.6700	0.000916239	0.000236583
1592.0100	0.00088406	0.00022429
1617.7600	0.000853568	0.000212763
1643.9200	0.000824397	0.000201728
1670.5100	0.000795347	0.000190207
1697.5300	0.000766298	0.000179907
1724.9900	0.000738564	0.000170924
1752.8900	0.000711316	0.000161687
1781.2400	0.000684283	0.000153958
1810.0500	0.000659086	0.000147181
1839.3200	0.000634278	0.000139258
1869.0700	0.000609266	0.000132283
1899.3000	0.000585587	0.000126348
1930.0200	0.000562598	0.000119698
1961.2400	0.000538908	0.000112856
1992.9600	0.000515034	0.000106996
2025.2000	0.0004915	0.000101616
2057.9500	0.000467722	9.62E-05
2091.2400	0.000443074	9.09E-05
2125.0600	0.000416837	8.58E-05
2159.4300	0.000387706	8.10E-05
2194.3600	0.000352475	7.62E-05
2229.8500	0.000292009	9.08E-05
2265.9200	0.000280471	0.000159988
2302.5700	0.000272902	0.000163706
2339.8100	0.000275528	0.000210325
2377.6600	0.000300932	0.000215367
2416.1100	0.000315995	0.00021144
2455.1900	0.000320012	0.000203264
2494.9000	0.00032113	0.000196283
2535.2600	0.000320744	0.00018856
2576.2600	0.00031794	0.000179723
2617.9300	0.000311558	0.000171702
2660.2700	0.000306153	0.000166896
2703.3000	0.000294487	0.000159322
2747.0300	0.000285556	0.000166609
2791.4600	0.000288628	0.000166372
2836.6100	0.000289996	0.000158793
2882.4900	0.000287198	0.000152148
2929.1100	0.000284121	0.000145346
2976.4800	0.000279716	0.000137972
3024.6300	0.000274371	0.000131193
3073.5500	0.000268669	0.000124896
3123.2600	0.000261558	0.000118636
3173.7800	0.000255068	0.000115997
3225.1100	0.000251166	0.000113017
3277.2700	0.000247175	0.000107287
3330.2800	0.000242151	0.000101978
3384.1500	0.00023624	9.69E-05
3438.8800	0.000230264	0.000093242
3494.5000	0.000226297	8.98E-05
3551.0200	0.000222105	8.46E-05
3608.4600	0.000216654	8.01E-05
3666.8200	0.00021129	7.58E-05
3726.1300	0.000205963	7.19E-05
3786.4000	0.000200725	6.82E-05
3847.6400	0.000195552	6.45E-05
3909.8700	0.000190376	6.11E-05
3973.1100	0.000185252	5.78E-05
4037.3800	0.000180234	5.47E-05
4102.6800	0.000175268	5.17E-05
4169.0300	0.000170499	4.90E-05
4236.4600	0.000165414	4.59E-05
4304.9800	0.000160439	4.38E-05
4374.6200	0.000155947	4.15E-05
4445.3700	0.000151432	3.93E-05
4517.2700	0.000147041	3.71E-05
4590.3300	0.000142721	3.52E-05
4664.5800	0.000138501	3.32E-05
4740.0300	0.000134368	3.14E-05
4816.6900	0.000130323	2.97E-05
4894.6000	0.000126386	2.82E-05
4973.7700	0.000122539	2.67E-05
5054.2100	0.000118805	2.53E-05
5135.9600	0.000115234	2.40E-05
5219.0300	0.000111682	2.26E-05
5303.4400	0.000108334	2.16E-05
5389.2200	0.000105156	2.04E-05
5476.3900	0.000101898	1.92E-05
5564.9700	9.88E-05	1.82E-05
5654.9800	9.57E-05	1.72E-05
5746.4400	9.27E-05	1.63E-05
5839.3900	8.99E-05	1.54E-05
5933.8300	8.71E-05	1.45E-05
6029.8100	8.44E-05	1.38E-05
6127.3300	8.18E-05	1.30E-05
6226.4400	7.92E-05	1.23E-05
6327.1500	7.67E-05	1.16E-05
6429.4800	7.43E-05	1.09E-05
6533.4800	7.19E-05	1.03E-05
6639.1500	6.97E-05	9.73E-06
6746.5400	6.75E-05	9.18E-06
6855.6500	0.000065307	8.66E-06
6966.5400	6.32E-05	8.18E-06
7079.2200	6.12E-05	7.72E-06
7193.7200	5.92E-05	7.28E-06
7310.0700	5.73E-05	6.87E-06
7428.3100	5.55E-05	6.48E-06
7548.4500	5.37E-05	6.12E-06
7670.5400	5.20E-05	5.77E-06
7794.6100	5.03E-05	5.44E-06
7920.6800	4.87E-05	5.14E-06
8048.7900	4.71E-05	4.85E-06
8178.9800	4.56E-05	4.57E-06
8311.2600	4.41E-05	4.31E-06
8445.6900	4.26E-05	4.07E-06
8582.2900	4.12E-05	3.84E-06
8721.1100	3.99E-05	3.62E-06
8862.1600	3.86E-05	3.42E-06
9005.5000	3.73E-05	3.22E-06
9151.1600	3.61E-05	3.04E-06
9299.1700	3.49E-05	2.87E-06
9449.5800	3.37E-05	2.71E-06
9602.4200	3.26E-05	2.55E-06
9757.7300	3.15E-05	2.41E-06
9915.5500	3.04E-05	2.27E-06
10075.9000	2.94E-05	2.15E-06
10238.9000	2.84E-05	2.02E-06
10404.5000	2.74E-05	1.91E-06
10572.8000	2.65E-05	1.80E-06
10743.8000	2.55E-05	1.70E-06
10917.6000	2.46E-05	1.61E-06
11094.2000	2.37E-05	1.52E-06
11273.6000	2.28E-05	1.43E-06
11455.9000	2.19E-05	1.35E-06
11641.2000	2.09E-05	1.28E-06
11829.5000	1.96E-05	1.20E-06
11918.6000	1.55E-05	1.17E-06
11918.8000	0.000015542	2.92E-06
12020.8000	1.91E-05	2.83E-06
12215.3000	1.91E-05	2.67E-06
12412.8000	1.87E-05	2.51E-06
12613.6000	1.82E-05	2.37E-06
12817.6000	1.77E-05	2.23E-06
13025.0000	1.72E-05	2.10E-06
13235.6000	1.67E-05	1.98E-06
13449.7000	1.61E-05	1.86E-06
13667.2000	1.53E-05	1.76E-06
13733.5000	1.37E-05	1.73E-06
13733.7000	1.37E-05	2.41E-06
13888.3000	1.50E-05	2.31E-06
14112.9000	1.47E-05	2.18E-06
14341.2000	1.41E-05	2.05E-06
14352.7000	1.37E-05	2.05E-06
14352.9000	1.37E-05	2.35E-06
14573.1000	1.40E-05	2.23E-06
14808.9000	1.37E-05	2.11E-06
15048.4000	1.34E-05	2.00E-06
15291.8000	1.31E-05	1.89E-06
15539.1000	1.27E-05	1.78E-06
15790.4000	1.24E-05	1.69E-06
16045.8000	1.20E-05	1.59E-06
16305.4000	1.17E-05	1.51E-06
16569.1000	1.13E-05	1.42E-06
16837.1000	1.10E-05	1.34E-06
17109.4000	1.07E-05	1.27E-06
17386.1000	1.04E-05	1.20E-06
17667.4000	1.01E-05	1.13E-06
17953.1000	9.77E-06	1.07E-06
18243.5000	9.48E-06	1.01E-06
18538.6000	9.19E-06	9.54E-07
18838.4000	8.92E-06	9.00E-07
19143.1000	8.65E-06	8.50E-07
19452.7000	8.38E-06	8.02E-07
19767.4000	8.13E-06	7.57E-07
20087.1000	7.88E-06	7.14E-07
20412.0000	7.63E-06	6.74E-07
20742.1000	7.40E-06	6.36E-07
21077.6000	7.17E-06	6.00E-07
21418.5000	6.95E-06	5.66E-07
21765.0000	6.73E-06	5.34E-07
22117.0000	6.52E-06	5.04E-07
22474.7000	6.32E-06	4.75E-07
22838.2000	6.12E-06	4.48E-07
23207.6000	5.93E-06	4.22E-07
23583.0000	5.75E-06	3.98E-07
23964.4000	5.57E-06	3.75E-07
24352.0000	5.39E-06	3.54E-07
24745.9000	5.22E-06	3.34E-07
25146.2000	5.06E-06	3.15E-07
25552.9000	4.90E-06	2.97E-07
25966.2000	4.74E-06	2.80E-07
26386.1000	4.59E-06	2.63E-07
26812.9000	4.45E-06	2.48E-07
27246.6000	4.31E-06	2.34E-07
27687.3000	4.17E-06	2.21E-07
28135.1000	4.04E-06	2.08E-07
28590.2000	3.91E-06	1.96E-07
29052.6000	3.79E-06	1.85E-07
29522.5000	3.67E-06	1.74E-07
30000.0000	3.55E-06	1.64E-07
30400.0000	3.45E-06	1.58E-07
30800.0000	3.36E-06	1.50E-07
31200.0000	3.28E-06	1.43E-07
31500.0000	3.22E-06	1.38E-07
31900.0000	3.14E-06	1.32E-07
32300.0000	3.06E-06	1.26E-07
32600.0000	3.00E-06	1.22E-07
33000.0000	2.93E-06	1.16E-07
33400.0000	2.86E-06	1.11E-07
33800.0000	2.79E-06	1.07E-07
34100.0000	2.74E-06	1.03E-07
34500.0000	2.68E-06	9.88E-08
34900.0000	2.62E-06	9.47E-08
35300.0000	2.56E-06	9.08E-08
35700.0000	2.50E-06	8.71E-08
36030.0000	2.45E-06	8.41E-08
36500.0000	2.39E-06	8.02E-08
37000.0000	2.33E-06	7.62E-08
37500.0000	2.26E-06	7.25E-08
38000.0000	2.20E-06	6.91E-08
38500.0000	2.15E-06	6.58E-08
39000.0000	2.09E-06	6.27E-08
39500.0000	2.04E-06	5.98E-08
40000.0000	1.99E-06	5.71E-08
40800.0000	1.91E-06	5.30E-08
41500.0000	1.85E-06	4.98E-08
42300.0000	1.78E-06	4.63E-08
43000.0000	1.72E-06	4.36E-08
43800.0000	1.66E-06	4.07E-08
44500.0000	1.60E-06	3.84E-08
45300.0000	1.55E-06	3.59E-08
46000.0000	1.50E-06	3.39E-08
46400.0000	1.47E-06	3.28E-08
46800.0000	1.45E-06	3.18E-08
47200.0000	1.42E-06	3.08E-08
47673.2000	1.39E-06	2.96E-08
48200.0000	1.36E-06	2.85E-08
48800.0000	1.33E-06	2.72E-08
49400.0000	1.30E-06	2.60E-08
49700.0000	1.28E-06	2.54E-08
50000.0000	1.27E-06	2.48E-08
51000.0000	1.22E-06	2.30E-08
52000.0000	1.17E-06	2.14E-08
53000.0000	1.13E-06	1.99E-08
54000.0000	1.08E-06	1.86E-08
55000.0000	1.04E-06	1.74E-08
56000.0000	1.01E-06	1.62E-08
56800.0000	9.79E-07	1.54E-08
57530.0000	9.54E-07	1.47E-08
58000.0000	9.38E-07	1.42E-08
58500.0000	9.22E-07	1.38E-08
59540.0000	8.90E-07	1.29E-08
59800.0000	8.82E-07	1.27E-08
60000.0000	8.76E-07	1.25E-08
60800.0000	8.52E-07	1.19E-08
61500.0000	8.33E-07	1.14E-08
62300.0000	8.11E-07	1.09E-08
63000.0000	7.93E-07	1.04E-08
64000.0000	7.68E-07	9.82E-09
65000.0000	7.44E-07	9.26E-09
65900.0000	7.24E-07	8.79E-09
66830.0000	7.03E-07	8.34E-09
67100.0000	6.97E-07	8.22E-09
67400.0000	6.91E-07	8.08E-09
68000.0000	6.79E-07	7.81E-09
68500.0000	6.69E-07	7.60E-09
69000.0000	6.59E-07	7.40E-09
69500.0000	6.49E-07	7.20E-09
70000.0000	6.39E-07	7.00E-09
70500.0000	6.30E-07	6.82E-09
71000.0000	6.21E-07	6.64E-09
71500.0000	6.12E-07	6.47E-09
71800.0000	6.07E-07	6.37E-09
72000.0000	6.03E-07	6.30E-09
72400.0000	5.96E-07	6.17E-09
72800.0000	5.90E-07	6.04E-09
73200.0000	5.83E-07	5.92E-09
73500.0000	5.78E-07	5.83E-09
73900.0000	5.71E-07	5.71E-09
74200.0000	5.67E-07	5.62E-09
74600.0000	5.60E-07	5.51E-09
74960.0000	5.55E-07	5.41E-09
75200.0000	5.51E-07	5.35E-09
75500.0000	5.46E-07	5.27E-09
75800.0000	5.42E-07	5.19E-09
76000.0000	5.39E-07	5.14E-09
76300.0000	5.34E-07	5.06E-09
76600.0000	5.30E-07	4.99E-09
76900.0000	5.25E-07	4.91E-09
77010.0000	5.23E-07	4.89E-09
77110.0000	5.22E-07	4.86E-09
77300.0000	5.19E-07	4.82E-09
77500.0000	5.16E-07	4.77E-09
77700.0000	5.13E-07	4.73E-09
77900.0000	5.10E-07	4.68E-09
78100.0000	5.07E-07	4.63E-09
78300.0000	5.04E-07	4.59E-09
78450.0000	5.02E-07	4.56E-09
78600.0000	5.00E-07	4.52E-09
78700.0000	4.99E-07	4.50E-09
78800.0000	4.97E-07	4.48E-09
78900.0000	4.96E-07	4.46E-09
79000.0000	4.94E-07	4.44E-09
79080.0000	4.93E-07	4.42E-09
79150.0000	4.92E-07	4.41E-09
79230.0000	4.91E-07	4.39E-09
79300.0000	4.90E-07	4.38E-09
79400.0000	4.88E-07	4.36E-09
79500.0000	4.87E-07	4.33E-09
79600.0000	4.85E-07	4.31E-09
79700.0000	4.83E-07	4.29E-09
79780.0000	4.82E-07	4.28E-09
79850.0000	4.81E-07	4.26E-09
79920.0000	4.80E-07	4.25E-09
80000.0000	4.79E-07	4.23E-09
80040.0000	4.78E-07	4.22E-09
80080.0000	4.77E-07	4.22E-09
80150.0000	4.76E-07	4.20E-09
80190.0000	4.75E-07	4.19E-09
80230.0000	4.75E-07	4.19E-09
80260.0000	4.74E-07	4.18E-09
80300.0000	4.73E-07	4.17E-09
80350.0000	4.72E-07	4.16E-09
80400.0000	4.71E-07	4.15E-09
80450.0000	4.70E-07	4.14E-09
80470.0000	4.70E-07	4.14E-09
80500.0000	4.69E-07	4.13E-09
80540.0000	4.68E-07	4.13E-09
80580.0000	4.67E-07	4.12E-09
80620.0000	4.67E-07	4.11E-09
80650.0000	4.66E-07	4.10E-09
80670.0000	4.65E-07	4.10E-09
80690.0000	4.65E-07	4.10E-09
80710.0000	4.64E-07	4.09E-09
80730.0000	4.64E-07	4.09E-09
80745.0000	4.63E-07	4.09E-09
80760.0000	4.63E-07	4.08E-09
80780.0000	4.62E-07	4.08E-09
80800.0000	4.61E-07	4.08E-09
80815.0000	4.61E-07	4.07E-09
80830.0000	4.60E-07	4.07E-09
80840.0000	4.60E-07	4.07E-09
80850.0000	4.59E-07	4.07E-09
80865.0000	4.59E-07	4.06E-09
80880.0000	4.58E-07	4.06E-09
80890.0000	4.57E-07	4.06E-09
80900.0000	4.57E-07	4.06E-09
80910.0000	4.56E-07	4.06E-09
80915.0000	4.56E-07	4.05E-09
80920.0000	4.55E-07	4.05E-09
80928.0000	4.55E-07	4.05E-09
80935.0000	4.54E-07	4.05E-09
80939.0000	4.54E-07	4.05E-09
80943.0000	4.54E-07	4.05E-09
80946.0000	4.53E-07	4.05E-09
80950.0000	4.53E-07	4.05E-09
80954.0000	4.52E-07	4.05E-09
80958.0000	4.52E-07	4.05E-09
80962.0000	4.51E-07	4.05E-09
80965.0000	4.51E-07	4.04E-09
80969.0000	4.50E-07	4.04E-09
80972.0000	4.50E-07	4.04E-09
80974.0000	4.49E-07	4.04E-09
80976.0000	4.49E-07	4.04E-09
80978.0000	4.48E-07	4.04E-09
80980.0000	4.48E-07	4.04E-09
80981.5000	4.48E-07	4.04E-09
80983.0000	4.47E-07	4.04E-09
80984.5000	4.47E-07	4.04E-09
80986.0000	4.46E-07	4.04E-09
80987.5000	4.46E-07	4.04E-09
80989.0000	4.45E-07	4.04E-09
80990.0000	4.45E-07	4.04E-09
80991.0000	4.44E-07	4.04E-09
80992.5000	4.43E-07	4.04E-09
80994.0000	4.42E-07	4.04E-09
80995.5000	4.41E-07	4.04E-09
80997.0000	4.40E-07	4.04E-09
80998.5000	4.37E-07	4.04E-09
81000.0000	4.34E-07	4.04E-09
81001.1000	4.30E-07	4.04E-09
81002.2000	4.22E-07	4.04E-09
81002.2000	4.22E-07	4.04E-09
81002.3000	4.23E-07	7.73E-09
81002.4000	4.24E-07	1.14E-08
81002.6000	4.26E-07	1.88E-08
81003.0000	4.30E-07	3.36E-08
81003.8000	4.38E-07	6.31E-08
81004.6000	4.45E-07	4.04E-09
81005.0000	4.49E-07	4.04E-09
81005.4000	4.52E-07	4.47E-09
81006.2000	4.44E-07	9.01E-09
81007.9000	4.38E-07	1.49E-08
81008.9000	4.39E-07	2.14E-08
81010.0000	4.42E-07	2.12E-08
81011.5000	4.44E-07	2.10E-08
81013.0000	4.45E-07	2.08E-08
81014.5000	4.46E-07	2.06E-08
81016.0000	4.47E-07	2.04E-08
81017.5000	4.47E-07	2.02E-08
81019.0000	4.48E-07	2.01E-08
81020.5000	4.48E-07	2.00E-08
81022.0000	4.48E-07	1.99E-08
81023.5000	4.49E-07	1.98E-08
81025.0000	4.49E-07	1.97E-08
81026.5000	4.49E-07	1.96E-08
81028.0000	4.49E-07	1.95E-08
81029.0000	4.50E-07	1.95E-08
81030.0000	4.50E-07	1.95E-08
81031.5000	4.50E-07	1.94E-08
81033.0000	4.50E-07	1.94E-08
81035.0000	4.50E-07	1.93E-08
81038.0000	4.51E-07	1.93E-08
81040.0000	4.51E-07	1.93E-08
81043.0000	4.51E-07	1.93E-08
81045.0000	4.51E-07	1.93E-08
81050.0000	4.52E-07	1.93E-08
81055.0000	4.52E-07	1.94E-08
81060.0000	4.52E-07	1.94E-08
81065.0000	4.53E-07	1.95E-08
81070.0000	4.53E-07	1.95E-08
81078.0000	4.53E-07	1.96E-08
81085.0000	4.54E-07	1.96E-08
81093.0000	4.54E-07	1.96E-08
81100.0000	4.55E-07	1.96E-08
81108.0000	4.55E-07	1.96E-08
81115.0000	4.55E-07	1.96E-08
81123.0000	4.55E-07	1.95E-08
81130.0000	4.56E-07	1.95E-08
81135.0000	4.56E-07	1.95E-08
81140.0000	4.56E-07	1.95E-08
81150.0000	4.56E-07	1.95E-08
81165.0000	4.56E-07	1.95E-08
81180.0000	4.57E-07	1.95E-08
81190.0000	4.57E-07	1.95E-08
81200.0000	4.57E-07	1.95E-08
81215.0000	4.57E-07	1.95E-08
81230.0000	4.57E-07	1.95E-08
81240.0000	4.57E-07	1.95E-08
81250.0000	4.57E-07	1.95E-08
81270.0000	4.58E-07	1.94E-08
81300.0000	4.58E-07	1.94E-08
81320.0000	4.58E-07	1.94E-08
81350.0000	4.58E-07	1.94E-08
81380.0000	4.58E-07	1.94E-08
81400.0000	4.58E-07	1.93E-08
81420.0000	4.58E-07	1.93E-08
81450.0000	4.58E-07	1.93E-08
81470.0000	4.58E-07	1.93E-08
81500.0000	4.58E-07	1.93E-08
81520.0000	4.58E-07	1.92E-08
81550.0000	4.58E-07	1.92E-08
81600.0000	4.58E-07	1.92E-08
81650.0000	4.58E-07	1.91E-08
81700.0000	4.58E-07	1.91E-08
81750.0000	4.57E-07	1.90E-08
81800.0000	4.57E-07	1.90E-08
81850.0000	4.57E-07	1.90E-08
81900.0000	4.57E-07	1.89E-08
81950.0000	4.56E-07	1.89E-08
82000.0000	4.56E-07	1.88E-08
82050.0000	4.56E-07	1.88E-08
82100.0000	4.55E-07	1.88E-08
82200.0000	4.55E-07	1.87E-08
82280.0000	4.54E-07	1.86E-08
82350.0000	4.54E-07	1.86E-08
82420.0000	4.53E-07	1.85E-08
82500.0000	4.53E-07	1.84E-08
82600.0000	4.52E-07	1.84E-08
82700.0000	4.51E-07	1.83E-08
82800.0000	4.50E-07	1.82E-08
82900.0000	4.49E-07	1.81E-08
83000.0000	4.49E-07	1.80E-08
83100.0000	4.48E-07	1.80E-08
83200.0000	4.47E-07	1.79E-08
83300.0000	4.46E-07	1.78E-08
83400.0000	4.45E-07	1.77E-08
83500.0000	4.44E-07	1.77E-08
83600.0000	4.44E-07	1.76E-08
83700.0000	4.43E-07	1.75E-08
83850.0000	4.41E-07	1.74E-08
84000.0000	4.40E-07	1.73E-08
84150.0000	4.39E-07	1.72E-08
84300.0000	4.37E-07	1.71E-08
84400.0000	4.37E-07	1.70E-08
84500.0000	4.36E-07	1.70E-08
84650.0000	4.34E-07	1.68E-08
84800.0000	4.33E-07	1.67E-08
84900.0000	4.32E-07	1.67E-08
85000.0000	4.31E-07	1.66E-08
85300.0000	4.28E-07	1.64E-08
85500.0000	4.27E-07	1.62E-08
85800.0000	4.24E-07	1.60E-08
86000.0000	4.22E-07	1.59E-08
86300.0000	4.20E-07	1.57E-08
86500.0000	4.18E-07	1.56E-08
86800.0000	4.15E-07	1.54E-08
87000.0000	4.13E-07	1.52E-08
87300.0000	4.11E-07	1.51E-08
87500.0000	4.09E-07	1.49E-08
87800.0000	4.06E-07	1.48E-08
88000.0000	4.05E-07	1.47E-08
88300.0000	4.02E-07	1.45E-08
88500.0000	4.01E-07	1.44E-08
88800.0000	3.98E-07	1.42E-08
89000.0000	3.96E-07	1.41E-08
89300.0000	3.94E-07	1.39E-08
89500.0000	3.92E-07	1.38E-08
89800.0000	3.90E-07	1.36E-08
90000.0000	3.88E-07	1.35E-08
90400.0000	3.85E-07	1.33E-08
90800.0000	3.82E-07	1.31E-08
91200.0000	3.78E-07	1.29E-08
91500.0000	3.76E-07	1.28E-08
91900.0000	3.73E-07	1.26E-08
92300.0000	3.70E-07	1.24E-08
92700.0000	3.67E-07	1.22E-08
93000.0000	3.65E-07	1.20E-08
93300.0000	3.62E-07	1.19E-08
93500.0000	3.61E-07	1.18E-08
93800.0000	3.59E-07	1.17E-08
94000.0000	3.57E-07	1.16E-08
94300.0000	3.55E-07	1.14E-08
94500.0000	3.53E-07	1.13E-08
94800.0000	3.51E-07	1.12E-08
95000.0000	3.50E-07	1.11E-08
95400.0000	3.47E-07	1.10E-08
95800.0000	3.44E-07	1.08E-08
96200.0000	3.41E-07	1.06E-08
96500.0000	3.39E-07	1.05E-08
96900.0000	3.37E-07	1.04E-08
97300.0000	3.34E-07	1.02E-08
97700.0000	3.31E-07	1.01E-08
98000.0000	3.29E-07	9.94E-09
98300.0000	3.27E-07	9.83E-09
98500.0000	3.26E-07	9.76E-09
99000.0000	3.23E-07	9.58E-09
99500.0000	3.20E-07	9.41E-09
99800.0000	3.18E-07	9.30E-09
100000.0000	3.17E-07	9.24E-09
100400.0000	3.14E-07	9.11E-09
100800.0000	3.12E-07	8.98E-09
101200.0000	3.09E-07	8.85E-09
101500.0000	3.08E-07	8.75E-09
101900.0000	3.05E-07	8.63E-09
102300.0000	3.03E-07	8.51E-09
102700.0000	3.01E-07	8.39E-09
103000.0000	2.99E-07	8.30E-09
103500.0000	2.96E-07	8.16E-09
104000.0000	2.93E-07	8.02E-09
104500.0000	2.90E-07	7.88E-09
105000.0000	2.88E-07	7.75E-09
105400.0000	2.86E-07	7.65E-09
105800.0000	2.84E-07	7.54E-09
106200.0000	2.81E-07	7.44E-09
106500.0000	2.80E-07	7.37E-09
107300.0000	2.76E-07	7.17E-09
108000.0000	2.72E-07	7.00E-09
108500.0000	2.70E-07	6.89E-09
109000.0000	2.67E-07	6.77E-09
109500.0000	2.65E-07	6.66E-09
110000.0000	2.63E-07	6.55E-09
110800.0000	2.59E-07	6.39E-09
111500.0000	2.56E-07	6.24E-09
112300.0000	2.52E-07	6.08E-09
113000.0000	2.49E-07	5.94E-09
113500.0000	2.47E-07	5.85E-09
114000.0000	2.45E-07	5.76E-09
114500.0000	2.43E-07	5.67E-09
115000.0000	2.40E-07	5.58E-09
115800.0000	2.37E-07	5.44E-09
116500.0000	2.34E-07	5.32E-09
117300.0000	2.31E-07	5.19E-09
118000.0000	2.29E-07	5.08E-09
118500.0000	2.27E-07	5.00E-09
119000.0000	2.25E-07	4.92E-09
119500.0000	2.23E-07	4.85E-09
120000.0000	2.21E-07	4.77E-09
121000.0000	2.17E-07	4.63E-09
122000.0000	2.14E-07	4.49E-09
123000.0000	2.10E-07	4.36E-09
124000.0000	2.07E-07	4.23E-09
124800.0000	2.04E-07	4.13E-09
125500.0000	2.02E-07	4.05E-09
127000.0000	1.97E-07	3.88E-09
128500.0000	1.93E-07	3.71E-09
130000.0000	1.89E-07	3.56E-09
131500.0000	1.84E-07	3.41E-09
133000.0000	1.80E-07	3.28E-09
134500.0000	1.76E-07	3.14E-09
136000.0000	1.72E-07	3.02E-09
137500.0000	1.69E-07	2.90E-09
139000.0000	1.65E-07	2.79E-09
140500.0000	1.61E-07	2.68E-09
142000.0000	1.58E-07	2.58E-09
144000.0000	1.54E-07	2.45E-09
145400.0000	1.51E-07	2.36E-09
146000.0000	1.50E-07	2.33E-09
146700.0000	1.48E-07	2.29E-09
148000.0000	1.46E-07	2.22E-09
149000.0000	1.44E-07	2.16E-09
149500.0000	1.43E-07	2.13E-09
150000.0000	1.42E-07	2.11E-09
152000.0000	1.38E-07	2.01E-09
154000.0000	1.34E-07	1.91E-09
156000.0000	1.31E-07	1.83E-09
158000.0000	1.28E-07	1.74E-09
160000.0000	1.25E-07	1.66E-09
162000.0000	1.21E-07	1.59E-09
163500.0000	1.19E-07	1.54E-09
165000.0000	1.17E-07	1.49E-09
167000.0000	1.14E-07	1.42E-09
169000.0000	1.12E-07	1.36E-09
171000.0000	1.09E-07	1.30E-09
173000.0000	1.07E-07	1.25E-09
175000.0000	1.04E-07	1.20E-09
177000.0000	1.02E-07	1.15E-09
180000.0000	9.84E-08	1.08E-09
183000.0000	9.52E-08	1.02E-09
185000.0000	9.32E-08	9.77E-10
188000.0000	9.02E-08	9.22E-10
190000.0000	8.83E-08	8.86E-10
193000.0000	8.56E-08	8.37E-10
195000.0000	8.38E-08	8.06E-10
198000.0000	8.13E-08	7.62E-10
200000.0000	7.97E-08	7.35E-10
203000.0000	7.74E-08	6.96E-10
205000.0000	7.59E-08	6.72E-10
208000.0000	7.37E-08	6.37E-10
210000.0000	7.23E-08	6.15E-10
213000.0000	7.03E-08	5.84E-10
215000.0000	6.90E-08	5.65E-10
218000.0000	6.71E-08	5.37E-10
220000.0000	6.58E-08	5.19E-10
223000.0000	6.41E-08	4.94E-10
226000.0000	6.24E-08	4.71E-10
229000.0000	6.08E-08	4.49E-10
232000.0000	5.92E-08	4.28E-10
235000.0000	5.77E-08	4.09E-10
238000.0000	5.63E-08	3.90E-10
241000.0000	5.49E-08	3.73E-10
244700.0000	5.32E-08	3.53E-10
248000.0000	5.18E-08	3.36E-10
252000.0000	5.02E-08	3.17E-10
256000.0000	4.86E-08	2.99E-10
260000.0000	4.71E-08	2.83E-10
265000.0000	4.54E-08	2.64E-10
270000.0000	4.37E-08	2.47E-10
275000.0000	4.21E-08	2.31E-10
279200.0000	4.09E-08	2.18E-10
282000.0000	4.00E-08	2.11E-10
285000.0000	3.92E-08	2.03E-10
290000.0000	3.79E-08	1.90E-10
295000.0000	3.66E-08	1.79E-10
298000.0000	3.59E-08	1.72E-10
300000.0000	3.54E-08	1.68E-10
302000.0000	3.49E-08	1.64E-10
304000.0000	3.45E-08	1.60E-10
308000.0000	3.36E-08	1.53E-10
312000.0000	3.27E-08	1.46E-10
316500.0000	3.18E-08	1.39E-10
318000.0000	3.15E-08	1.37E-10
320100.0000	3.11E-08	1.34E-10
326000.0000	3.00E-08	1.25E-10
332000.0000	2.89E-08	1.17E-10
338000.0000	2.79E-08	1.10E-10
341000.0000	2.74E-08	1.07E-10
344300.0000	2.68E-08	1.03E-10
351000.0000	2.58E-08	9.66E-11
357000.0000	2.50E-08	9.10E-11
364000.0000	2.40E-08	8.50E-11
370000.0000	2.32E-08	8.02E-11
378000.0000	2.23E-08	7.44E-11
385000.0000	2.15E-08	6.97E-11
393000.0000	2.06E-08	6.49E-11
400000.0000	1.99E-08	6.10E-11
403000.0000	1.96E-08	5.94E-11
406000.0000	1.93E-08	5.79E-11
411100.0000	1.88E-08	5.54E-11
411800.0000	1.88E-08	5.51E-11
421000.0000	1.79E-08	5.09E-11
430000.0000	1.72E-08	4.73E-11
437000.0000	1.67E-08	4.47E-11
444000.0000	1.61E-08	4.23E-11
450000.0000	1.57E-08	4.04E-11
456000.0000	1.53E-08	3.86E-11
462000.0000	1.49E-08	3.69E-11
468050.0000	1.45E-08	3.54E-11
474000.0000	1.42E-08	3.39E-11
480000.0000	1.38E-08	3.25E-11
490000.0000	1.32E-08	3.03E-11
495000.0000	1.30E-08	2.93E-11
500000.0000	1.27E-08	2.83E-11
508000.0000	1.23E-08	2.69E-11
515000.0000	1.20E-08	2.57E-11
523000.0000	1.16E-08	2.44E-11
530000.0000	1.13E-08	2.33E-11
540000.0000	1.09E-08	2.19E-11
550000.0000	1.05E-08	2.06E-11
558000.0000	1.02E-08	1.96E-11
565000.0000	9.96E-09	1.88E-11
573000.0000	9.68E-09	1.80E-11
580000.0000	9.45E-09	1.73E-11
590000.0000	9.13E-09	1.63E-11
600000.0000	8.83E-09	1.54E-11
608000.0000	8.60E-09	1.47E-11
615000.0000	8.41E-09	1.42E-11
623000.0000	8.19E-09	1.36E-11
630000.0000	8.01E-09	1.31E-11
638000.0000	7.81E-09	1.26E-11
642000.0000	7.71E-09	1.23E-11
646000.0000	7.62E-09	1.20E-11
650000.0000	7.52E-09	1.18E-11
654000.0000	7.43E-09	1.16E-11
661600.0000	7.26E-09	1.12E-11
671000.0000	7.06E-09	1.07E-11
680000.0000	6.87E-09	1.02E-11
690000.0000	6.68E-09	9.77E-12
700000.0000	6.49E-09	9.34E-12
712000.0000	6.27E-09	8.85E-12
723300.0000	6.08E-09	8.42E-12
737000.0000	5.85E-09	7.93E-12
750000.0000	5.65E-09	7.50E-12
764000.0000	5.45E-09	7.08E-12
778900.0000	5.24E-09	6.66E-12
789000.0000	5.11E-09	6.39E-12
800000.0000	4.97E-09	6.12E-12
815000.0000	4.78E-09	5.77E-12
830000.0000	4.61E-09	5.45E-12
850000.0000	4.40E-09	5.06E-12
867400.0000	4.22E-09	4.75E-12
878000.0000	4.12E-09	4.57E-12
889200.0000	4.02E-09	4.39E-12
895000.0000	3.97E-09	4.30E-12
900000.0000	3.92E-09	4.23E-12
915000.0000	3.80E-09	4.02E-12
930000.0000	3.67E-09	3.82E-12
950000.0000	3.52E-09	3.58E-12
964000.0000	3.42E-09	3.43E-12
980000.0000	3.31E-09	3.26E-12
1000000.0000	3.18E-09	3.06E-12
1004800.0000	3.15E-09	3.02E-12
1030000.0000	3.00E-09	2.80E-12
1050000.0000	2.88E-09	2.64E-12
1070000.0000	2.78E-09	2.49E-12
1085800.0000	2.70E-09	2.38E-12
1100000.0000	2.63E-09	2.29E-12
1120500.0000	2.53E-09	2.16E-12
1121100.0000	2.53E-09	2.16E-12
1150000.0000	2.40E-09	2.00E-12
1173200.0000	2.31E-09	1.88E-12
1200000.0000	2.21E-09	1.75E-12
1220000.0000	2.13E-09	1.66E-12
1235000.0000	2.08E-09	1.60E-12
1250000.0000	2.03E-09	1.54E-12
1262000.0000	2.00E-09	1.49E-12
1274500.0000	1.96E-09	1.45E-12
1287000.0000	1.92E-09	1.40E-12
1300000.0000	1.88E-09	1.36E-12
1332500.0000	1.79E-09	1.26E-12
1370000.0000	1.69E-09	1.15E-12
1408000.0000	1.60E-09	1.06E-12
1450000.0000	1.51E-09	9.63E-13
1480000.0000	1.45E-09	9.02E-13
1490000.0000	1.43E-09	8.83E-13
1500000.0000	1.41E-09	8.64E-13
1550000.0000	1.32E-09	7.81E-13
1600000.0000	1.24E-09	7.07E-13
1650000.0000	1.17E-09	6.42E-13
1680000.0000	1.13E-09	6.07E-13
1700000.0000	1.10E-09	5.84E-13
1740000.0000	1.05E-09	5.43E-13
1780000.0000	1.00E-09	5.05E-13
1820000.0000	9.59E-10	4.70E-13
1850000.0000	9.28E-10	4.46E-13
1890000.0000	8.89E-10	4.17E-13
1930000.0000	8.53E-10	3.90E-13
1970000.0000	8.19E-10	3.65E-13
1985000.0000	8.06E-10	3.56E-13
2000000.0000	7.94E-10	3.47E-13
2030000.0000	7.71E-10	3.32E-13
2050000.0000	7.56E-10	3.22E-13
2080000.0000	7.34E-10	3.07E-13
2100000.0000	7.20E-10	2.98E-13
2150000.0000	6.87E-10	2.77E-13
2200000.0000	6.56E-10	2.58E-13
2240000.0000	6.33E-10	2.44E-13
2280000.0000	6.11E-10	2.31E-13
2320000.0000	5.90E-10	2.19E-13
2350000.0000	5.75E-10	2.10E-13
2390000.0000	5.56E-10	1.99E-13
2430000.0000	5.38E-10	1.89E-13
2500000.0000	5.08E-10	1.73E-13
2550000.0000	4.89E-10	1.62E-13
2600000.0000	4.70E-10	1.53E-13
2650000.0000	4.52E-10	1.44E-13
2700000.0000	4.36E-10	1.35E-13
2780000.0000	4.11E-10	1.23E-13
2850000.0000	3.91E-10	1.14E-13
2930000.0000	3.70E-10	1.04E-13
2970000.0000	3.60E-10	9.99E-14
3000000.0000	3.53E-10	9.67E-14
3030000.0000	3.46E-10	9.38E-14
3050000.0000	3.42E-10	9.19E-14
3100000.0000	3.31E-10	8.73E-14
3150000.0000	3.20E-10	8.31E-14
3200000.0000	3.10E-10	7.91E-14
3280000.0000	2.95E-10	7.33E-14
3350000.0000	2.83E-10	6.86E-14
3430000.0000	2.70E-10	6.37E-14
3500000.0000	2.59E-10	5.98E-14
3550000.0000	2.52E-10	5.72E-14
3600000.0000	2.45E-10	5.48E-14
3650000.0000	2.38E-10	5.24E-14
3700000.0000	2.32E-10	5.02E-14
3780000.0000	2.22E-10	4.70E-14
3850000.0000	2.14E-10	4.43E-14
3930000.0000	2.06E-10	4.15E-14
4000000.0000	1.99E-10	3.93E-14
4050000.0000	1.94E-10	3.78E-14
4100000.0000	1.89E-10	3.64E-14
4200000.0000	1.80E-10	3.38E-14
4280000.0000	1.73E-10	3.18E-14
4350000.0000	1.68E-10	3.03E-14
4430000.0000	1.62E-10	2.86E-14
4500000.0000	1.57E-10	2.72E-14
4600000.0000	1.50E-10	2.54E-14
4700000.0000	1.44E-10	2.38E-14
4850000.0000	1.35E-10	2.15E-14
5000000.0000	1.27E-10	1.96E-14
5020000.0000	1.26E-10	1.93E-14
5040500.0000	1.25E-10	1.91E-14
5170000.0000	1.19E-10	1.77E-14
5300000.0000	1.13E-10	1.64E-14
5400000.0000	1.09E-10	1.54E-14
5500000.0000	1.05E-10	1.46E-14
5600000.0000	1.01E-10	1.38E-14
5700000.0000	9.78E-11	1.30E-14
5850000.0000	9.28E-11	1.20E-14
6000000.0000	8.82E-11	1.11E-14
6100000.0000	8.54E-11	1.06E-14
6200000.0000	8.26E-11	1.01E-14
6350000.0000	7.88E-11	9.34E-15
6500000.0000	7.52E-11	8.69E-15
6600000.0000	7.29E-11	8.29E-15
6700000.0000	7.08E-11	7.91E-15
6850000.0000	6.77E-11	7.38E-15
7000000.0000	6.48E-11	6.90E-15
7100000.0000	6.30E-11	6.61E-15
7200000.0000	6.13E-11	6.33E-15
7350000.0000	5.88E-11	5.94E-15
7500000.0000	5.65E-11	5.58E-15
7600000.0000	5.50E-11	5.36E-15
7700000.0000	5.36E-11	5.15E-15
7850000.0000	5.16E-11	4.85E-15
8000000.0000	4.96E-11	4.57E-15
8100000.0000	4.84E-11	4.40E-15
8200000.0000	4.72E-11	4.24E-15
8500000.0000	4.40E-11	3.80E-15
8700000.0000	4.20E-11	3.53E-15
9000000.0000	3.92E-11	3.18E-15
9200000.0000	3.75E-11	2.97E-15
9500000.0000	3.52E-11	2.70E-15
9700000.0000	3.38E-11	2.53E-15
10000000.0000	3.18E-11	2.30E-15
