1.000000000000000000e+01 1.982761413995605126e+00 1.101342072673876071e+00
1.019552504516531499e+01 1.827934666992804269e+00 1.066324476984692238e+00
1.039487309465932086e+01 1.737134569109670013e+00 1.133474148731159037e+00
1.059811889779141758e+01 1.702338874559716331e+00 9.921443871341588672e-01
1.080533866540722343e+01 1.518728557469921858e+00 9.352448449753807402e-01
1.101661009846525019e+01 1.430144332659454287e+00 1.092953566654030650e+00
1.123201241717235632e+01 1.518211884616083029e+00 9.021515122383636509e-01
1.145162639068885824e+01 1.363841716969640849e+00 8.841734767771725068e-01
1.167553436741443207e+01 1.270015175042101596e+00 8.074668517753487151e-01
1.190382030586622264e+01 1.199430966197913673e+00 9.144492785702972304e-01
1.213656980616065084e+01 1.203958687959715723e+00 8.398931987255910947e-01
1.237387014211080682e+01 1.169202774969183345e+00 8.135818569583660453e-01
1.261581029395140341e+01 1.135576669053706578e+00 7.642240310512664614e-01
1.286248098170359278e+01 1.082133840704618599e+00 7.291430398494070930e-01
1.311397469919215197e+01 1.042655249760413794e+00 7.036545913283052123e-01
1.337038574872778618e+01 1.005375475657628304e+00 6.785521833170926609e-01
1.363181027646755439e+01 9.695009311258128148e-01 6.543472170770464613e-01
1.389834630846668695e+01 9.349447300784494708e-01 6.310315965152463180e-01
1.417009378743530057e+01 9.016576443371855376e-01 6.085721157206220866e-01
1.444715461021380598e+01 8.695922994273179718e-01 5.869368191016305358e-01
1.472963266598103793e+01 8.352011725820414068e-01 5.667577247352013625e-01
1.501763387520948356e+01 8.005640836190174303e-01 5.544111394750007582e-01
1.531126622938213444e+01 7.905257187407663810e-01 5.364653493797539863e-01
1.561063983148594403e+01 7.549881374621882912e-01 5.059430628200892732e-01
1.591586693729701807e+01 7.188362437750571710e-01 5.064680244310880708e-01
1.622706199747303302e+01 7.255225699842420273e-01 4.845440389347207555e-01
1.654434170046866015e+01 6.918448566893669049e-01 4.547308668505093410e-01
1.686782501629011577e+01 6.666109018120078833e-01 4.499335503794472113e-01
1.719763324110519065e+01 6.530697197569972356e-01 4.318380043584998385e-01
1.753389004272555241e+01 6.361428706550115164e-01 4.127578041477336646e-01
1.787672150697830986e+01 6.164158648431394827e-01 3.965794896267370584e-01
1.822625618498427968e+01 5.970869349300984563e-01 3.811971940108273560e-01
1.858262514136064425e+01 5.785279834789999187e-01 3.664235288375022326e-01
1.894596200336611247e+01 5.613889778760601246e-01 3.523434342289510357e-01
1.931640301100695822e+01 5.448082614161410264e-01 3.388012853017218773e-01
1.969408706812281551e+01 5.287664054072102049e-01 3.257765878694527939e-01
2.007915579447125154e+01 5.132446850799643467e-01 3.132496273975770573e-01
2.047175357883078917e+01 4.982250535020555926e-01 3.012014393647282073e-01
2.087202763314220277e+01 4.836901164707044787e-01 2.896137807504560735e-01
2.128012804770838429e+01 4.689150963483223467e-01 2.777979910464356550e-01
2.169620784747356979e+01 4.545946977462243521e-01 2.664110048074450621e-01
2.212042304940290549e+01 4.407513163810806711e-01 2.554725771113874888e-01
2.255293272098393942e+01 4.273681160927436107e-01 2.449653616357424513e-01
2.299389903987201222e+01 4.144288756489488135e-01 2.348726768814527188e-01
2.344348735470177658e+01 4.019179658582587300e-01 2.251784808052492703e-01
2.390186624708783114e+01 3.898203275433578807e-01 2.158673464177849610e-01
2.436920759483755106e+01 3.778755029108983865e-01 2.066376079258620269e-01
2.484568663639990405e+01 3.662653989107526042e-01 1.977034497268622959e-01
2.533148203657443887e+01 3.550437012071313014e-01 1.891294751044911016e-01
2.582677595350499899e+01 3.441966646122857076e-01 1.809016027842861030e-01
2.633175410698335028e+01 3.337110467247511036e-01 1.730062940507345604e-01
2.684660584808834471e+01 3.235740892010589564e-01 1.654305319902293070e-01
2.737152423018662972e+01 3.137734997317702668e-01 1.581618015253429543e-01
2.790670608132170472e+01 3.042974346952066478e-01 1.511880702103042817e-01
2.845235207801826505e+01 2.951344824632715080e-01 1.444977697587098431e-01
2.900866682052965828e+01 2.862736473347212152e-01 1.380797782756018055e-01
2.957585890955662578e+01 2.777043340721791487e-01 1.319234031671049079e-01
3.015414102446602840e+01 2.694163330200845530e-01 1.260183647018336961e-01
3.074373000303902614e+01 2.613998057816330212e-01 1.203547801992619071e-01
3.134484692277847628e+01 2.536452714335945546e-01 1.149231488211898827e-01
3.195771718380608917e+01 2.456086680403337941e-01 1.097405795125000333e-01
3.258257059338049544e+01 2.376688474031695142e-01 1.047792739608051082e-01
3.321964145206776919e+01 2.297649690186820137e-01 9.995304164776448730e-02
3.386916864159687890e+01 2.220666116317653871e-01 9.530537200376212881e-02
3.453139571443286826e+01 2.146409451348099406e-01 9.085056954254061568e-02
3.520657098510145744e+01 2.074779894736385744e-01 8.658099488432202673e-02
3.589494762329924527e+01 2.005681364461229521e-01 8.248930484890942827e-02
3.659678374882445695e+01 1.939021357158211001e-01 7.856844108879713906e-02
3.731234252836387810e+01 1.874710813542467824e-01 7.481161915628464776e-02
3.804189227417208485e+01 1.812663988917435909e-01 7.121231798806665347e-02
3.878570654468023804e+01 1.752798328576894993e-01 6.776426979139715812e-02
3.954406424707196521e+01 1.695034347914957662e-01 6.446145031653306712e-02
4.031724974186484189e+01 1.639295517065635643e-01 6.129806950074427607e-02
4.110555294953678640e+01 1.585232293517102042e-01 5.827621137665792150e-02
4.190926945923713021e+01 1.531947803635111127e-01 5.541342871993985147e-02
4.272870063962340481e+01 1.480554466545541403e-01 5.267184216871777930e-02
4.356415375186516314e+01 1.430982992715595925e-01 5.004660911315472749e-02
4.441594206485738283e+01 1.383166675826905945e-01 4.753307547869031757e-02
4.528438497268649598e+01 1.337041295584140421e-01 4.512676847630840704e-02
4.616980811439330523e+01 1.292545024197646053e-01 4.282338962988544578e-02
4.707254349607737254e+01 1.249618336400932506e-01 4.061880807006278127e-02
4.799292961538905899e+01 1.208203922869035690e-01 3.850905408448572487e-02
4.893131158845552875e+01 1.165386197950099567e-01 3.658180084192830250e-02
4.988804127928860055e+01 1.124114661809046539e-01 3.473734599600583617e-02
5.086347743172281355e+01 1.084353419016318848e-01 3.297167915639637181e-02
5.185798580393306878e+01 1.046046200335222359e-01 3.128164011047172149e-02
5.287193930558269983e+01 1.008263486195274949e-01 2.970212732416482523e-02
5.390571813765288312e+01 9.718365420247779274e-02 2.819193957761341116e-02
5.495970993500621660e+01 9.367574152462805614e-02 2.674644337632060484e-02
5.603430991173767950e+01 9.029755952351567472e-02 2.536304081496944252e-02
5.712992100936765638e+01 8.704424769094305792e-02 2.403923536909266523e-02
5.824695404793240527e+01 8.391112885968814161e-02 2.277262799223483611e-02
5.938582788002882040e+01 8.089370226374205386e-02 2.156091336236308845e-02
6.054696954787104346e+01 7.798763686169284115e-02 2.040187627183840183e-02
6.173081444341807611e+01 7.518876491326773048e-02 1.929338815547484293e-02
6.293780647163217878e+01 7.249307579942676494e-02 1.823340375142323486e-02
6.416839821692934720e+01 6.989671007676458159e-02 1.721995788981570824e-02
6.542305111288445119e+01 6.739595375732729265e-02 1.625116240429982928e-02
6.670223561525440914e+01 6.498104076111360650e-02 1.532991636145138170e-02
6.800643137838440566e+01 6.256599634067235016e-02 1.449884262371882448e-02
6.933612743506346021e+01 6.017731108078859525e-02 1.373134597803509632e-02
7.069182237989633677e+01 5.787959510990448031e-02 1.299716070131458692e-02
7.207402455626110793e+01 5.566938834776089667e-02 1.229494167820225844e-02
7.348325224692200663e+01 5.354336223762515279e-02 1.162339641921110618e-02
7.492003386836935874e+01 5.149831474844868140e-02 1.098128303229351302e-02
7.638490816895935609e+01 4.953116556691051359e-02 1.036740827202932425e-02
7.787842443092776534e+01 4.763895147213229736e-02 9.780625663471414349e-03
7.940114267635385659e+01 4.581882188612525914e-02 9.219833697801996936e-03
8.095363387715102022e+01 4.406803459329326766e-02 8.683974097061694306e-03
8.253648016916365293e+01 4.238395162256852755e-02 8.172030145316921956e-03
8.415027507044982258e+01 4.075378852632215859e-02 7.694267507824540525e-03
8.579562370383216319e+01 3.916578355702476227e-02 7.251095076720298453e-03
8.747314302379999162e+01 3.759106584109703914e-02 6.851406280598998887e-03
8.918346204784805309e+01 3.607783421621955922e-02 6.469283184048201310e-03
9.092722209233852482e+01 3.462372102657269163e-02 6.104012821210758923e-03
9.270507701297461267e+01 3.322644917019546007e-02 5.754910186141809665e-03
9.451769344997620692e+01 3.188382864733298183e-02 5.421317153882648093e-03
9.636575107804900142e+01 3.059375324012894234e-02 5.102601442842476243e-03
9.824994286124152154e+01 2.935419731866812862e-02 4.798155616912431858e-03
1.001709753127849183e+02 2.816321276856602676e-02 4.507396125796728388e-03
1.021295687600134983e+02 2.701272717559516368e-02 4.236960752201435372e-03
1.041264576144650960e+02 2.590468231465522728e-02 3.981963748206341323e-03
1.061623906472623560e+02 2.479943349902601762e-02 3.749225565420815764e-03
1.082381312698786644e+02 2.370657581766892272e-02 3.535301754812508745e-03
1.103544578203939039e+02 2.265812470527422268e-02 3.330875541428256030e-03
1.125121638553465431e+02 2.165233781765976001e-02 3.135559840813994387e-03
1.147120584472929608e+02 2.068754006114650879e-02 2.948982777107340882e-03
1.169549664881842830e+02 1.976212101749749359e-02 2.770787095633117560e-03
1.192417289986752991e+02 1.887453246706739113e-02 2.600629597998240471e-03
1.215732034434809208e+02 1.802328600642470052e-02 2.438180598827740728e-03
1.239502640528988024e+02 1.720221019146798286e-02 2.287732453065250467e-03
1.263738021506183742e+02 1.638699109712385762e-02 2.148863395949770789e-03
1.288447264879396243e+02 1.554338817458826398e-02 2.023470461709515975e-03
1.313639635845263172e+02 1.473607170211327540e-02 1.903680140395524242e-03
1.339324580758221828e+02 1.396358193796757435e-02 1.789263508685272211e-03
1.365511730672598674e+02 1.322451615153052117e-02 1.680000648100340608e-03
1.392210904953951456e+02 1.251752642768757390e-02 1.575680297017307109e-03
1.419432114961028333e+02 1.184131755520417308e-02 1.476099516011294922e-03
1.447185567799713510e+02 1.114663551309079750e-02 1.383475077209246704e-03
1.475481670150376772e+02 1.043602714482268039e-02 1.299646123152775092e-03
1.504331032170051401e+02 9.756038094953588258e-03 1.220824293445200125e-03
1.533744471470915016e+02 9.075313181573891122e-03 1.146229569772423381e-03
1.563733017176555222e+02 8.363612657239947665e-03 1.076320175511805144e-03
1.594307914057549453e+02 7.685984981833274277e-03 1.009572108520076852e-03
1.625480626747900885e+02 6.889676264497915717e-03 9.471894233514648606e-04
1.657262844043923451e+02 6.128359437387086509e-03 8.876808103084679602e-04
1.689666483287172412e+02 5.279157028117142762e-03 8.318029865156981000e-04
1.722703694833076611e+02 4.320759828160178860e-03 7.791097776221685318e-04
1.756386866606945887e+02 3.154999392856156805e-03 7.312943944111738141e-04
1.790728628749054963e+02 3.194904411969391907e-03 6.862308453027527290e-04
1.825741858350553457e+02 4.331668391526527669e-03 6.436128583260549828e-04
1.861439684281973257e+02 9.096620936395825169e-03 2.845066846962126996e-03
1.897835492116147407e+02 6.663349722675597150e-03 1.412633929486159859e-02
1.934942929147382529e+02 8.004520152307776845e-03 2.329697661993980484e-02
1.972775909508767427e+02 1.100041404878885319e-02 8.735511546173609435e-03
2.011348619389541170e+02 8.226600818331087500e-03 7.495283340542857088e-03
2.050675522354474651e+02 7.535302214828109094e-03 6.914386006475474467e-03
2.090771364767251157e+02 7.205320957504135308e-03 6.473739363531869594e-03
2.131651181319898001e+02 7.000343014302586910e-03 6.117970365239774541e-03
2.173330300670324959e+02 6.845583832871919572e-03 5.789067943795451684e-03
2.215824351190096309e+02 6.725572991678597720e-03 5.488666449621521989e-03
2.259149266824581446e+02 6.608165572850475435e-03 5.197869786910012772e-03
2.303321293067687918e+02 6.484418365135683447e-03 4.919129241797519023e-03
2.348356993053417057e+02 6.353010887755162865e-03 4.652840091837389357e-03
2.394273253766522203e+02 6.224391380239167534e-03 4.398189716819333323e-03
2.441087292374602953e+02 6.079607695830358503e-03 4.140219568489712440e-03
2.488816662684004086e+02 5.918927535628764475e-03 3.893451866895219268e-03
2.537479261721952071e+02 5.753686559517959785e-03 3.656939450771175271e-03
2.587093336447375123e+02 5.539025624659709747e-03 3.428942555754484461e-03
2.637677490592951699e+02 5.403325438893892205e-03 3.212402704306999493e-03
2.689250691640923492e+02 5.335448074065054884e-03 3.008451032795537647e-03
2.741832277935318416e+02 5.389057527004509525e-03 2.816618249054683460e-03
2.795441965933220558e+02 5.781081482851883890e-03 3.270102116431583116e-03
2.850099857597832056e+02 5.015686767527542493e-03 4.248589180245122311e-03
2.905826447936079262e+02 5.764303017554963694e-03 4.179055677172435410e-03
2.962642632683606507e+02 5.266403953051777484e-03 2.981785418022108499e-03
3.020569716140021796e+02 4.981180955975824526e-03 2.777504046772843061e-03
3.079629419157346319e+02 4.809023394367732858e-03 2.603739556844392525e-03
3.139843887284663424e+02 4.672003820195861842e-03 2.445412592963098000e-03
3.201235699072000784e+02 4.537737142824039942e-03 2.297526583697469520e-03
3.263827874536588070e+02 4.413822993377465760e-03 2.157625269992447491e-03
3.327643883794646626e+02 4.292618651041037701e-03 2.025317927535813783e-03
3.392707655861949547e+02 4.174314640805280516e-03 1.899453651617968300e-03
3.459043587626461544e+02 4.052710103815983754e-03 1.779681495321171637e-03
3.526676552996407281e+02 3.933710132782478573e-03 1.665343826687999858e-03
3.595631912227215707e+02 3.813630363499920413e-03 1.557979152301192409e-03
3.665935521430823201e+02 3.696426194256710162e-03 1.455342020649487856e-03
3.737613742270911530e+02 3.580284798437711764e-03 1.359422532523768892e-03
3.810693451847713504e+02 3.463436169073630388e-03 1.270010002561603075e-03
3.885202052776082837e+02 3.349537331461047065e-03 1.185099113568902551e-03
3.961167483460624794e+02 3.236688312406962864e-03 1.107207759649419566e-03
4.038618228571726831e+02 3.127046513966375615e-03 1.034219582503755151e-03
4.117583329726421653e+02 3.020671572436899478e-03 9.650028239211406924e-04
4.198092396378092985e+02 2.916754661605724334e-03 9.000572683330035004e-04
4.280175616919092363e+02 2.813879284183785478e-03 8.416026785168619420e-04
4.363863770000450586e+02 2.714224520733120576e-03 7.861584939856037417e-04
4.449188236072913583e+02 2.618078507283943396e-03 7.336300907513779645e-04
4.536181009153627883e+02 2.525189367468616899e-03 6.837828881638934172e-04
4.624874708822906655e+02 2.434816431587785279e-03 6.373693421494740522e-04
4.715302592455559534e+02 2.346407976880925984e-03 5.958344452944544685e-04
4.807498567691359312e+02 2.260849116793513768e-03 5.564432900263328093e-04
4.901497205149363481e+02 2.178419428279156946e-03 5.189419775292570614e-04
4.997333751390813177e+02 2.098785767473801238e-03 4.833942707676295637e-04
5.095044142135497509e+02 2.021837220173482164e-03 4.496028523773333845e-04
5.194665015736529767e+02 1.947083622115826579e-03 4.185663232806253499e-04
5.296233726918586626e+02 1.874292181690473923e-03 3.910297555127812828e-04
5.399788360784768884e+02 1.804134391058325685e-03 3.649063783870034445e-04
5.505367747097327538e+02 1.736376032735091309e-03 3.403160389114825014e-04
5.613011474837612695e+02 1.671176752656775791e-03 3.168655667172476701e-04
5.722759907050717629e+02 1.608300742916659622e-03 2.946904215723226907e-04
5.834654195980352824e+02 1.547600858105595365e-03 2.738161295516230867e-04
5.948736298499658233e+02 1.489086838772909994e-03 2.544227130861753650e-04
6.065048991843727890e+02 1.432480277031207951e-03 2.373181943952703686e-04
6.183635889649738147e+02 1.377885637267386781e-03 2.212320541169130979e-04
6.304541458310701501e+02 1.325195506386581904e-03 2.061680935532098655e-04
6.427811033648981720e+02 1.274499657749695539e-03 1.918040935777470682e-04
6.553490837915813927e+02 1.225718026020264275e-03 1.781110151986752205e-04
6.681627997123210889e+02 1.178784045916959899e-03 1.654693122653960876e-04
6.812270558714747040e+02 1.133635852111088528e-03 1.542113416183095323e-04
6.945467509581847025e+02 1.090032315913344206e-03 1.437761323663679482e-04
7.081268794432369305e+02 1.048013371487127501e-03 1.339486443775407185e-04
7.219725334518283262e+02 1.007588173983831048e-03 1.245782017632210924e-04
7.360889046729569145e+02 9.686999115095223239e-04 1.156458369539647328e-04
7.504812863061436019e+02 9.312939307845103688e-04 1.071333336994153418e-04
7.651550750462170072e+02 8.953345525204392487e-04 9.956233292263880457e-05
7.801157731069051806e+02 8.607117245280276408e-04 9.275480264092545747e-05
7.953689902839953447e+02 8.273652285375236943e-04 8.642248806003638938e-05
8.109204460588323400e+02 7.952993400178733031e-04 8.038458703824037362e-05
8.267759717429453303e+02 7.644663203962843686e-04 7.462888258285317329e-05
8.429415126646091494e+02 7.348202500983938871e-04 6.914364160242402022e-05
8.594231303981553083e+02 7.063205130995896990e-04 6.402333674551616294e-05
8.762270050368770171e+02 6.789188889979864798e-04 5.964454712055889378e-05
8.933594375103673428e+02 6.525579444863666189e-04 5.557880147290158437e-05
9.108268519471749869e+02 6.272156252912845483e-04 5.170202226830222022e-05
9.286357980836503430e+02 6.028529300706590190e-04 4.800636917891459209e-05
9.467929537198938306e+02 5.794323453890045652e-04 4.448431240533474518e-05
9.653051272237222520e+02 5.569177890833320764e-04 4.112862063699552828e-05
9.841792600835951816e+02 5.352773924992223781e-04 3.819466091100915534e-05
1.003422429511456244e+03 5.144719486273636880e-04 3.558450018767729127e-05
1.023041851096467553e+03 4.944723690977607423e-04 3.309572394342011131e-05
1.043044881510632422e+03 4.752481022188360439e-04 3.072329476430277987e-05
1.063439021267313819e+03 4.567697627181355473e-04 2.846237477037975131e-05
1.084231917533699288e+03 4.390090874582499767e-04 2.630831787913744075e-05
1.105431366998244130e+03 4.219422753410509235e-04 2.440996012583806981e-05
1.127045318794193463e+03 4.055424309397532841e-04 2.266958693117359760e-05
1.149081877480252160e+03 3.897838211870494497e-04 2.106625485722283430e-05
1.171549306079548614e+03 3.746388582670724296e-04 1.954826053771889803e-05
1.194456029178009203e+03 3.600839106998587609e-04 1.811558235794600715e-05
1.217810636083309873e+03 3.460962502131547758e-04 1.676820989277850091e-05
1.241621884045609477e+03 3.326545929289347276e-04 1.552132150580469181e-05
1.265898701541234914e+03 3.197377807280327383e-04 1.437412485131970559e-05
1.290650191620592295e+03 3.073257328310311583e-04 1.333806234666782177e-05
1.315885635321515338e+03 2.953980317567063613e-04 1.237121135211720810e-05
1.341614495149379081e+03 2.839358061715379711e-04 1.147005344780465239e-05
1.367846418625230854e+03 2.729209062529104526e-04 1.063121473010200969e-05
1.394591241903322953e+03 2.623351551224406509e-04 9.848603859690113901e-06
1.421858993459352178e+03 2.521615914992454037e-04 9.118848670404283311e-06
1.449659897850836160e+03 2.423860366546747719e-04 8.448389665373780781e-06
1.478004379551000284e+03 2.329920316470394893e-04 7.827859996457312442e-06
1.506903066857623799e+03 2.239646568074119784e-04 7.253690915788155557e-06
1.536366795878333505e+03 2.152895628909029611e-04 6.722457787491715210e-06
1.566406614593792938e+03 2.069533998087244933e-04 6.227722931600261718e-06
1.597033787000363873e+03 1.989425950814425038e-04 5.768997348460300856e-06
1.628259797333741062e+03 1.912443498386826816e-04 5.343370266054176103e-06
1.660096354375196370e+03 1.838463992611229572e-04 4.949001028350372944e-06
1.692555395841994141e+03 1.767369330040483521e-04 4.584338507302643514e-06
1.725649092863675605e+03 1.699046246845803410e-04 4.247164145580788922e-06
1.759389854545840535e+03 1.633377180106493614e-04 3.933444865226413510e-06
1.793790332623186714e+03 1.570261106197736736e-04 3.642038395610581657e-06
1.828863426203513200e+03 1.509604570950669341e-04 3.371593945061068529e-06
1.864622286604475903e+03 1.451310765089085600e-04 3.121117285580671562e-06
1.901080322284936074e+03 1.395286641431846308e-04 2.889605962377877560e-06
1.938251203872700671e+03 1.341443034881849359e-04 2.675639653464040655e-06
1.976148869290595485e+03 1.289692595210473029e-04 2.476438302552796512e-06
2.014787528982737513e+03 1.239954313809835411e-04 2.291770880332714174e-06
2.054181671243024539e+03 1.192149895112298586e-04 2.120769702420274119e-06
2.094346067647779364e+03 1.146203561487183561e-04 1.962374215465142008e-06
2.135295778594643707e+03 1.102042659180544395e-04 1.816054793646831928e-06
2.177046158949744949e+03 1.059597127238614080e-04 1.680901500907002892e-06
2.219612863805306461e+03 1.018794860022986180e-04 1.555147921319177924e-06
2.263011854349812438e+03 9.795752776868514307e-05 1.438784359133035636e-06
2.307259403852950527e+03 9.418771138302446634e-05 1.331177069447639755e-06
2.352372103767596400e+03 9.056398925998966046e-05 1.231348682143870195e-06
2.398366869951074023e+03 8.708077120749401086e-05 1.139175275064277333e-06
2.445260949008093121e+03 8.373254935117105662e-05 1.054071779218095747e-06
2.493071924757670786e+03 8.051372447109478889e-05 9.746315399291410493e-07
2.541817724826534231e+03 7.741954482695867978e-05 9.012517547130175750e-07
2.591516627371403956e+03 7.444514278068566765e-05 8.334075794934890205e-07
2.642187267932748000e+03 7.158582608565727682e-05 7.705331437687217050e-07
2.693848646422527054e+03 6.883711867007285125e-05 7.124941688048969505e-07
2.746520134248554314e+03 6.619456272093120945e-05 6.587467533006772343e-07
2.800221481578195835e+03 6.365398644453745878e-05 6.089234964493318195e-07
2.854972824744040281e+03 6.121158347837494401e-05 5.629437738395480466e-07
2.910794693794424347e+03 5.886350115048038281e-05 5.204703516428744528e-07
2.967708020191534615e+03 5.660600704034248414e-05 4.811324862507191445e-07
3.025734144660078073e+03 5.443565278205425800e-05 4.448387407680497060e-07
3.084894825189366657e+03 5.234893886184029626e-05 4.110943966318409668e-07
3.145212245191908096e+03 5.034267337115312158e-05 3.798576344411898772e-07
3.206709021821471197e+03 4.841377122953186241e-05 3.510448262503703217e-07
3.269408214453836081e+03 4.655920915344224540e-05 3.243956909082718435e-07
3.333333333333332121e+03 4.477609553933267029e-05 2.997385008442941399e-07
3.398508348388435479e+03 4.306166762095033074e-05 2.769976363978990801e-07
3.464957698219772283e+03 4.141308080808350962e-05 2.558508232830806599e-07
3.532706299263802975e+03 3.982794282234774428e-05 2.363331934824556612e-07
3.601779555135740338e+03 3.830380885353785466e-05 2.183375105973004784e-07
3.672203366155080857e+03 3.683828295835193495e-05 2.017060884473634104e-07
3.744004139057451994e+03 3.542910125811411933e-05 1.863447732107005730e-07
3.817208796896284184e+03 3.407406716833771110e-05 1.721289024480673870e-07
3.891844789138144733e+03 3.277105911061615681e-05 1.589287852099031760e-07
3.967940101955405680e+03 3.151812138097866514e-05 1.467597345425731614e-07
4.045523268720213309e+03 3.031331179954678271e-05 1.355309410544156155e-07
4.124623380703600560e+03 2.915475090639788901e-05 1.251282692464815619e-07
4.205270097983797314e+03 2.804067311602663769e-05 1.155397052175537582e-07
4.287493660567863117e+03 2.696930582976432033e-05 1.066451003191687694e-07
4.371324899730714606e+03 2.593903983968395407e-05 9.843310340355489330e-08
4.456795249575928210e+03 2.494830177416904442e-05 9.086600019526552712e-08
4.543936758822515912e+03 2.399555375597010802e-05 8.388185836115425261e-08
4.632782102822228808e+03 2.307933259290737802e-05 7.743855461638960090e-08
4.723364595811764957e+03 2.219822109736014327e-05 7.147753673743472972e-08
4.815718203404601809e+03 2.135086015791618069e-05 6.595299801072435137e-08
4.909877555327010668e+03 2.053596989818041828e-05 6.086409873019586260e-08
5.005877958403156299e+03 1.975229881567065635e-05 5.617737919467546072e-08
5.103755409794042862e+03 1.899863009460591633e-05 5.183191763484185066e-08
5.203546610495310233e+03 1.827381824983286958e-05 4.782647051892233918e-08
5.305288979099004791e+03 1.757671833803971232e-05 4.410954356913320224e-08
5.409020665824340540e+03 1.690630081924860748e-05 4.068651395802220806e-08
5.514780566822886612e+03 1.626153937922793983e-05 3.753510904557846895e-08
5.622608338763368010e+03 1.564144048972126855e-05 3.463039639151390152e-08
5.732544413701730264e+03 1.504505206280610021e-05 3.195079700873853866e-08
5.844630014241847675e+03 1.447145979991940919e-05 2.946990177859403844e-08
5.958907168992769584e+03 1.391979173770353212e-05 2.717634280493418335e-08
6.075418728328090765e+03 1.338921475881806106e-05 2.506546900390285359e-08
6.194208380453542304e+03 1.287891890061635030e-05 2.312292348562844005e-08
6.315320667788701030e+03 1.238812111482469771e-05 2.132405900936577086e-08
6.438801003668982048e+03 1.191607562245700394e-05 1.966745990007365154e-08
6.564695689374270842e+03 1.146204505748595379e-05 1.812827379822210418e-08
6.693051931490413153e+03 1.102535783347846876e-05 1.671170555024084750e-08
6.823917859610262894e+03 1.060534898014885347e-05 1.540828654920026119e-08
6.957342544380730033e+03 1.020137492776700237e-05 1.420583696727266948e-08
7.093376015902794279e+03 9.812823764133861388e-06 1.309855842456762010e-08
7.232069282491185731e+03 9.439098297310914495e-06 1.207330856736808788e-08
7.373474349800968412e+03 9.079635704935693779e-06 1.112821201366673288e-08
7.517644240327977059e+03 8.733891781282646503e-06 1.025888385298735082e-08
7.664633013290663257e+03 8.401339833049006260e-06 9.457741966092409067e-09
7.814495784900590479e+03 8.081473514167623477e-06 8.717862057636108472e-09
7.967288749029271457e+03 7.773803860885606862e-06 8.032653709112407235e-09
8.123069198279181364e+03 7.477867334586191158e-06 7.400319752736251700e-09
8.281895545466628391e+03 7.193217684523658846e-06 6.818854342569539565e-09
8.443827345524812699e+03 6.919423112172248560e-06 6.284262458794685525e-09
8.608925317834993621e+03 6.656066128803452732e-06 5.791194138735980728e-09
8.777251368994449876e+03 6.402746598989941346e-06 5.335900302646893838e-09
8.948868616029441910e+03 6.159080574999581123e-06 4.915383596915485214e-09
9.123841410062210343e+03 5.924702448487191103e-06 4.528787409553311171e-09
9.302235360440565273e+03 5.699257282265292892e-06 4.173454077246729201e-09
9.484117359339412360e+03 5.482402508819576807e-06 3.845705458614122979e-09
9.669555606843216083e+03 5.273809922662190461e-06 3.543375236334120103e-09
9.858619636518867992e+03 5.073162176147668328e-06 3.262907513369040593e-09
1.005138034148867337e+04 4.880158787813807219e-06 3.005099080324959899e-09
1.024791000101300233e+04 4.694507890482986806e-06 2.768184140602362936e-09
1.044828230759282451e+04 4.515928310855529353e-06 2.550150149720849264e-09
1.065257239460202254e+04 4.344149603606646785e-06 2.349098048916966513e-09
1.086085686446016371e+04 4.178910429482084941e-06 2.162853859472141373e-09
1.107321381735591785e+04 4.019963324982083874e-06 1.991377049498942886e-09
1.128972288053228294e+04 3.867068792491506197e-06 1.833827034268218118e-09
1.151046523814428656e+04 3.719995898847922869e-06 1.689094314183965746e-09
1.173552366170047753e+04 3.578521612920387446e-06 1.555535031989538505e-09
1.196498254109974368e+04 3.442432147024547969e-06 1.432154215977696177e-09
1.219892791627480983e+04 3.311522799591498551e-06 1.318509956323305900e-09
1.243744750945462329e+04 3.185596584340703691e-06 1.214133749507676761e-09
1.268063075805735207e+04 3.064463506281491513e-06 1.118284843109736959e-09
1.292856884822674328e+04 2.947940491082052717e-06 1.029972949297806399e-09
1.318135474902397982e+04 2.835851178548294125e-06 9.481403837012573213e-10
1.343908324728828302e+04 2.728026825004288714e-06 8.724802607168680028e-10
1.370185098317892334e+04 2.624305597941514696e-06 8.029896890830245889e-10
1.396975648641236330e+04 2.524531143726666738e-06 7.391837919860166590e-10
1.424290021320779488e+04 2.428552963965798904e-06 6.805507247411512143e-10
1.452138458395504131e+04 2.336225878686602186e-06 6.264040735390591251e-10
1.480531402161912229e+04 2.247410644382688148e-06 5.763540675670198836e-10
1.509479499089548881e+04 2.161974258116192396e-06 5.303968667793259253e-10
1.538993603813109985e+04 2.079788028748389777e-06 4.882109141329300030e-10
1.569084783202578183e+04 2.000728135124831329e-06 4.494734554826965264e-10
1.599764320512968152e+04 1.924675128133007845e-06 4.136668448102798573e-10
1.631043719615183363e+04 1.851514578690058178e-06 3.806253286223774131e-10
1.662934709309620303e+04 1.781136682516846648e-06 3.502932677951054356e-10
1.695449247724092857e+04 1.713435494452205250e-06 3.224529806980485133e-10
1.728599526797767248e+04 1.648309095120655205e-06 2.968955571228525199e-10
1.762397976852756256e+04 1.585659040968404282e-06 2.731486878191831263e-10
1.796857271255094747e+04 1.525391369175440606e-06 2.512672350049297270e-10
1.831990331166873511e+04 1.467415493165147393e-06 2.311734722185453337e-10
1.867810330391254683e+04 1.411644166595036706e-06 2.127228128059040388e-10
1.904330700312255067e+04 1.357993440630733645e-06 1.957301695694681432e-10
1.941565134931079228e+04 1.306382535693882362e-06 1.800482731124982365e-10
1.979527596000960330e+04 1.256733902284490333e-06 1.656454307305075520e-10
2.018232318262366607e+04 1.208972796661224819e-06 1.524130726422539528e-10
2.057693814780602770e+04 1.163026940140311454e-06 1.402166777671957712e-10
2.097926882387738442e+04 1.118827765884035382e-06 1.289858572949654120e-10
2.138946607230976588e+04 1.076308879110505921e-06 1.186575540513512728e-10
2.180768370429481001e+04 1.035406470449929116e-06 1.091471243344948306e-10
2.223407853841811448e+04 9.960590371995438506e-07 1.004014299866672269e-10
2.266881045946146332e+04 9.582074122726399849e-07 9.235228291099372715e-11
2.311204247835446949e+04 9.217947224587046846e-07 8.494603065934040317e-11
2.356394079329877422e+04 8.867662291196438517e-07 7.814346544456810832e-11
2.402467485208702419e+04 8.530692707639407626e-07 7.189259865515343464e-11
2.449441741564066979e+04 8.206531127571448506e-07 6.611459431982307093e-11
2.497334462278977662e+04 7.894691505577414718e-07 6.080887415041085587e-11
2.546163605631978498e+04 7.594705025387464438e-07 5.593545792211444228e-11
2.595947481030924973e+04 7.306120431632294974e-07 5.143540846002350603e-11
2.646704755878459400e+04 7.028504562057514334e-07 4.729841016460941426e-11
2.698454462571699696e+04 6.761440193262381134e-07 4.349351615692787557e-11
2.751216005638786010e+04 6.504526040205737692e-07 3.999711636141996691e-11
2.805009169014993677e+04 6.257376183887809017e-07 3.678368514441113236e-11
2.859854123461070776e+04 6.019619393281928856e-07 3.383086644625696450e-11
2.915771434126665918e+04 5.790898195897017020e-07 3.110202789061820686e-11
2.972782068261599852e+04 5.570869139291181619e-07 2.859747545798444976e-11
3.030907403077950221e+04 5.359201177771809441e-07 2.629744448182007955e-11
3.090169233765819081e+04 5.155577283582310478e-07 2.418396631399709744e-11
3.150589781665870760e+04 4.959691611348437681e-07 2.223692845020502261e-11
3.212191702601632278e+04 4.771250087292203341e-07 2.044664660203916579e-11
3.274998095374714103e+04 4.589969721597354269e-07 1.880098821704139809e-11
3.339032510426162480e+04 4.415578256050107422e-07 1.728769068752686016e-11
3.404318958667113475e+04 4.247813637309883122e-07 1.589145017507203964e-11
3.470881920482168061e+04 4.086424109386291767e-07 1.460861297783945900e-11
3.538746354908741341e+04 3.931167342099376191e-07 1.343047891754152257e-11
3.607937708995956200e+04 3.781810253568482852e-07 1.234893238375550941e-11
3.678481927346462180e+04 3.638128568992667267e-07 1.135549316660958911e-11
3.750405461844885576e+04 3.499906354865814116e-07 1.043574289411605728e-11
3.823735281576430134e+04 3.366936299478338531e-07 9.590728319892863014e-12
3.898498882939472242e+04 3.239018820190790264e-07 8.815582482184763270e-12
3.974724299955841707e+04 3.115961883323700641e-07 8.104780976805967399e-12
4.052440114782693854e+04 2.997580750526157649e-07 7.453022342636726394e-12
4.131675468429958710e+04 2.883697521402302032e-07 6.850210005024348506e-12
4.212460071687275195e+04 2.774141372545180142e-07 6.295335459632788754e-12
4.294824216264652205e+04 2.668747926646154808e-07 5.786689736831508923e-12
4.378798786150873639e+04 2.567358984090617016e-07 5.320562396999209944e-12
4.464415269194073335e+04 2.469822355173434909e-07 4.893392647966461210e-12
4.551705768908660684e+04 2.375991518276670749e-07 4.498281963725211619e-12
4.640703016513172042e+04 2.285725684902819524e-07 4.133588124477235270e-12
4.731440383203425154e+04 2.198889458898254523e-07 3.799300386723432096e-12
4.823951892665707419e+04 2.115352511262011910e-07 3.492964314457928995e-12
4.918272233834587678e+04 2.034989464066051471e-07 3.212224428447748114e-12
5.014436773900167464e+04 1.957679631935569095e-07 2.952800913903228526e-12
5.112481571569715015e+04 1.883307010090537711e-07 2.713278173024027159e-12
5.212443390588513284e+04 1.811760045704958758e-07 2.493715166213308317e-12
5.314359713525162806e+04 1.742931367989044572e-07 2.292516796098494175e-12
5.418268755826334382e+04 1.676717685032889510e-07 2.108152317438937696e-12
5.524209480146412534e+04 1.613019595065252864e-07 1.938194359358746422e-12
5.632221610957239318e+04 1.551741494415991132e-07 1.780906695882617266e-12
5.742345649443590082e+04 1.492791483874519585e-07 1.636735172563580090e-12
5.854622888689817773e+04 1.436081104283968656e-07 1.504636711985082552e-12
5.969095429163512017e+04 1.381525256916249839e-07 1.383610333854296761e-12
6.085806194501842401e+04 1.329042063201387126e-07 1.272343903503641259e-12
6.204798947606571892e+04 1.278552735817775786e-07 1.169015163226608128e-12
6.326118307053823082e+04 1.229981565683163696e-07 1.074302325660941852e-12
6.449809763824602851e+04 1.183255672792751019e-07 9.875233631088717142e-13
6.575919698362555937e+04 1.138304945727084228e-07 9.080237821203517907e-13
6.704495397965134180e+04 1.095061931877953306e-07 8.350595001413604333e-13
6.835585074514916050e+04 1.053461718931378049e-07 7.673203946174227990e-13
6.969237882557501143e+04 1.013441921595968287e-07 7.051628064803158810e-13
7.105503937732992927e+04 9.749424967963251828e-08 6.482104755754769769e-13
7.244434335567746894e+04 9.379056800568076261e-08 5.960357791504125875e-13
7.386081170633647707e+04 9.022759011446956842e-08 5.482255317238726310e-13
7.530497556081935181e+04 8.679996759888868545e-08 5.037639618869978056e-13
7.677737643558952550e+04 8.350256044526182974e-08 4.629726391878753717e-13
7.827856643511386937e+04 8.033042159414671850e-08 4.255945818892994168e-13
7.980910845888401673e+04 7.727879179245523581e-08 3.913494557230657880e-13
8.136957641248672735e+04 7.434309258127221316e-08 3.599682178976813683e-13
8.296055542280009831e+04 7.151891801226228459e-08 3.308139957075874565e-13
8.458264205739840691e+04 6.880203243493815032e-08 3.040550011429020434e-13
8.623644454824581044e+04 6.618835990590467733e-08 2.795329206569151979e-13
8.792258301976506482e+04 6.367397920016282712e-08 2.570646045766827887e-13
8.964168972136409138e+04 6.125511799775330415e-08 2.364609711292477455e-13
9.139440926451054111e+04 5.892814637704952021e-08 2.173217001058413276e-13
9.318139886444064905e+04 5.668957424672379982e-08 1.997326622838096476e-13
9.500332858659430349e+04 5.453604342446860144e-08 1.836125354847074083e-13
9.686088159786928736e+04 5.246432312221641813e-08 1.688413155053079828e-13
9.875475442278679111e+04 5.047130526919258666e-08 1.553006505156535606e-13
1.006856572046673537e+05 4.855399928183564379e-08 1.427628723873734443e-13
1.026543139719114988e+05 4.670952944983917865e-08 1.312629582960670942e-13
1.046614629094886914e+05 4.493512875443134770e-08 1.207241759329622923e-13
1.067078566357334203e+05 4.322813525540725581e-08 1.110668883182069559e-13
1.087942624845529499e+05 4.158598805654039761e-08 1.021941058212056953e-13
1.109214627931548457e+05 4.000622331013858840e-08 9.394969127364884787e-14
1.130902551953982183e+05 3.848647154187029548e-08 8.639006872186417166e-14
1.153014529208818858e+05 3.702445288151211789e-08 7.946079719010089832e-14
1.175558850998802664e+05 3.561797406563400231e-08 7.310963245027279942e-14
1.198543970742404781e+05 3.426492510674898355e-08 6.727612160828996494e-14
1.221978507143606694e+05 3.296327597369242462e-08 6.186045032625019737e-14
1.245871247423635941e+05 3.171107429311333169e-08 5.688745070204208255e-14
1.270231150615905208e+05 3.050644162396084533e-08 5.232829390361542274e-14
1.295067350925361097e+05 2.934757085484539788e-08 4.814929872262644168e-14
1.320389161153541063e+05 2.823272347758455845e-08 4.430956888474824657e-14
1.346206076190574386e+05 2.716022697604410756e-08 4.076252523515041232e-14
1.372527776575472089e+05 2.612847257096529466e-08 3.749939210954914563e-14
1.399364132126031036e+05 2.513591257943172342e-08 3.450832699815994185e-14
1.426725205639697087e+05 2.418105804840997299e-08 3.176707704938963072e-14
1.454621256666815607e+05 2.326247656096898964e-08 2.924786952083205281e-14
1.483062745357635722e+05 2.237879008933026909e-08 2.691800730624450247e-14
1.512060336384542752e+05 2.152867302416184848e-08 2.476347383278159391e-14
1.541624902940969041e+05 2.071085018389049994e-08 2.278752389122585124e-14
1.571767530818519008e+05 1.992409475527270386e-08 2.097560996410793723e-14
