2.000000E-02	-8.510000E+01	1.570000E+02
3.000000E-02	-5.090000E+01	1.320000E+02
4.000000E-02	-3.640000E+01	1.100000E+02
5.000000E-02	-2.370000E+01	9.170000E+01
6.000000E-02	-1.890000E+01	7.710000E+01
7.000000E-02	-1.600000E+01	6.760000E+01
8.000000E-02	-1.360000E+01	6.040000E+01
9.000000E-02	-1.170000E+01	5.080000E+01
1.000000E-01	-1.030000E+01	5.010000E+01
2.000000E-01	-2.660000E+00	2.670000E+01
3.000000E-01	-1.430000E+00	1.730000E+01
4.000000E-01	-1.070000E+00	1.260000E+01
5.000000E-01	-1.140000E+00	9.670000E+00
6.000000E-01	-1.410000E+00	7.880000E+00
7.000000E-01	-1.550000E+00	6.640000E+00
8.000000E-01	-1.740000E+00	5.660000E+00
9.000000E-01	-1.870000E+00	5.020000E+00
1.000000E+00	-2.090000E+00	4.510000E+00
1.200000E+00	-2.260000E+00	3.960000E+00
1.400000E+00	-2.350000E+00	3.550000E+00
1.600000E+00	-2.440000E+00	3.350000E+00
1.800000E+00	-2.470000E+00	3.230000E+00
2.000000E+00	-2.460000E+00	3.180000E+00
2.200000E+00	-2.390000E+00	3.170000E+00
2.400000E+00	-2.300000E+00	3.180000E+00
2.600000E+00	-2.190000E+00	3.160000E+00
2.800000E+00	-2.070000E+00	3.160000E+00
3.000000E+00	-1.950000E+00	3.140000E+00
3.200000E+00	-1.840000E+00	3.120000E+00
3.400000E+00	-1.730000E+00	3.100000E+00
3.600000E+00	-1.640000E+00	3.080000E+00
3.800000E+00	-1.550000E+00	3.080000E+00
4.000000E+00	-1.470000E+00	3.080000E+00
4.200000E+00	-1.390000E+00	3.100000E+00
4.400000E+00	-1.300000E+00	3.150000E+00
4.600000E+00	-1.170000E+00	3.220000E+00
4.800000E+00	-9.900000E-01	3.290000E+00
5.000000E+00	-7.800000E-01	3.320000E+00
5.200000E+00	-5.400000E-01	3.300000E+00
5.400000E+00	-3.100000E-01	3.230000E+00
5.600000E+00	-8.000000E-02	3.110000E+00
5.800000E+00	1.790000E-01	2.900000E+00
6.000000E+00	1.510000E-01	2.640000E+00
6.200000E+00	1.560000E-01	2.520000E+00
6.400000E+00	1.630000E-01	2.420000E+00
6.600000E+00	1.750000E-01	2.340000E+00
6.800000E+00	1.950000E-01	2.280000E+00
7.000000E+00	2.220000E-01	2.230000E+00
7.200000E+00	2.560000E-01	2.180000E+00
7.400000E+00	2.930000E-01	2.130000E+00
7.600000E+00	3.290000E-01	2.080000E+00
7.800000E+00	3.720000E-01	2.040000E+00
8.000000E+00	4.120000E-01	1.980000E+00
8.200000E+00	4.490000E-01	1.920000E+00
8.400000E+00	4.820000E-01	1.870000E+00
8.600000E+00	5.100000E-01	1.810000E+00
8.800000E+00	5.370000E-01	1.750000E+00
9.000000E+00	5.550000E-01	1.690000E+00
9.200000E+00	5.730000E-01	1.640000E+00
9.400000E+00	5.880000E-01	1.590000E+00
9.600000E+00	6.020000E-01	1.540000E+00
9.800000E+00	6.150000E-01	1.500000E+00
1.000000E+01	6.270000E-01	1.450000E+00
1.050000E+01	6.550000E-01	1.350000E+00
1.100000E+01	6.760000E-01	1.250000E+00
1.150000E+01	6.910000E-01	1.160000E+00
1.200000E+01	7.020000E-01	1.070000E+00
1.250000E+01	7.130000E-01	9.910000E-01
1.300000E+01	7.160000E-01	9.130000E-01
1.350000E+01	7.170000E-01	8.410000E-01
1.400000E+01	7.160000E-01	7.720000E-01
1.450000E+01	7.130000E-01	7.070000E-01
1.500000E+01	7.070000E-01	6.450000E-01
1.550000E+01	7.000000E-01	5.850000E-01
1.600000E+01	6.880000E-01	5.270000E-01
1.650000E+01	6.740000E-01	4.730000E-01
1.700000E+01	6.580000E-01	4.210000E-01
1.750000E+01	6.390000E-01	3.720000E-01
1.800000E+01	6.180000E-01	3.250000E-01
1.850000E+01	5.930000E-01	2.950000E-01
1.900000E+01	5.640000E-01	2.700000E-01
1.950000E+01	5.320000E-01	2.420000E-01
2.000000E+01	5.040000E-01	2.200000E-01
2.050000E+01	4.740000E-01	2.030000E-01
2.100000E+01	4.450000E-01	1.900000E-01
2.150000E+01	4.170000E-01	1.720000E-01
2.200000E+01	3.890000E-01	1.600000E-01
2.250000E+01	3.680000E-01	1.470000E-01
2.300000E+01	3.470000E-01	1.350000E-01
2.350000E+01	3.320000E-01	1.220000E-01
2.400000E+01	3.160000E-01	1.150000E-01
2.450000E+01	3.030000E-01	1.080000E-01
2.500000E+01	2.900000E-01	1.020000E-01
2.550000E+01	2.780000E-01	9.500000E-02
2.600000E+01	2.660000E-01	8.950000E-02
2.700000E+01	2.470000E-01	8.000000E-02
2.800000E+01	2.300000E-01	7.050000E-02
2.900000E+01	2.140000E-01	6.350000E-02
2.930000E+01	1.770000E-01	4.390000E-02
2.980000E+01	1.710000E-01	4.220000E-02
3.025550E+01	1.661035E-01	4.070694E-02
3.074490E+01	1.611183E-01	3.922789E-02
3.124210E+01	1.562860E-01	3.780281E-02
3.174750E+01	1.515976E-01	3.642918E-02
3.226090E+01	1.470494E-01	3.510580E-02
3.278270E+01	1.426333E-01	3.383035E-02
3.331300E+01	1.383466E-01	3.260109E-02
3.385180E+01	1.341861E-01	3.141662E-02
3.439930E+01	1.301484E-01	3.027527E-02
3.495570E+01	1.262287E-01	2.917529E-02
3.552110E+01	1.224255E-01	2.811527E-02
3.609560E+01	1.187369E-01	2.709382E-02
3.667940E+01	1.151610E-01	2.610946E-02
3.727270E+01	1.116983E-01	2.516079E-02
3.787550E+01	1.083548E-01	2.424678E-02
3.848820E+01	1.051551E-01	2.334732E-02
3.911070E+01	1.020210E-01	2.237565E-02
3.974320E+01	9.892823E-02	2.144451E-02
4.038610E+01	9.589745E-02	2.055193E-02
4.103930E+01	9.293869E-02	1.969661E-02
4.170310E+01	9.005294E-02	1.887683E-02
4.237760E+01	8.724129E-02	1.809121E-02
4.306300E+01	8.450279E-02	1.733827E-02
4.375950E+01	8.183687E-02	1.661669E-02
4.446730E+01	7.924248E-02	1.592509E-02
4.518650E+01	7.671842E-02	1.526234E-02
4.591740E+01	7.426324E-02	1.462710E-02
4.666000E+01	7.187568E-02	1.401839E-02
4.741470E+01	6.955438E-02	1.343497E-02
4.818160E+01	6.729778E-02	1.287581E-02
4.896090E+01	6.510514E-02	1.233995E-02
4.975280E+01	6.297495E-02	1.182637E-02
5.055760E+01	6.090717E-02	1.133414E-02
5.137530E+01	5.890520E-02	1.085993E-02
5.220620E+01	5.695558E-02	1.038929E-02
5.305060E+01	5.505392E-02	9.939006E-03
5.390870E+01	5.320290E-02	9.508244E-03
5.478060E+01	5.140356E-02	9.096191E-03
5.566670E+01	4.965723E-02	8.701940E-03
5.656700E+01	4.797122E-02	8.324832E-03
5.748200E+01	4.632960E-02	7.928099E-03
5.841170E+01	4.471459E-02	7.547300E-03
5.935640E+01	4.313299E-02	7.184802E-03
6.031650E+01	4.158853E-02	6.839701E-03
6.129210E+01	4.008145E-02	6.511160E-03
6.228340E+01	3.861153E-02	6.198428E-03
6.329080E+01	3.717785E-02	5.900702E-03
6.431450E+01	3.577997E-02	5.617284E-03
6.535470E+01	3.441685E-02	5.347482E-03
6.641180E+01	3.308750E-02	5.090630E-03
6.748590E+01	3.179070E-02	4.846119E-03
6.857750E+01	3.052553E-02	4.613349E-03
6.968670E+01	2.929058E-02	4.391750E-03
7.081380E+01	2.808492E-02	4.180822E-03
7.195910E+01	2.690717E-02	3.980005E-03
7.312300E+01	2.575588E-02	3.788839E-03
7.430570E+01	2.462986E-02	3.606858E-03
7.550760E+01	2.352762E-02	3.433614E-03
7.672890E+01	2.244778E-02	3.268686E-03
7.796990E+01	2.138867E-02	3.111692E-03
7.923100E+01	2.034873E-02	2.962231E-03
8.051250E+01	1.932613E-02	2.819947E-03
8.181470E+01	1.831914E-02	2.684496E-03
8.313800E+01	1.732547E-02	2.555561E-03
8.448270E+01	1.634331E-02	2.432806E-03
8.584910E+01	1.537005E-02	2.315962E-03
8.723770E+01	1.440397E-02	2.204715E-03
8.864870E+01	1.344584E-02	2.098295E-03
9.008250E+01	1.248108E-02	1.979138E-03
9.153950E+01	1.150035E-02	1.866743E-03
9.302010E+01	1.050094E-02	1.760729E-03
9.452460E+01	9.477274E-03	1.660739E-03
9.605350E+01	8.420108E-03	1.566422E-03
9.760710E+01	7.316817E-03	1.477468E-03
9.918580E+01	6.149758E-03	1.393564E-03
1.007900E+02	4.893545E-03	1.314425E-03
1.024200E+02	3.509882E-03	1.239781E-03
1.040770E+02	1.936928E-03	1.169365E-03
1.057600E+02	6.529721E-05	1.102968E-03
1.074710E+02	-2.329138E-03	1.040319E-03
1.092090E+02	-5.838751E-03	9.812445E-04
1.109750E+02	-1.349975E-02	9.255281E-04
1.116000E+02	-2.513536E-02	9.067829E-04
1.118000E+02	-2.526515E-02	1.897271E-02
1.127700E+02	-1.203366E-02	1.926181E-02
1.145940E+02	-6.716579E-03	1.980987E-02
1.164480E+02	-4.057552E-03	2.037338E-02
1.183310E+02	-2.141331E-03	2.095326E-02
1.202450E+02	-5.013894E-04	2.154949E-02
1.221900E+02	1.091017E-03	2.216264E-02
1.241660E+02	2.905329E-03	2.279336E-02
1.261750E+02	4.814482E-03	2.296060E-02
1.282150E+02	6.887743E-03	2.309512E-02
1.302890E+02	9.238636E-03	2.257919E-02
1.323970E+02	1.190519E-02	2.176525E-02
1.345380E+02	1.404798E-02	1.868087E-02
1.367140E+02	1.366852E-02	1.589712E-02
1.389250E+02	1.301808E-02	1.421870E-02
1.411720E+02	1.240926E-02	1.334388E-02
1.434560E+02	1.205579E-02	1.268633E-02
1.457760E+02	1.184490E-02	1.206132E-02
1.481340E+02	1.164863E-02	1.146705E-02
1.505300E+02	1.143233E-02	1.093492E-02
1.529640E+02	1.125477E-02	1.046302E-02
1.554390E+02	1.110230E-02	1.001129E-02
1.579530E+02	1.096050E-02	9.579209E-03
1.605070E+02	1.084085E-02	9.165833E-03
1.631030E+02	1.072190E-02	8.723886E-03
1.657420E+02	1.057170E-02	8.290028E-03
1.684220E+02	1.040516E-02	7.877911E-03
1.711460E+02	1.022842E-02	7.486223E-03
1.739150E+02	1.004458E-02	7.113925E-03
1.767270E+02	9.856083E-03	6.760292E-03
1.795860E+02	9.664438E-03	6.424133E-03
1.824910E+02	9.471877E-03	6.104677E-03
1.854420E+02	9.283717E-03	5.797794E-03
1.884420E+02	9.088036E-03	5.496565E-03
1.914890E+02	8.887622E-03	5.211053E-03
1.945870E+02	8.684792E-03	4.940291E-03
1.977340E+02	8.481417E-03	4.683662E-03
2.009320E+02	8.278259E-03	4.440331E-03
2.041820E+02	8.076028E-03	4.209664E-03
2.074850E+02	7.875319E-03	3.990937E-03
2.108400E+02	7.676718E-03	3.783638E-03
2.142510E+02	7.480425E-03	3.587039E-03
2.177160E+02	7.286998E-03	3.400701E-03
2.212370E+02	7.096682E-03	3.224048E-03
2.248160E+02	6.909724E-03	3.056528E-03
2.284520E+02	6.726590E-03	2.897749E-03
2.321470E+02	6.547662E-03	2.747206E-03
2.359020E+02	6.373773E-03	2.604483E-03
2.397170E+02	6.208605E-03	2.468450E-03
2.435950E+02	6.043395E-03	2.327686E-03
2.475350E+02	5.876996E-03	2.194973E-03
2.515380E+02	5.711366E-03	2.069852E-03
2.556070E+02	5.547861E-03	1.951829E-03
2.597410E+02	5.387080E-03	1.840543E-03
2.639420E+02	5.229306E-03	1.735607E-03
2.682110E+02	5.074740E-03	1.636656E-03
2.725490E+02	4.923522E-03	1.543345E-03
2.769570E+02	4.775746E-03	1.455361E-03
2.814370E+02	4.631448E-03	1.372375E-03
2.859890E+02	4.490684E-03	1.294129E-03
2.906150E+02	4.353446E-03	1.220349E-03
2.953150E+02	4.219748E-03	1.150773E-03
3.000920E+02	4.089522E-03	1.085160E-03
3.049450E+02	3.962761E-03	1.023293E-03
3.098780E+02	3.839297E-03	9.649492E-04
3.148900E+02	3.718995E-03	9.102949E-04
3.199830E+02	3.602430E-03	8.591102E-04
3.251580E+02	3.489479E-03	8.107909E-04
3.304180E+02	3.379855E-03	7.651938E-04
3.357620E+02	3.273538E-03	7.221697E-04
3.411920E+02	3.170406E-03	6.815681E-04
3.467110E+02	3.070367E-03	6.432502E-04
3.523190E+02	2.973380E-03	6.070860E-04
3.580170E+02	2.879348E-03	5.729507E-04
3.638080E+02	2.788201E-03	5.407428E-04
3.696920E+02	2.699904E-03	5.103455E-04
3.756720E+02	2.614375E-03	4.816482E-04
3.817480E+02	2.531611E-03	4.545677E-04
3.879220E+02	2.451685E-03	4.288545E-04
3.941970E+02	2.374263E-03	4.042670E-04
4.005730E+02	2.299117E-03	3.805716E-04
4.070520E+02	2.225895E-03	3.580715E-04
4.136350E+02	2.154734E-03	3.369038E-04
4.203260E+02	2.085650E-03	3.169869E-04
4.271240E+02	2.018661E-03	2.982491E-04
4.340320E+02	1.953710E-03	2.806158E-04
4.410520E+02	1.890763E-03	2.640256E-04
4.481860E+02	1.829789E-03	2.484102E-04
4.554350E+02	1.770718E-03	2.336920E-04
4.628020E+02	1.713487E-03	2.198267E-04
4.702870E+02	1.658052E-03	2.067758E-04
4.778940E+02	1.604355E-03	1.944981E-04
4.856230E+02	1.552370E-03	1.829509E-04
4.934780E+02	1.502031E-03	1.720887E-04
5.014590E+02	1.453309E-03	1.618728E-04
5.095700E+02	1.406142E-03	1.522608E-04
5.178120E+02	1.360480E-03	1.432246E-04
5.261870E+02	1.316295E-03	1.347413E-04
5.346980E+02	1.273547E-03	1.267875E-04
5.433460E+02	1.232224E-03	1.193156E-04
5.521340E+02	1.192302E-03	1.122848E-04
5.610650E+02	1.153698E-03	1.055388E-04
5.701390E+02	1.116266E-03	9.914557E-05
5.793610E+02	1.079997E-03	9.317076E-05
5.887320E+02	1.044898E-03	8.756670E-05
5.982540E+02	1.010949E-03	8.230624E-05
6.079300E+02	9.781109E-04	7.736429E-05
6.177630E+02	9.463550E-04	7.271730E-05
6.277550E+02	9.156639E-04	6.834340E-05
6.379080E+02	8.859943E-04	6.417461E-05
6.482260E+02	8.572691E-04	6.017735E-05
6.587110E+02	8.293843E-04	5.637775E-05
6.693650E+02	8.023066E-04	5.281816E-05
6.801910E+02	7.760429E-04	4.963040E-05
6.911930E+02	7.507160E-04	4.674257E-05
7.023720E+02	7.263700E-04	4.404704E-05
7.137330E+02	7.028742E-04	4.140876E-05
7.252770E+02	6.800973E-04	3.886499E-05
7.370080E+02	6.580372E-04	3.647921E-05
7.489280E+02	6.366889E-04	3.423968E-05
7.610420E+02	6.160308E-04	3.213754E-05
7.733510E+02	5.960495E-04	3.016352E-05
7.858590E+02	5.767188E-04	2.830622E-05
7.985700E+02	5.580123E-04	2.655982E-05
8.114860E+02	5.399155E-04	2.492173E-05
8.246110E+02	5.224076E-04	2.338423E-05
8.379490E+02	5.054685E-04	2.194123E-05
8.515020E+02	4.890804E-04	2.059280E-05
8.652740E+02	4.732303E-04	1.933186E-05
8.792690E+02	4.579020E-04	1.815199E-05
8.934910E+02	4.430800E-04	1.704416E-05
9.079430E+02	4.287446E-04	1.600397E-05
9.226280E+02	4.148855E-04	1.502729E-05
9.375510E+02	4.014776E-04	1.409913E-05
9.527150E+02	3.885059E-04	1.322575E-05
9.681240E+02	3.759533E-04	1.240427E-05
9.837830E+02	3.638072E-04	1.163377E-05
9.996950E+02	3.520553E-04	1.091037E-05
1.015860E+03	3.406881E-04	1.023605E-05
1.032290E+03	3.296919E-04	9.603412E-06
1.048990E+03	3.190510E-04	9.009800E-06
1.065960E+03	3.087579E-04	8.452861E-06
1.083200E+03	2.988028E-04	7.930440E-06
1.100720E+03	2.891715E-04	7.440286E-06
1.118520E+03	2.798556E-04	6.980492E-06
1.136610E+03	2.708419E-04	6.549061E-06
1.155000E+03	2.621183E-04	6.144216E-06
1.173680E+03	2.536819E-04	5.764485E-06
1.192660E+03	2.455207E-04	5.408234E-06
1.211950E+03	2.376238E-04	5.073972E-06
1.231550E+03	2.299843E-04	4.760393E-06
1.251470E+03	2.225914E-04	4.466160E-06
1.271720E+03	2.154366E-04	4.190069E-06
1.292290E+03	2.085162E-04	3.931089E-06
1.313190E+03	2.018209E-04	3.688137E-06
1.334430E+03	1.953427E-04	3.460189E-06
1.356010E+03	1.890753E-04	3.246341E-06
1.377940E+03	1.830109E-04	3.045709E-06
1.400230E+03	1.771414E-04	2.857454E-06
1.422880E+03	1.714623E-04	2.680837E-06
1.445890E+03	1.659683E-04	2.515155E-06
1.469280E+03	1.606509E-04	2.359695E-06
1.493040E+03	1.555079E-04	2.213866E-06
1.517190E+03	1.505299E-04	2.075450E-06
1.541730E+03	1.457120E-04	1.945086E-06
1.566670E+03	1.410480E-04	1.822905E-06
1.592010E+03	1.365353E-04	1.708407E-06
1.617760E+03	1.321682E-04	1.601096E-06
1.643920E+03	1.279424E-04	1.500541E-06
1.670510E+03	1.238519E-04	1.406291E-06
1.697530E+03	1.198930E-04	1.317959E-06
1.724990E+03	1.160614E-04	1.235172E-06
1.752890E+03	1.123536E-04	1.157588E-06
1.781240E+03	1.087652E-04	1.084882E-06
1.810050E+03	1.052920E-04	1.016738E-06
1.839320E+03	1.019314E-04	9.528825E-07
1.869070E+03	9.867799E-05	8.930295E-07
1.899300E+03	9.552952E-05	8.369383E-07
1.930020E+03	9.248207E-05	7.843699E-07
1.961240E+03	8.953221E-05	7.351001E-07
1.992960E+03	8.667772E-05	6.889296E-07
2.025200E+03	8.391427E-05	6.451367E-07
2.057950E+03	8.124023E-05	6.039996E-07
2.091240E+03	7.865100E-05	5.654800E-07
2.125060E+03	7.614528E-05	5.294202E-07
2.159430E+03	7.371953E-05	4.956594E-07
2.194360E+03	7.137132E-05	4.640483E-07
2.229850E+03	6.909855E-05	4.344561E-07
2.265920E+03	6.689830E-05	4.067496E-07
2.302570E+03	6.476861E-05	3.808099E-07
2.339810E+03	6.270734E-05	3.565261E-07
2.377660E+03	6.071156E-05	3.337894E-07
2.416110E+03	5.878020E-05	3.125049E-07
2.455190E+03	5.691017E-05	2.925752E-07
2.494900E+03	5.510013E-05	2.739181E-07
2.535260E+03	5.334760E-05	2.564475E-07
2.576260E+03	5.165171E-05	2.400952E-07
2.617930E+03	5.000958E-05	2.247841E-07
2.660270E+03	4.842005E-05	2.104499E-07
2.703300E+03	4.688121E-05	1.970287E-07
2.747030E+03	4.539136E-05	1.844632E-07
2.791460E+03	4.394920E-05	1.726999E-07
2.836610E+03	4.255313E-05	1.616866E-07
2.882490E+03	4.120152E-05	1.513757E-07
2.929110E+03	3.989319E-05	1.417224E-07
2.976480E+03	3.862660E-05	1.326856E-07
3.024630E+03	3.740016E-05	1.241652E-07
3.073550E+03	3.621296E-05	1.161414E-07
3.123260E+03	3.506356E-05	1.086347E-07
3.173780E+03	3.395069E-05	1.016143E-07
3.225110E+03	3.287344E-05	9.504781E-08
3.277270E+03	3.183037E-05	8.890552E-08
3.330280E+03	3.082051E-05	8.315952E-08
3.384150E+03	2.984265E-05	7.778489E-08
3.438880E+03	2.889614E-05	7.275784E-08
3.494500E+03	2.797972E-05	6.805584E-08
3.551020E+03	2.709242E-05	6.365786E-08
3.608460E+03	2.623324E-05	5.954360E-08
3.666820E+03	2.540155E-05	5.569561E-08
3.726130E+03	2.459622E-05	5.209617E-08
3.786400E+03	2.381652E-05	4.872921E-08
3.847640E+03	2.306161E-05	4.558021E-08
3.909870E+03	2.233073E-05	4.263449E-08
3.973110E+03	2.162304E-05	3.987915E-08
4.037380E+03	2.093780E-05	3.728971E-08
4.102680E+03	2.027437E-05	3.486068E-08
4.169030E+03	1.963212E-05	3.258978E-08
4.236460E+03	1.901015E-05	3.046679E-08
4.304980E+03	1.840798E-05	2.848213E-08
4.374620E+03	1.782480E-05	2.662658E-08
4.445370E+03	1.726030E-05	2.489215E-08
4.517270E+03	1.671363E-05	2.327051E-08
4.590330E+03	1.618439E-05	2.175465E-08
4.664580E+03	1.567184E-05	2.033746E-08
4.740030E+03	1.517561E-05	1.901257E-08
4.816690E+03	1.469515E-05	1.777409E-08
4.894600E+03	1.422988E-05	1.661616E-08
4.973770E+03	1.377938E-05	1.553370E-08
5.054210E+03	1.334323E-05	1.451778E-08
5.135960E+03	1.292087E-05	1.356640E-08
5.219030E+03	1.251189E-05	1.267737E-08
5.303440E+03	1.211593E-05	1.184659E-08
5.389220E+03	1.173249E-05	1.107029E-08
5.476390E+03	1.136116E-05	1.034480E-08
5.564970E+03	1.100165E-05	9.666878E-09
5.654980E+03	1.065352E-05	9.033375E-09
5.746440E+03	1.031645E-05	8.441433E-09
5.839390E+03	9.990012E-06	7.888232E-09
5.933830E+03	9.673971E-06	7.371316E-09
6.029810E+03	9.367912E-06	6.887333E-09
6.127330E+03	9.071596E-06	6.433296E-09
6.226440E+03	8.784616E-06	6.009130E-09
6.327150E+03	8.506723E-06	5.612968E-09
6.429480E+03	8.237664E-06	5.242922E-09
6.533480E+03	7.977098E-06	4.897237E-09
6.639150E+03	7.724804E-06	4.574385E-09
6.746540E+03	7.480482E-06	4.272795E-09
6.855650E+03	7.243925E-06	3.991102E-09
6.966540E+03	7.014834E-06	3.727966E-09
7.079220E+03	6.792996E-06	3.482187E-09
7.193720E+03	6.578194E-06	3.252602E-09
7.310070E+03	6.370188E-06	3.038166E-09
7.428310E+03	6.168761E-06	2.837859E-09
7.548450E+03	5.973722E-06	2.650763E-09
7.670540E+03	5.784855E-06	2.476000E-09
7.794610E+03	5.601951E-06	2.312762E-09
7.920680E+03	5.424839E-06	2.160282E-09
8.048790E+03	5.253339E-06	2.017565E-09
8.178980E+03	5.087251E-06	1.883788E-09
8.311260E+03	4.926445E-06	1.758892E-09
8.445690E+03	4.770709E-06	1.642277E-09
8.582290E+03	4.619902E-06	1.533386E-09
8.721110E+03	4.473862E-06	1.431721E-09
8.862160E+03	4.332454E-06	1.336803E-09
9.005500E+03	4.195507E-06	1.248168E-09
9.151160E+03	4.062887E-06	1.165412E-09
9.299170E+03	3.934475E-06	1.088144E-09
9.449580E+03	3.810125E-06	1.016000E-09
9.602420E+03	3.689699E-06	9.486381E-10
9.757730E+03	3.573090E-06	8.857440E-10
9.915550E+03	3.460167E-06	8.270168E-10
1.007590E+04	3.350836E-06	7.722115E-10
1.023890E+04	3.244916E-06	7.210180E-10
1.040450E+04	3.142374E-06	6.732099E-10
1.057280E+04	3.043060E-06	6.285558E-10
1.074380E+04	2.946904E-06	5.868552E-10
1.091760E+04	2.853762E-06	5.479060E-10
1.109420E+04	2.763576E-06	5.115324E-10
1.127360E+04	2.676267E-06	4.775667E-10
1.145590E+04	2.591723E-06	4.458479E-10
1.164120E+04	2.509822E-06	4.162218E-10
1.182950E+04	2.430513E-06	3.885542E-10
1.202080E+04	2.353729E-06	3.627211E-10
1.221530E+04	2.279331E-06	3.385904E-10
1.241280E+04	2.207342E-06	3.160651E-10
1.261360E+04	2.137585E-06	2.950255E-10
1.281760E+04	2.070053E-06	2.753820E-10
1.302500E+04	2.004624E-06	2.570352E-10
1.323560E+04	1.941309E-06	2.399107E-10
1.344970E+04	1.879967E-06	2.239178E-10
1.366720E+04	1.820585E-06	2.089867E-10
1.388830E+04	1.763053E-06	1.950444E-10
1.411290E+04	1.707362E-06	1.820289E-10
1.434120E+04	1.653414E-06	1.698757E-10
1.457310E+04	1.601192E-06	1.585315E-10
1.480890E+04	1.550587E-06	1.479380E-10
1.504840E+04	1.501609E-06	1.380505E-10
1.529180E+04	1.454169E-06	1.288202E-10
1.553910E+04	1.408238E-06	1.202041E-10
1.579040E+04	1.363754E-06	1.121611E-10
1.604580E+04	1.320673E-06	1.046533E-10
1.630540E+04	1.278941E-06	9.764446E-11
1.656910E+04	1.238544E-06	9.110358E-11
1.683710E+04	1.199417E-06	8.499829E-11
1.710940E+04	1.161534E-06	7.930074E-11
1.738610E+04	1.124846E-06	7.398317E-11
1.766740E+04	1.089303E-06	6.901969E-11
1.795310E+04	1.054899E-06	6.438855E-11
1.824350E+04	1.021575E-06	6.006634E-11
1.853860E+04	9.893030E-07	5.603327E-11
1.883840E+04	9.580582E-07	5.227017E-11
1.914310E+04	9.277952E-07	4.875863E-11
1.945270E+04	8.984908E-07	4.548225E-11
1.976740E+04	8.701038E-07	4.242511E-11
2.008710E+04	8.426213E-07	3.957401E-11
2.041200E+04	8.160044E-07	3.691401E-11
2.074210E+04	7.902346E-07	3.443350E-11
2.107760E+04	7.652721E-07	3.211990E-11
2.141850E+04	7.411019E-07	2.996245E-11
2.176500E+04	7.176876E-07	2.794974E-11
2.211700E+04	6.950214E-07	2.607292E-11
2.247470E+04	6.730706E-07	2.432243E-11
2.283820E+04	6.518123E-07	2.268971E-11
2.320760E+04	6.312226E-07	2.116674E-11
2.358300E+04	6.112836E-07	1.974602E-11
2.396440E+04	5.919780E-07	1.842098E-11
2.435200E+04	5.732806E-07	1.718497E-11
2.474590E+04	5.551737E-07	1.603194E-11
2.514620E+04	5.376362E-07	1.495633E-11
2.555290E+04	5.206558E-07	1.395307E-11
2.596620E+04	5.042107E-07	1.301701E-11
2.638610E+04	4.882895E-07	1.214398E-11
2.681290E+04	4.728660E-07	1.132939E-11
2.724660E+04	4.579297E-07	1.056946E-11
2.768730E+04	4.434669E-07	9.860530E-12
2.813510E+04	4.294606E-07	9.199154E-12
2.859020E+04	4.158960E-07	8.582106E-12
2.905260E+04	4.027616E-07	8.006463E-12
2.952250E+04	3.900404E-07	7.469393E-12
3.000000E+04	3.777220E-07	6.968335E-12
3.150000E+04	3.425981E-07	5.276325E-12
3.300000E+04	3.121583E-07	4.305632E-12
3.450000E+04	2.856021E-07	3.545419E-12
3.603000E+04	2.618592E-07	2.932706E-12
3.800000E+04	2.354105E-07	2.323580E-12
4.000000E+04	2.124564E-07	1.856661E-12
4.300000E+04	1.838441E-07	1.352918E-12
4.600000E+04	1.606456E-07	1.007127E-12
4.800000E+04	1.475366E-07	8.359691E-13
5.000000E+04	1.359694E-07	6.991968E-13
5.753000E+04	1.027042E-07	3.783940E-13
5.954000E+04	9.588662E-08	3.255849E-13
6.000000E+04	9.442200E-08	3.148014E-13
6.683000E+04	7.610805E-08	1.964341E-13
7.000000E+04	6.937074E-08	1.603877E-13
7.496000E+04	6.049398E-08	1.189152E-13
7.711000E+04	5.716760E-08	1.050911E-13
8.000000E+04	5.311171E-08	8.948133E-14
9.000000E+04	4.196470E-08	5.364580E-14
1.000000E+05	3.399132E-08	3.390998E-14
1.454000E+05	1.607819E-08	6.720724E-15
1.500000E+05	1.510718E-08	5.880309E-15
2.000000E+05	8.497767E-09	1.712213E-15
2.447000E+05	5.676712E-09	7.405461E-16
2.792000E+05	4.360466E-09	4.280948E-16
3.000000E+05	3.776776E-09	3.175968E-16
3.165000E+05	3.393254E-09	2.567075E-16
3.201000E+05	3.317358E-09	2.454214E-16
3.443000E+05	2.867409E-09	1.836905E-16
4.000000E+05	2.124437E-09	1.012042E-16
4.111000E+05	2.011263E-09	9.123426E-17
4.118000E+05	2.004431E-09	9.064769E-17
4.440000E+05	1.724240E-09	6.815017E-17
4.680500E+05	1.551598E-09	5.580367E-17
5.000000E+05	1.359639E-09	4.345098E-17
6.000000E+05	9.441940E-10	2.262832E-17
6.616000E+05	7.765559E-10	1.604645E-17
7.000000E+05	6.936936E-10	1.328635E-17
7.233000E+05	6.497209E-10	1.190778E-17
7.789000E+05	5.602738E-10	9.294556E-18
8.000000E+05	5.311091E-10	8.499494E-18
8.674000E+05	4.517778E-10	6.598953E-18
8.892000E+05	4.298974E-10	6.105833E-18
9.000000E+05	4.196418E-10	5.879501E-18
9.640000E+05	3.657713E-10	4.742308E-18
1.000000E+06	3.399098E-10	4.228323E-18
1.004800E+06	3.366701E-10	4.116137E-18
1.085800E+06	2.883129E-10	2.899970E-18
1.120500E+06	2.707323E-10	2.626750E-18
1.121100E+06	2.704426E-10	2.622309E-18
1.173200E+06	2.469560E-10	2.340500E-18
1.274500E+06	2.092590E-10	1.907552E-18
1.332500E+06	1.914385E-10	1.680156E-18
1.408000E+06	1.714583E-10	1.420862E-18
1.500000E+06	1.510710E-10	1.158164E-18
2.000000E+06	8.497746E-11	4.889000E-19
3.000000E+06	3.776776E-11	1.474950E-19
4.000000E+06	2.124437E-11	6.332103E-20
5.000000E+06	1.359639E-11	3.285976E-20
5.000060E+06	1.359607E-11	3.285859E-20
6.000000E+06	9.441940E-12	1.921614E-20
7.000000E+06	6.936936E-12	1.219988E-20
8.000000E+06	5.311091E-12	8.222929E-21
9.000000E+06	4.196418E-12	5.804055E-21
1.000000E+07	3.399098E-12	4.249411E-21
































































































				8.14E-12	3.29E-14
