4.00000000E-02	-1.39000000E+01	6.52000000E+01
6.00000000E-02	-2.02000000E+01	4.20000000E+01
8.00000000E-02	-1.26000000E+01	4.22000000E+01
9.00000000E-02	-1.08000000E+01	3.39000000E+01
1.00000000E-01	-1.08000000E+01	2.98000000E+01
1.40000000E-01	-1.43000000E+01	2.64000000E+01
1.80000000E-01	-7.73000000E+00	2.54000000E+01
2.20000000E-01	-4.30000000E+00	2.06000000E+01
2.60000000E-01	-2.91000000E+00	1.71000000E+01
3.00000000E-01	-2.15000000E+00	1.43000000E+01
3.40000000E-01	-1.89000000E+00	1.20000000E+01
3.80000000E-01	-2.09000000E+00	1.02000000E+01
4.20000000E-01	-2.47000000E+00	8.97000000E+00
4.60000000E-01	-2.72000000E+00	8.20000000E+00
5.00000000E-01	-2.83000000E+00	7.58000000E+00
5.40000000E-01	-2.92000000E+00	7.06000000E+00
5.80000000E-01	-3.01000000E+00	6.65000000E+00
6.20000000E-01	-3.01000000E+00	6.31000000E+00
6.60000000E-01	-2.96000000E+00	5.95000000E+00
7.00000000E-01	-3.01000000E+00	5.59000000E+00
7.40000000E-01	-3.06000000E+00	5.30000000E+00
7.80000000E-01	-3.13000000E+00	5.03000000E+00
8.20000000E-01	-3.24000000E+00	4.81000000E+00
8.60000000E-01	-3.35000000E+00	4.66000000E+00
9.00000000E-01	-3.43000000E+00	4.60000000E+00
9.20000000E-01	-3.45000000E+00	4.56000000E+00
9.60000000E-01	-3.47000000E+00	4.50000000E+00
1.00000000E+00	-3.47000000E+00	4.43000000E+00
1.04000000E+00	-3.51000000E+00	4.36000000E+00
1.08000000E+00	-3.53000000E+00	4.34000000E+00
1.12000000E+00	-3.53000000E+00	4.31000000E+00
1.16000000E+00	-3.53000000E+00	4.30000000E+00
1.20000000E+00	-3.52000000E+00	4.29000000E+00
1.24000000E+00	-3.50000000E+00	4.28000000E+00
1.28000000E+00	-3.49000000E+00	4.28000000E+00
1.32000000E+00	-3.47000000E+00	4.29000000E+00
1.36000000E+00	-3.42000000E+00	4.30000000E+00
1.40000000E+00	-3.38000000E+00	4.31000000E+00
1.44000000E+00	-3.33000000E+00	4.32000000E+00
1.46000000E+00	-3.31000000E+00	4.32000000E+00
1.50000000E+00	-3.27000000E+00	4.33000000E+00
1.52000000E+00	-3.23000000E+00	4.34000000E+00
1.77000000E+00	-2.84000000E+00	4.37000000E+00
2.03000000E+00	-2.48000000E+00	4.36000000E+00
2.13000000E+00	-2.34000000E+00	4.38000000E+00
2.22000000E+00	-2.18000000E+00	4.41000000E+00
2.33000000E+00	-1.98000000E+00	4.45000000E+00
2.42000000E+00	-1.75000000E+00	4.46000000E+00
2.53000000E+00	-1.49000000E+00	4.44000000E+00
2.63000000E+00	-1.22000000E+00	4.36000000E+00
2.72000000E+00	-9.90000000E-01	4.22000000E+00
2.83000000E+00	-8.00000000E-01	4.06000000E+00
2.92000000E+00	-6.50000000E-01	3.89000000E+00
3.03000000E+00	-5.40000000E-01	3.71000000E+00
3.13000000E+00	-4.80000000E-01	3.54000000E+00
3.22000000E+00	-4.40000000E-01	3.40000000E+00
3.33000000E+00	-4.30000000E-01	3.31000000E+00
3.42000000E+00	-3.90000000E-01	3.24000000E+00
3.53000000E+00	-3.30000000E-01	3.18000000E+00
3.63000000E+00	-2.60000000E-01	3.12000000E+00
3.72000000E+00	-1.80000000E-01	3.04000000E+00
3.83000000E+00	-1.20000000E-01	2.95000000E+00
3.92000000E+00	-6.00000000E-02	2.85000000E+00
4.03000000E+00	-2.00000000E-02	2.76000000E+00
4.13000000E+00	2.00000000E-02	2.67000000E+00
4.22000000E+00	6.00000000E-02	2.58000000E+00
4.32000000E+00	9.00000000E-02	2.49000000E+00
4.40000000E+00	1.00000000E-01	2.42000000E+00
4.50000000E+00	1.10000000E-01	2.35000000E+00
4.60000000E+00	1.20000000E-01	2.28000000E+00
4.70000000E+00	1.40000000E-01	2.21000000E+00
4.80000000E+00	1.40000000E-01	2.13000000E+00
4.90000000E+00	1.40000000E-01	2.07000000E+00
5.00000000E+00	1.50000000E-01	2.01000000E+00
5.10000000E+00	1.40000000E-01	1.94000000E+00
5.21000000E+00	1.30000000E-01	1.87000000E+00
5.30000000E+00	1.00000000E-01	1.83000000E+00
5.39000000E+00	7.00000000E-02	1.80000000E+00
5.51000000E+00	6.00000000E-02	1.76000000E+00
5.61000000E+00	5.00000000E-02	1.74000000E+00
5.71000000E+00	3.00000000E-02	1.75000000E+00
5.79000000E+00	3.00000000E-02	1.74000000E+00
5.90000000E+00	4.00000000E-02	1.73000000E+00
5.99000000E+00	6.00000000E-02	1.73000000E+00
6.11000000E+00	8.00000000E-02	1.72000000E+00
6.20000000E+00	1.10000000E-01	1.69000000E+00
6.29000000E+00	1.20000000E-01	1.68000000E+00
6.39000000E+00	1.50000000E-01	1.66000000E+00
6.49000000E+00	1.80000000E-01	1.63000000E+00
6.60000000E+00	2.00000000E-01	1.59000000E+00
6.70000000E+00	2.20000000E-01	1.57000000E+00
6.81000000E+00	2.50000000E-01	1.51000000E+00
6.89000000E+00	2.40000000E-01	1.49000000E+00
7.01000000E+00	2.60000000E-01	1.45000000E+00
7.13000000E+00	2.80000000E-01	1.42000000E+00
7.21000000E+00	2.90000000E-01	1.39000000E+00
7.29000000E+00	3.00000000E-01	1.36000000E+00
7.38000000E+00	3.10000000E-01	1.33000000E+00
7.52000000E+00	3.30000000E-01	1.27000000E+00
7.61000000E+00	3.40000000E-01	1.23000000E+00
7.70000000E+00	3.30000000E-01	1.19000000E+00
7.80000000E+00	3.30000000E-01	1.15000000E+00
7.90000000E+00	3.20000000E-01	1.11000000E+00
8.00000000E+00	3.20000000E-01	1.07000000E+00
8.10000000E+00	3.10000000E-01	1.04000000E+00
8.21000000E+00	2.90000000E-01	1.00000000E+00
8.32000000E+00	2.80000000E-01	9.70000000E-01
8.49000000E+00	2.60000000E-01	9.20000000E-01
8.61000000E+00	2.40000000E-01	8.90000000E-01
8.73000000E+00	2.20000000E-01	8.70000000E-01
8.92000000E+00	1.90000000E-01	8.30000000E-01
9.05000000E+00	1.70000000E-01	8.10000000E-01
9.25000000E+00	1.40000000E-01	7.70000000E-01
9.54000000E+00	8.00000000E-02	7.40000000E-01
9.76000000E+00	5.00000000E-02	7.30000000E-01
1.00000000E+01	2.00000000E-02	7.30000000E-01
1.03000000E+01	0.00000000E+00	7.20000000E-01
1.05000000E+01	-1.00000000E-02	7.20000000E-01
1.08000000E+01	-3.00000000E-02	7.00000000E-01
1.11000000E+01	-5.00000000E-02	6.90000000E-01
1.13000000E+01	-7.00000000E-02	6.90000000E-01
1.15000000E+01	-9.00000000E-02	6.90000000E-01
1.17000000E+01	-1.00000000E-01	6.90000000E-01
1.20000000E+01	-1.30000000E-01	7.00000000E-01
1.23000000E+01	-1.40000000E-01	7.10000000E-01
1.25000000E+01	-1.50000000E-01	7.30000000E-01
1.28000000E+01	-1.50000000E-01	7.50000000E-01
1.31000000E+01	-1.50000000E-01	7.70000000E-01
1.33000000E+01	-1.30000000E-01	8.00000000E-01
1.35000000E+01	-1.20000000E-01	8.00000000E-01
1.38000000E+01	-1.00000000E-01	8.20000000E-01
1.39000000E+01	-9.00000000E-02	8.20000000E-01
1.43000000E+01	-6.00000000E-02	8.20000000E-01
1.46000000E+01	-3.00000000E-02	8.20000000E-01
1.48000000E+01	-1.00000000E-02	8.20000000E-01
1.49000000E+01	0.00000000E+00	8.20000000E-01
1.53000000E+01	3.00000000E-02	8.00000000E-01
1.55000000E+01	4.00000000E-02	8.00000000E-01
1.57000000E+01	5.00000000E-02	7.90000000E-01
1.61000000E+01	8.00000000E-02	7.70000000E-01
1.63000000E+01	8.00000000E-02	7.60000000E-01
1.65000000E+01	9.00000000E-02	7.50000000E-01
1.68000000E+01	1.00000000E-01	7.40000000E-01
1.70000000E+01	1.00000000E-01	7.30000000E-01
1.72000000E+01	1.10000000E-01	7.20000000E-01
1.75000000E+01	1.20000000E-01	7.20000000E-01
1.77000000E+01	1.30000000E-01	7.10000000E-01
1.80000000E+01	1.30000000E-01	7.00000000E-01
1.82000000E+01	1.50000000E-01	7.00000000E-01
1.85000000E+01	1.60000000E-01	6.90000000E-01
1.88000000E+01	1.70000000E-01	6.80000000E-01
1.91000000E+01	1.80000000E-01	6.80000000E-01
1.94000000E+01	2.00000000E-01	6.70000000E-01
1.97000000E+01	2.20000000E-01	6.50000000E-01
2.00000000E+01	2.30000000E-01	6.40000000E-01
2.03000000E+01	2.50000000E-01	6.20000000E-01
2.07000000E+01	2.60000000E-01	6.00000000E-01
2.10000000E+01	2.60000000E-01	5.80000000E-01
2.14000000E+01	2.70000000E-01	5.60000000E-01
2.18000000E+01	2.80000000E-01	5.40000000E-01
2.21000000E+01	2.90000000E-01	5.20000000E-01
2.25000000E+01	3.00000000E-01	5.00000000E-01
2.30000000E+01	3.10000000E-01	4.80000000E-01
2.34000000E+01	3.20000000E-01	4.50000000E-01
2.39000000E+01	3.20000000E-01	4.30000000E-01
2.43000000E+01	3.30000000E-01	3.90000000E-01
2.48000000E+01	3.20000000E-01	3.60000000E-01
2.53000000E+01	3.20000000E-01	3.30000000E-01
2.58000000E+01	3.00000000E-01	3.10000000E-01
2.64000000E+01	2.90000000E-01	2.80000000E-01
2.70000000E+01	2.80000000E-01	2.60000000E-01
2.76000000E+01	2.70000000E-01	2.50000000E-01
2.82000000E+01	2.50000000E-01	2.30000000E-01
2.88000000E+01	2.30000000E-01	2.20000000E-01
2.93000000E+01	3.96824551E-01	1.99674415E-01
2.97739000E+01	3.83439858E-01	1.87865217E-01
3.02555000E+01	3.70175756E-01	1.76753904E-01
3.07449000E+01	3.56979227E-01	1.66300073E-01
3.12421000E+01	3.43852537E-01	1.56465926E-01
3.17475000E+01	3.30757594E-01	1.47211241E-01
3.22609000E+01	3.17660046E-01	1.38659811E-01
3.27827000E+01	3.04846253E-01	1.30716370E-01
3.33130000E+01	2.92216030E-01	1.23227866E-01
3.38518000E+01	2.79718623E-01	1.16168584E-01
3.43993000E+01	2.67330305E-01	1.09513756E-01
3.49557000E+01	2.55018784E-01	1.03214259E-01
3.55211000E+01	2.42703456E-01	9.72615850E-02
3.60956000E+01	2.30330078E-01	9.16525858E-02
3.66794000E+01	2.17778452E-01	8.63672826E-02
3.72727000E+01	2.04667606E-01	8.13860385E-02
3.78755000E+01	1.91331825E-01	7.81598854E-02
3.84882000E+01	1.78498872E-01	7.52724645E-02
3.91107000E+01	1.65648753E-01	7.31277766E-02
3.97432000E+01	1.52693769E-01	7.12295561E-02
4.03861000E+01	1.39670010E-01	7.10546860E-02
4.10393000E+01	1.27129001E-01	7.11118671E-02
4.17031000E+01	1.13775655E-01	7.17039662E-02
4.23776000E+01	1.00635689E-01	7.41441277E-02
4.30630000E+01	8.64852797E-02	7.66675388E-02
4.37595000E+01	7.14036976E-02	8.51360761E-02
4.44673000E+01	6.03848434E-02	9.65387430E-02
4.51865000E+01	5.25650327E-02	1.09468649E-01
4.59174000E+01	4.86570364E-02	1.24129893E-01
4.66600000E+01	5.24073597E-02	1.39870314E-01
4.74147000E+01	5.81437220E-02	1.44325373E-01
4.81816000E+01	6.15363041E-02	1.48922400E-01
4.89609000E+01	6.48386289E-02	1.53665594E-01
4.97528000E+01	7.02526006E-02	1.57383094E-01
5.05576000E+01	7.47328342E-02	1.58127257E-01
5.13753000E+01	7.85204221E-02	1.58875584E-01
5.22062000E+01	8.24918162E-02	1.59627775E-01
5.30506000E+01	8.78472486E-02	1.59425862E-01
5.39087000E+01	9.21032015E-02	1.57086394E-01
5.47806000E+01	9.56083003E-02	1.54781600E-01
5.56667000E+01	9.89635574E-02	1.52510324E-01
5.65670000E+01	1.02952434E-01	1.50272907E-01
5.74820000E+01	1.07435341E-01	1.45705253E-01
5.84117000E+01	1.10242156E-01	1.40496726E-01
5.93564000E+01	1.12219903E-01	1.35474629E-01
6.03165000E+01	1.14184388E-01	1.30631289E-01
6.12921000E+01	1.15646214E-01	1.24480576E-01
6.22834000E+01	1.16093878E-01	1.18553644E-01
6.32908000E+01	1.15917674E-01	1.12908725E-01
6.43145000E+01	1.15401451E-01	1.07532443E-01
6.53547000E+01	1.14786186E-01	1.02412434E-01
6.64118000E+01	1.13892050E-01	9.68957215E-02
6.74859000E+01	1.12363580E-01	9.15554675E-02
6.85775000E+01	1.10415007E-01	8.65092997E-02
6.96867000E+01	1.08047782E-01	8.17550219E-02
7.08138000E+01	1.05564934E-01	7.76461917E-02
7.19591000E+01	1.03095472E-01	7.37438539E-02
7.31230000E+01	1.00540539E-01	7.00375273E-02
7.43057000E+01	9.77912870E-02	6.65174421E-02
7.55076000E+01	9.50216148E-02	6.35756656E-02
7.67289000E+01	9.24536027E-02	6.08253844E-02
7.79699000E+01	8.99690826E-02	5.81941648E-02
7.92310000E+01	8.75228262E-02	5.56767422E-02
8.05125000E+01	8.50719173E-02	5.32681511E-02
8.18147000E+01	8.24925280E-02	5.10772154E-02
8.31380000E+01	8.01225195E-02	4.91741201E-02
8.44827000E+01	7.79058039E-02	4.73418958E-02
8.58491000E+01	7.57730025E-02	4.55781178E-02
8.72377000E+01	7.37084951E-02	4.38798563E-02
8.86487000E+01	7.17037255E-02	4.22449924E-02
9.00825000E+01	6.97557046E-02	4.06639226E-02
9.15395000E+01	6.78422291E-02	3.91343479E-02
9.30201000E+01	6.59604473E-02	3.76621906E-02
9.45246000E+01	6.41057990E-02	3.62454991E-02
9.60535000E+01	6.22649533E-02	3.48821062E-02
9.76071000E+01	6.03894656E-02	3.35699019E-02
9.91858000E+01	5.85697878E-02	3.25030096E-02
1.00790000E+02	5.68708815E-02	3.14766472E-02
1.02420000E+02	5.52565484E-02	3.04828361E-02
1.04077000E+02	5.36957987E-02	2.95199870E-02
1.05760000E+02	5.21762375E-02	2.85879877E-02
1.07471000E+02	5.06596468E-02	2.76850587E-02
1.09209000E+02	4.91999180E-02	2.69424025E-02
1.10975000E+02	4.78480586E-02	2.62301264E-02
1.12770000E+02	4.65808407E-02	2.55364908E-02
1.14594000E+02	4.53800204E-02	2.48611752E-02
1.16448000E+02	4.42424560E-02	2.42035567E-02
1.18331000E+02	4.31760127E-02	2.35636878E-02
1.20245000E+02	4.22382879E-02	2.28967467E-02
1.22190000E+02	4.12698557E-02	2.21412455E-02
1.24166000E+02	4.02809746E-02	2.14108604E-02
1.26175000E+02	3.93037422E-02	2.07041818E-02
1.28215000E+02	3.83465125E-02	2.00213246E-02
1.30289000E+02	3.74136813E-02	1.93606792E-02
1.32397000E+02	3.65231871E-02	1.87216983E-02
1.34538000E+02	3.56439694E-02	1.80515831E-02
1.36714000E+02	3.47612783E-02	1.74052388E-02
1.38925000E+02	3.38878949E-02	1.67821182E-02
1.41172000E+02	3.30277034E-02	1.61812273E-02
1.43456000E+02	3.21819004E-02	1.56016877E-02
1.45776000E+02	3.13510511E-02	1.50431359E-02
1.48134000E+02	3.05294136E-02	1.45106874E-02
1.50530000E+02	2.97360498E-02	1.40081514E-02
1.52964000E+02	2.89675338E-02	1.35231400E-02
1.55439000E+02	2.82211043E-02	1.30546573E-02
1.57953000E+02	2.74978861E-02	1.26025601E-02
1.60507000E+02	2.67984307E-02	1.21662316E-02
1.63103000E+02	2.61249894E-02	1.17448989E-02
1.65742000E+02	2.54931326E-02	1.13380308E-02
1.68422000E+02	2.48966463E-02	1.08927805E-02
1.71146000E+02	2.42726879E-02	1.04318107E-02
1.73915000E+02	2.36399288E-02	9.99021600E-03
1.76727000E+02	2.30094438E-02	9.56751732E-03
1.79586000E+02	2.23834473E-02	9.16254993E-03
1.82491000E+02	2.17639437E-02	8.77476308E-03
1.85442000E+02	2.11504677E-02	8.40345528E-03
1.88442000E+02	2.05329289E-02	8.04777091E-03
1.91489000E+02	1.99270524E-02	7.73859692E-03
1.94587000E+02	1.93520976E-02	7.44957267E-03
1.97734000E+02	1.87995145E-02	7.17141684E-03
2.00932000E+02	1.82654960E-02	6.90363388E-03
2.04182000E+02	1.77483346E-02	6.64584136E-03
2.07485000E+02	1.72472801E-02	6.39765917E-03
2.10840000E+02	1.67625913E-02	6.15881466E-03
2.14251000E+02	1.62944217E-02	5.92879007E-03
2.17716000E+02	1.58496773E-02	5.70194092E-03
2.21237000E+02	1.54079936E-02	5.46903130E-03
2.24816000E+02	1.49717939E-02	5.24558382E-03
2.28452000E+02	1.45441572E-02	5.03130755E-03
2.32147000E+02	1.41257030E-02	4.82576149E-03
2.35902000E+02	1.37170856E-02	4.62861369E-03
2.39717000E+02	1.33184750E-02	4.43955154E-03
2.43595000E+02	1.29295801E-02	4.25816464E-03
2.47535000E+02	1.25508232E-02	4.08421500E-03
2.51538000E+02	1.21828925E-02	3.91738143E-03
2.55607000E+02	1.18240749E-02	3.75535975E-03
2.59741000E+02	1.14738883E-02	3.59997663E-03
2.63942000E+02	1.11326989E-02	3.45101238E-03
2.68211000E+02	1.08006555E-02	3.30822373E-03
2.72549000E+02	1.04777903E-02	3.17132943E-03
2.76957000E+02	1.01645579E-02	3.04012196E-03
2.81437000E+02	9.86205768E-03	2.91431354E-03
2.85989000E+02	9.57108089E-03	2.78713414E-03
2.90615000E+02	9.28285298E-03	2.66068900E-03
2.95315000E+02	8.99827298E-03	2.53999744E-03
3.00092000E+02	8.71967812E-03	2.42476200E-03
3.04945000E+02	8.44761807E-03	2.31477830E-03
3.09878000E+02	8.18247245E-03	2.20967116E-03
3.14890000E+02	7.92343399E-03	2.10800313E-03
3.19983000E+02	7.67035946E-03	2.01101270E-03
3.25158000E+02	7.42348633E-03	1.91848949E-03
3.30418000E+02	7.18292392E-03	1.83020994E-03
3.35762000E+02	6.94902757E-03	1.74600108E-03
3.41192000E+02	6.72236359E-03	1.66566895E-03
3.46711000E+02	6.50533017E-03	1.58508136E-03
3.52319000E+02	6.28944460E-03	1.50314941E-03
3.58017000E+02	6.07496088E-03	1.42545682E-03
3.63808000E+02	5.86417231E-03	1.35177651E-03
3.69692000E+02	5.65730346E-03	1.28190768E-03
3.75672000E+02	5.45437800E-03	1.21564656E-03
3.81748000E+02	5.25443826E-03	1.15314635E-03
3.87922000E+02	5.05937020E-03	1.09558097E-03
3.94197000E+02	4.86921405E-03	1.04088632E-03
4.00573000E+02	4.68317618E-03	9.88920629E-04
4.07052000E+02	4.50081752E-03	9.39552577E-04
4.13635000E+02	4.32120127E-03	8.92651531E-04
4.20326000E+02	4.14451641E-03	8.50878091E-04
4.27124000E+02	3.97291351E-03	8.12441423E-04
4.34032000E+02	3.80585392E-03	7.75741849E-04
4.41052000E+02	3.64210764E-03	7.40699321E-04
4.48186000E+02	3.48119055E-03	7.07237682E-04
4.55435000E+02	3.32255414E-03	6.75287412E-04
4.62802000E+02	3.16582451E-03	6.44778850E-04
4.70287000E+02	3.01017443E-03	6.15189882E-04
4.77894000E+02	2.85460959E-03	5.86854494E-04
4.85623000E+02	2.69834404E-03	5.59826530E-04
4.93478000E+02	2.54042726E-03	5.34040609E-04
5.01459000E+02	2.37954437E-03	5.09251952E-04
5.09570000E+02	2.21303367E-03	4.85068437E-04
5.17812000E+02	2.03805295E-03	4.62035271E-04
5.26187000E+02	1.85031651E-03	4.40095817E-04
5.34698000E+02	1.64284037E-03	4.19196715E-04
5.43346000E+02	1.40214971E-03	3.98232041E-04
5.52134000E+02	1.09994714E-03	3.77904316E-04
5.61065000E+02	6.61491186E-04	3.58611560E-04
5.70139000E+02	-3.02625887E-04	3.40305092E-04
5.74000000E+02	-3.32037853E-03	3.32886988E-04
5.74200000E+02	-3.31338847E-03	2.95131426E-03
5.79361000E+02	4.03863239E-05	2.85198085E-03
5.88732000E+02	8.99945319E-04	2.68215430E-03
5.98254000E+02	1.28453168E-03	2.52244124E-03
6.07930000E+02	1.50848740E-03	2.37223485E-03
6.17763000E+02	1.64694151E-03	2.23097908E-03
6.27755000E+02	1.72910518E-03	2.09812721E-03
6.37908000E+02	1.76137167E-03	1.98422347E-03
6.48226000E+02	1.77918871E-03	1.89573202E-03
6.58711000E+02	1.78647290E-03	1.81118060E-03
6.69365000E+02	1.77233249E-03	1.74020318E-03
6.80191000E+02	1.76462849E-03	1.69366319E-03
6.91193000E+02	1.76251506E-03	1.64835886E-03
7.02372000E+02	1.76235918E-03	1.60427770E-03
7.13733000E+02	1.76394963E-03	1.56137661E-03
7.25277000E+02	1.77326545E-03	1.51962108E-03
7.37008000E+02	1.79043848E-03	1.46514984E-03
7.48928000E+02	1.79288486E-03	1.39481125E-03
7.61042000E+02	1.78436815E-03	1.32783581E-03
7.73351000E+02	1.76998512E-03	1.26408611E-03
7.85859000E+02	1.75164942E-03	1.20339159E-03
7.98570000E+02	1.73059099E-03	1.14561844E-03
8.11486000E+02	1.70771648E-03	1.09060917E-03
8.24611000E+02	1.68460258E-03	1.03825188E-03
8.37949000E+02	1.66339814E-03	9.85899459E-04
8.51502000E+02	1.63710360E-03	9.29865924E-04
8.65274000E+02	1.60654660E-03	8.77024195E-04
8.79269000E+02	1.57353490E-03	8.27177909E-04
8.93491000E+02	1.53829646E-03	7.80171453E-04
9.07943000E+02	1.50205932E-03	7.37757070E-04
9.22628000E+02	1.46631650E-03	6.98382895E-04
9.37551000E+02	1.43126651E-03	6.61111330E-04
9.52715000E+02	1.39688056E-03	6.25827555E-04
9.68124000E+02	1.36270763E-03	5.91201295E-04
9.83783000E+02	1.32811315E-03	5.58070056E-04
9.99695000E+02	1.29290549E-03	5.26794321E-04
1.01586000E+03	1.25775230E-03	4.98018868E-04
1.03229000E+03	1.22362372E-03	4.71334702E-04
1.04899000E+03	1.19032937E-03	4.45929360E-04
1.06596000E+03	1.15755459E-03	4.21742586E-04
1.08320000E+03	1.12533985E-03	3.98868417E-04
1.10072000E+03	1.09371915E-03	3.77233784E-04
1.11852000E+03	1.06273227E-03	3.56775255E-04
1.13661000E+03	1.03238156E-03	3.37427891E-04
1.15500000E+03	1.00266878E-03	3.19123490E-04
1.17368000E+03	9.73636572E-04	3.01815018E-04
1.19266000E+03	9.45280225E-04	2.85445303E-04
1.21195000E+03	9.17590920E-04	2.69962406E-04
1.23155000E+03	8.90601019E-04	2.55320972E-04
1.25147000E+03	8.64297694E-04	2.41425728E-04
1.27172000E+03	8.38650856E-04	2.28231516E-04
1.29229000E+03	8.13606742E-04	2.15698492E-04
1.31319000E+03	7.89178315E-04	2.03858958E-04
1.33443000E+03	7.65376081E-04	1.92668686E-04
1.35601000E+03	7.42200495E-04	1.82091963E-04
1.37794000E+03	7.19645817E-04	1.72093484E-04
1.40023000E+03	6.97700007E-04	1.62643644E-04
1.42288000E+03	6.76372159E-04	1.53715462E-04
1.44589000E+03	6.55660216E-04	1.45276122E-04
1.46928000E+03	6.35559138E-04	1.37275547E-04
1.49304000E+03	6.16072948E-04	1.29683704E-04
1.51719000E+03	5.97096938E-04	1.22378447E-04
1.54173000E+03	5.78601802E-04	1.15467108E-04
1.56667000E+03	5.60595383E-04	1.08944798E-04
1.59201000E+03	5.43095012E-04	1.02790780E-04
1.61776000E+03	5.26090410E-04	9.69844748E-05
1.64392000E+03	5.09584033E-04	9.15075992E-05
1.67051000E+03	4.93558538E-04	8.63403875E-05
1.69753000E+03	4.78011191E-04	8.14645937E-05
1.72499000E+03	4.62948149E-04	7.68633727E-05
1.75289000E+03	4.48337665E-04	7.24806557E-05
1.78124000E+03	4.34147336E-04	6.83352326E-05
1.81005000E+03	4.20370454E-04	6.44180848E-05
1.83932000E+03	4.07002889E-04	6.07251558E-05
1.86907000E+03	3.94036234E-04	5.72429744E-05
1.89930000E+03	3.81460879E-04	5.39598086E-05
1.93002000E+03	3.69269474E-04	5.08665696E-05
1.96124000E+03	3.57453097E-04	4.79502073E-05
1.99296000E+03	3.45997749E-04	4.51995934E-05
2.02520000E+03	3.34915513E-04	4.26263097E-05
2.05795000E+03	3.24187747E-04	4.01695866E-05
2.09124000E+03	3.13779441E-04	3.78506938E-05
2.12506000E+03	3.03694951E-04	3.56641396E-05
2.15943000E+03	2.93925027E-04	3.36036556E-05
2.19436000E+03	2.84459897E-04	3.16579832E-05
2.22985000E+03	2.75291469E-04	2.98246549E-05
2.26592000E+03	2.66410315E-04	2.80961641E-05
2.30257000E+03	2.57810918E-04	2.64668661E-05
2.33981000E+03	2.49483282E-04	2.49305263E-05
2.37766000E+03	2.41417870E-04	2.34827228E-05
2.41611000E+03	2.33610526E-04	2.21181310E-05
2.45519000E+03	2.26049259E-04	2.08321398E-05
2.49490000E+03	2.18730191E-04	1.96199924E-05
2.53526000E+03	2.11642206E-04	1.84777864E-05
2.57626000E+03	2.04782357E-04	1.74018100E-05
2.61793000E+03	1.98141143E-04	1.63878209E-05
2.66027000E+03	1.91712495E-04	1.54327189E-05
2.70330000E+03	1.85489203E-04	1.45326797E-05
2.74703000E+03	1.79464980E-04	1.36847698E-05
2.79146000E+03	1.73634239E-04	1.28861454E-05
2.83661000E+03	1.67991197E-04	1.21339207E-05
2.88249000E+03	1.62528676E-04	1.14252585E-05
2.92911000E+03	1.57242516E-04	1.07579564E-05
2.97648000E+03	1.52125963E-04	1.01296515E-05
3.02463000E+03	1.47173143E-04	9.53779428E-06
3.07355000E+03	1.42380436E-04	8.98037177E-06
3.12326000E+03	1.37742006E-04	8.45552670E-06
3.17378000E+03	1.33252331E-04	7.96121850E-06
3.22511000E+03	1.28907224E-04	7.49585069E-06
3.27727000E+03	1.24702607E-04	7.05764712E-06
3.33028000E+03	1.20631945E-04	6.64509785E-06
3.38415000E+03	1.16692343E-04	6.25656374E-06
3.43888000E+03	1.12880554E-04	5.89078181E-06
3.49450000E+03	1.09190018E-04	5.54640037E-06
3.55102000E+03	1.05618613E-04	5.22230393E-06
3.60846000E+03	1.02160911E-04	4.91709261E-06
3.66682000E+03	9.88146241E-05	4.62985421E-06
3.72613000E+03	9.55750114E-05	4.35926636E-06
3.78640000E+03	9.24390334E-05	4.10482924E-06
3.84764000E+03	8.94037101E-05	3.86507975E-06
3.90987000E+03	8.64645543E-05	3.63949624E-06
3.97311000E+03	8.36188198E-05	3.42704165E-06
4.03738000E+03	8.08631404E-05	3.22717141E-06
4.10268000E+03	7.81947390E-05	3.03897455E-06
4.16903000E+03	7.56104942E-05	2.86188178E-06
4.23646000E+03	7.31074127E-05	2.69520837E-06
4.30498000E+03	7.06823998E-05	2.53830903E-06
4.37462000E+03	6.83324801E-05	2.39055086E-06
4.44537000E+03	6.60554707E-05	2.25144454E-06
4.51727000E+03	6.38480657E-05	2.12053525E-06
4.59033000E+03	6.17077521E-05	1.99745253E-06
4.66458000E+03	5.96313536E-05	1.88146330E-06
4.74003000E+03	5.76161644E-05	1.77228374E-06
4.81669000E+03	5.56598826E-05	1.66953455E-06
4.89460000E+03	5.37589454E-05	1.57277143E-06
4.97377000E+03	5.19100525E-05	1.48173667E-06
5.05421000E+03	5.01103933E-05	1.39602696E-06
5.13596000E+03	4.83555070E-05	1.31538263E-06
5.21903000E+03	4.66408990E-05	1.23942993E-06
5.30344000E+03	4.49613508E-05	1.16794867E-06
5.38922000E+03	4.33091157E-05	1.10065204E-06
5.47639000E+03	4.16743025E-05	1.03729272E-06
5.56497000E+03	4.00414245E-05	9.77646537E-07
5.65498000E+03	3.83842836E-05	9.21481679E-07
5.74644000E+03	3.66508024E-05	8.68620162E-07
5.83939000E+03	3.47084598E-05	8.18846137E-07
5.93383000E+03	3.19829324E-05	7.71978403E-07
5.98910000E+03	2.06469628E-05	7.46128279E-07
5.98930000E+03	2.06467027E-05	6.14480251E-06
6.02981000E+03	3.06144499E-05	6.00392130E-06
6.12733000E+03	3.17624492E-05	5.68148165E-06
6.22644000E+03	3.16919939E-05	5.37524538E-06
6.32715000E+03	3.12903110E-05	5.08440882E-06
6.42948000E+03	3.07382448E-05	4.80825858E-06
6.53348000E+03	3.01053608E-05	4.54613686E-06
6.63915000E+03	2.94267547E-05	4.29744373E-06
6.74654000E+03	2.87220983E-05	4.06154828E-06
6.85565000E+03	2.80038304E-05	3.83800559E-06
6.96654000E+03	2.72801928E-05	3.62600317E-06
7.07922000E+03	2.65568562E-05	3.42504272E-06
7.19372000E+03	2.58378370E-05	3.23473425E-06
7.31007000E+03	2.51261725E-05	3.05453347E-06
7.42831000E+03	2.44239727E-05	2.88388437E-06
7.54845000E+03	2.37329943E-05	2.72226433E-06
7.67054000E+03	2.30542430E-05	2.56939385E-06
7.79461000E+03	2.23887177E-05	2.42466830E-06
7.92068000E+03	2.17369723E-05	2.28780463E-06
8.04879000E+03	2.10995446E-05	2.15837016E-06
8.17898000E+03	2.04768025E-05	2.03599930E-06
8.31126000E+03	1.98688571E-05	1.92029129E-06
8.44569000E+03	1.92757856E-05	1.81096531E-06
8.58229000E+03	1.86976519E-05	1.70756507E-06
8.72111000E+03	1.81342778E-05	1.60988807E-06
8.86216000E+03	1.75857836E-05	1.51766102E-06
9.00550000E+03	1.70519054E-05	1.43051303E-06
9.15116000E+03	1.65324230E-05	1.34823161E-06
9.29917000E+03	1.60272411E-05	1.27050443E-06
9.44958000E+03	1.55359821E-05	1.19714931E-06
9.60242000E+03	1.50585324E-05	1.12796300E-06
9.75773000E+03	1.45946668E-05	1.06263948E-06
9.91555000E+03	1.41440372E-05	1.00094703E-06
1.00759000E+04	1.37064721E-05	9.42778770E-07
1.02389000E+04	1.32814153E-05	8.87904950E-07
1.04045000E+04	1.28689383E-05	8.36145498E-07
1.05728000E+04	1.24684989E-05	7.87330551E-07
1.07438000E+04	1.20799216E-05	7.41304491E-07
1.09176000E+04	1.17028495E-05	6.97900835E-07
1.10942000E+04	1.13371037E-05	6.56980584E-07
1.12736000E+04	1.09824013E-05	6.18419779E-07
1.14559000E+04	1.06383605E-05	5.82071607E-07
1.16412000E+04	1.03046660E-05	5.47811890E-07
1.18295000E+04	9.98110561E-06	5.15524535E-07
1.20208000E+04	9.66746077E-06	4.85110792E-07
1.22153000E+04	9.36320114E-06	4.56445394E-07
1.24128000E+04	9.06850883E-06	4.29455782E-07
1.26136000E+04	8.78272653E-06	4.04025599E-07
1.28176000E+04	8.50577010E-06	3.80076379E-07
1.30250000E+04	8.23728471E-06	3.57515147E-07
1.32356000E+04	7.97726566E-06	3.36279649E-07
1.34497000E+04	7.72518700E-06	3.16279307E-07
1.36672000E+04	7.48105115E-06	2.97452104E-07
1.38883000E+04	7.24436598E-06	2.79724339E-07
1.41129000E+04	7.01518783E-06	2.63039321E-07
1.43412000E+04	6.79305619E-06	2.47331915E-07
1.45731000E+04	6.57798826E-06	2.32551394E-07
1.48089000E+04	6.36949561E-06	2.18636730E-07
1.50484000E+04	6.16762978E-06	2.05545719E-07
1.52918000E+04	5.97209167E-06	1.93227047E-07
1.55391000E+04	5.78273275E-06	1.81637103E-07
1.57904000E+04	5.59930836E-06	1.70732884E-07
1.60458000E+04	5.42165538E-06	1.60473749E-07
1.63054000E+04	5.24952963E-06	1.50821712E-07
1.65691000E+04	5.08290883E-06	1.41744672E-07
1.68371000E+04	4.92153560E-06	1.33206223E-07
1.71094000E+04	4.76526576E-06	1.25176479E-07
1.73861000E+04	4.61394074E-06	1.17624821E-07
1.76674000E+04	4.46733939E-06	1.10521596E-07
1.79531000E+04	4.32543328E-06	1.03844194E-07
1.82435000E+04	4.18799798E-06	9.75647538E-08
1.85386000E+04	4.05492820E-06	9.16605875E-08
1.88384000E+04	3.92608474E-06	8.61104173E-08
1.91431000E+04	3.80131452E-06	8.08922933E-08
1.94527000E+04	3.68052003E-06	7.59871778E-08
1.97674000E+04	3.56351573E-06	7.13755110E-08
2.00871000E+04	3.45026217E-06	6.70414959E-08
2.04120000E+04	3.34058441E-06	6.29677734E-08
2.07421000E+04	3.23442349E-06	5.91394378E-08
2.10776000E+04	3.13160490E-06	5.55409925E-08
2.14185000E+04	3.03207470E-06	5.21597178E-08
2.17650000E+04	2.93567226E-06	4.89817257E-08
2.21170000E+04	2.84236187E-06	4.59960256E-08
2.24747000E+04	2.75202681E-06	4.31906506E-08
2.28382000E+04	2.66454816E-06	4.05546738E-08
2.32076000E+04	2.57985609E-06	3.80780194E-08
2.35830000E+04	2.49786082E-06	3.57510827E-08
2.39644000E+04	2.41847612E-06	3.35653943E-08
2.43520000E+04	2.34161781E-06	3.15119807E-08
2.47459000E+04	2.26719626E-06	2.95830789E-08
2.51462000E+04	2.19513491E-06	2.77711761E-08
2.55529000E+04	2.12538521E-06	2.60693947E-08
2.59662000E+04	2.05785667E-06	2.44709956E-08
2.63861000E+04	1.99247818E-06	2.29699333E-08
2.68129000E+04	1.92917684E-06	2.15600608E-08
2.72466000E+04	1.86787930E-06	2.02359511E-08
2.76873000E+04	1.80854628E-06	1.89926152E-08
2.81351000E+04	1.75110140E-06	1.78249729E-08
2.85902000E+04	1.69547426E-06	1.67285512E-08
2.90526000E+04	1.64163470E-06	1.56991583E-08
2.95225000E+04	1.58954191E-06	1.47324808E-08
3.00000000E+04	1.53888555E-06	1.38249614E-08
3.00000000E+04	1.53915309E-06	1.42805424E-08
3.04000000E+04	1.49869221E-06	1.35483413E-08
3.08000000E+04	1.45980639E-06	1.28625892E-08
3.12000000E+04	1.42241516E-06	1.22196924E-08
3.15000000E+04	1.39530611E-06	1.17637520E-08
3.19000000E+04	1.36035322E-06	1.11884466E-08
3.23000000E+04	1.32668754E-06	1.06479107E-08
3.26000000E+04	1.30225826E-06	1.02638178E-08
3.30000000E+04	1.27071650E-06	9.77828972E-09
3.34000000E+04	1.24030825E-06	9.31977203E-09
3.38000000E+04	1.21098003E-06	8.88776980E-09
3.41000000E+04	1.18965772E-06	8.58017262E-09
3.45000000E+04	1.16209651E-06	8.19042314E-09
3.49000000E+04	1.13548376E-06	7.82253946E-09
3.53000000E+04	1.10977200E-06	7.47456152E-09
3.57000000E+04	1.08492552E-06	7.14561564E-09
3.60300000E+04	1.06504122E-06	6.88769201E-09
3.65000000E+04	1.03766457E-06	6.54018370E-09
3.70000000E+04	1.00967925E-06	6.19421815E-09
3.75000000E+04	9.82815743E-07	5.87081932E-09
3.80000000E+04	9.57003219E-07	5.56825911E-09
3.85000000E+04	9.32199106E-07	5.28385915E-09
3.90000000E+04	9.08344248E-07	5.01739676E-09
3.95000000E+04	8.85398202E-07	4.76749769E-09
4.00000000E+04	8.63308429E-07	4.53299809E-09
4.04000000E+04	8.46227592E-07	4.35439204E-09
4.08000000E+04	8.29647351E-07	4.18450184E-09
4.11000000E+04	8.17529006E-07	4.06247938E-09
4.15000000E+04	8.01778785E-07	3.90661731E-09
4.23000000E+04	7.71619688E-07	3.61664088E-09
4.30000000E+04	7.46602454E-07	3.38463045E-09
4.38000000E+04	7.19476770E-07	3.14136061E-09
4.45000000E+04	6.96932724E-07	2.94617865E-09
4.53000000E+04	6.72444956E-07	2.74112856E-09
4.60000000E+04	6.52056387E-07	2.57595991E-09
4.65000000E+04	6.38061334E-07	2.46553140E-09
4.70000000E+04	6.24508462E-07	2.36094055E-09
4.75000000E+04	6.11384377E-07	2.26182541E-09
4.80000000E+04	5.98668753E-07	2.16784645E-09
4.85000000E+04	5.86344824E-07	2.07868499E-09
4.90000000E+04	5.74399064E-07	1.99404901E-09
4.95000000E+04	5.62816212E-07	1.91366637E-09
5.00000000E+04	5.51577185E-07	1.83728350E-09
5.05000000E+04	5.40675216E-07	1.76444821E-09
5.10000000E+04	5.30092647E-07	1.69517544E-09
5.15000000E+04	5.19814967E-07	1.62926095E-09
5.20000000E+04	5.09834782E-07	1.56650795E-09
5.25000000E+04	5.00140767E-07	1.50673716E-09
5.30000000E+04	4.90720088E-07	1.44978347E-09
5.35000000E+04	4.81560567E-07	1.39548691E-09
5.40000000E+04	4.72656540E-07	1.34370036E-09
5.45000000E+04	4.63998634E-07	1.29428668E-09
5.50000000E+04	4.55576005E-07	1.24711809E-09
5.60000000E+04	4.39403175E-07	1.15889438E-09
5.68000000E+04	4.27079024E-07	1.09385746E-09
5.75300000E+04	4.16279903E-07	1.03843234E-09
5.80000000E+04	4.09541886E-07	1.00459281E-09
5.85000000E+04	4.02550986E-07	9.70086579E-10
5.95400000E+04	3.88573694E-07	9.02920054E-10
5.98000000E+04	3.85194122E-07	8.87040961E-10
6.00000000E+04	3.82624071E-07	8.75063433E-10
6.08000000E+04	3.72594895E-07	8.29035661E-10
6.15000000E+04	3.64140110E-07	7.91211543E-10
6.23000000E+04	3.54824608E-07	7.50576202E-10
6.30000000E+04	3.46964645E-07	7.17132777E-10
6.40000000E+04	3.36181514E-07	6.72509992E-10
6.50000000E+04	3.25891256E-07	6.31291676E-10
6.59000000E+04	3.17030807E-07	5.96801535E-10
6.68300000E+04	3.08248121E-07	5.63591690E-10
6.74000000E+04	3.03045117E-07	5.44370647E-10
6.80000000E+04	2.97709697E-07	5.25010575E-10
6.90000000E+04	2.89124899E-07	4.94611583E-10
7.00000000E+04	2.80904473E-07	4.66372327E-10
7.10000000E+04	2.73031473E-07	4.40072700E-10
7.20000000E+04	2.65484451E-07	4.15593722E-10
7.28000000E+04	2.59670870E-07	3.97221186E-10
7.35000000E+04	2.54738760E-07	3.81967528E-10
7.42000000E+04	2.49944627E-07	3.67435773E-10
7.49600000E+04	2.44892890E-07	3.52428890E-10
7.55000000E+04	2.41395274E-07	3.42227990E-10
7.60000000E+04	2.38223513E-07	3.33107560E-10
7.71100000E+04	2.31401878E-07	3.13918547E-10
7.79000000E+04	2.26723785E-07	3.01094485E-10
7.86000000E+04	2.22696007E-07	2.90271964E-10
7.93000000E+04	2.18774484E-07	2.79928833E-10
8.00000000E+04	2.14956410E-07	2.70040525E-10
8.08000000E+04	2.10713895E-07	2.59249799E-10
8.15000000E+04	2.07103772E-07	2.50244530E-10
8.23000000E+04	2.03090251E-07	2.40423721E-10
8.30000000E+04	1.99674085E-07	2.32221185E-10
8.40000000E+04	1.94940113E-07	2.21098474E-10
8.50000000E+04	1.90372334E-07	2.10630196E-10
8.65000000E+04	1.83817111E-07	1.96057334E-10
8.80000000E+04	1.77595143E-07	1.82718108E-10
8.90000000E+04	1.73620148E-07	1.74449588E-10
9.00000000E+04	1.69777694E-07	1.66640833E-10
9.15000000E+04	1.64249307E-07	1.55715142E-10
9.30000000E+04	1.58986380E-07	1.45666424E-10
9.40000000E+04	1.55616493E-07	1.39412836E-10
9.50000000E+04	1.52353153E-07	1.33490527E-10
9.65000000E+04	1.47647440E-07	1.25180315E-10
9.80000000E+04	1.43156242E-07	1.17504664E-10
9.90000000E+04	1.40275293E-07	1.12711232E-10
9.95000000E+04	1.38867296E-07	1.10405780E-10
1.00000000E+05	1.37480375E-07	1.08158459E-10
1.01500000E+05	1.33441933E-07	1.01751025E-10
1.03000000E+05	1.29579252E-07	9.58087449E-11
1.04000000E+05	1.27096144E-07	9.20860413E-11
1.05000000E+05	1.24683673E-07	8.85416993E-11
1.06500000E+05	1.21192652E-07	8.35368514E-11
1.08000000E+05	1.17845636E-07	7.88796350E-11
1.09000000E+05	1.15690837E-07	7.59532201E-11
1.10000000E+05	1.13594559E-07	7.31609192E-11
1.11500000E+05	1.10555995E-07	6.92071325E-11
1.13000000E+05	1.07637218E-07	6.55155739E-11
1.14000000E+05	1.05755364E-07	6.31903021E-11
1.15000000E+05	1.03921969E-07	6.09668617E-11
1.16500000E+05	1.01260561E-07	5.78107390E-11
1.18000000E+05	9.87000321E-08	5.48553103E-11
1.19000000E+05	9.70465585E-08	5.29891035E-11
1.20000000E+05	9.54342627E-08	5.12023073E-11
1.22000000E+05	9.23282217E-08	4.78490702E-11
1.24000000E+05	8.93713008E-08	4.47650680E-11
1.25500000E+05	8.72458822E-08	4.26130421E-11
1.27000000E+05	8.51953495E-08	4.05883404E-11
1.28500000E+05	8.32162259E-08	3.86817735E-11
1.30000000E+05	8.13055737E-08	3.68854706E-11
1.31500000E+05	7.94596151E-08	3.51967319E-11
1.33000000E+05	7.76757796E-08	3.36028844E-11
1.34500000E+05	7.59516277E-08	3.20982405E-11
1.36000000E+05	7.42842237E-08	3.06762950E-11
1.37500000E+05	7.26711045E-08	2.93320112E-11
1.39000000E+05	7.11099393E-08	2.80602537E-11
1.40500000E+05	6.95985211E-08	2.68564205E-11
1.42000000E+05	6.81350430E-08	2.57161993E-11
1.44000000E+05	6.62541638E-08	2.42880141E-11
1.45400000E+05	6.49836216E-08	2.33467401E-11
1.46000000E+05	6.44500693E-08	2.29572409E-11
1.46700000E+05	6.38362049E-08	2.25130158E-11
1.48000000E+05	6.27188981E-08	2.17160291E-11
1.49000000E+05	6.18793423E-08	2.11267697E-11
1.49500000E+05	6.14658693E-08	2.08395838E-11
1.50000000E+05	6.10565250E-08	2.05572544E-11
1.52000000E+05	5.94593525E-08	1.94779243E-11
1.54000000E+05	5.79240154E-08	1.84682747E-11
1.56000000E+05	5.64475982E-08	1.75229845E-11
1.58000000E+05	5.50266711E-08	1.66372254E-11
1.60000000E+05	5.36587065E-08	1.58071781E-11
1.62000000E+05	5.23411048E-08	1.50280877E-11
1.63500000E+05	5.13846941E-08	1.44749822E-11
1.65000000E+05	5.04540418E-08	1.39470160E-11
1.67000000E+05	4.92521815E-08	1.32809963E-11
1.69000000E+05	4.80927450E-08	1.26541536E-11
1.71000000E+05	4.69737592E-08	1.20638504E-11
1.73000000E+05	4.58933641E-08	1.15074566E-11
1.75000000E+05	4.48499927E-08	1.09827296E-11
1.77000000E+05	4.38416109E-08	1.04875400E-11
1.77800000E+05	4.34477920E-08	1.02972790E-11
1.78200000E+05	4.32527785E-08	1.02037482E-11
1.78500000E+05	4.31075132E-08	1.01342843E-11
1.78600000E+05	4.30590743E-08	1.01112386E-11
1.78650000E+05	4.30349752E-08	1.00997776E-11
1.78670000E+05	4.30253412E-08	1.00951640E-11
1.78700000E+05	4.30108963E-08	1.00883278E-11
1.78710000E+05	4.30060830E-08	1.00860141E-11
1.78720000E+05	4.30012704E-08	1.00837008E-11
1.78728000E+05	4.29974210E-08	1.00686558E-11
1.78735000E+05	4.29940531E-08	1.00555384E-11
1.78743000E+05	4.29902046E-08	1.00537052E-11
1.78750000E+05	4.29868376E-08	1.00520924E-11
1.78765000E+05	4.29796240E-08	1.00486654E-11
1.78780000E+05	4.29724121E-08	1.00452574E-11
1.78800000E+05	4.29627991E-08	1.00407507E-11
1.78850000E+05	4.29387808E-08	1.00293663E-11
1.78900000E+05	4.29147826E-08	1.00179752E-11
1.79000000E+05	4.28668465E-08	9.99533377E-12
1.79100000E+05	4.28189907E-08	9.97275451E-12
1.79300000E+05	4.27233409E-08	9.92776404E-12
1.79700000E+05	4.25333540E-08	9.83855774E-12
1.80000000E+05	4.23915174E-08	9.77229439E-12
1.80800000E+05	4.20170258E-08	9.59834956E-12
1.81500000E+05	4.16935525E-08	9.44927394E-12
1.83000000E+05	4.10125105E-08	9.13968195E-12
1.85000000E+05	4.01300443E-08	8.74636300E-12
1.88000000E+05	3.88590303E-08	8.19558355E-12
1.90000000E+05	3.80447747E-08	7.85240822E-12
1.93000000E+05	3.68707662E-08	7.37069026E-12
1.95000000E+05	3.61180198E-08	7.06992533E-12
1.98000000E+05	3.50313872E-08	6.64692042E-12
2.00000000E+05	3.43339759E-08	6.38235812E-12
2.03000000E+05	3.33262598E-08	6.01465874E-12
2.05000000E+05	3.26790269E-08	5.78418094E-12
2.08000000E+05	3.17427632E-08	5.45877680E-12
2.10000000E+05	3.11407583E-08	5.25450653E-12
2.13000000E+05	3.02694786E-08	4.96570428E-12
2.15000000E+05	2.97086968E-08	4.78414186E-12
2.18000000E+05	2.88964111E-08	4.52795166E-12
2.20000000E+05	2.83731731E-08	4.36666162E-12
2.23000000E+05	2.76146738E-08	4.13806811E-12
2.26000000E+05	2.68861823E-08	3.92432549E-12
2.29000000E+05	2.61861364E-08	3.72423618E-12
2.32000000E+05	2.55130743E-08	3.53691954E-12
2.35000000E+05	2.48656269E-08	3.36132923E-12
2.38000000E+05	2.42425108E-08	3.19651965E-12
2.41000000E+05	2.36425219E-08	3.04172554E-12
2.44700000E+05	2.29327597E-08	2.86354790E-12
2.48000000E+05	2.23263265E-08	2.71554214E-12
2.52000000E+05	2.16229988E-08	2.54867861E-12
2.56000000E+05	2.09523842E-08	2.39440573E-12
2.60000000E+05	2.03124850E-08	2.25163760E-12
2.65000000E+05	1.95530441E-08	2.08780183E-12
2.70000000E+05	1.88354054E-08	1.93842461E-12
2.75000000E+05	1.81565565E-08	1.80207085E-12
2.79200000E+05	1.76142607E-08	1.69667019E-12
2.82000000E+05	1.72661384E-08	1.63058832E-12
2.85000000E+05	1.69044833E-08	1.56328162E-12
2.90000000E+05	1.63264589E-08	1.45864542E-12
2.95000000E+05	1.57776439E-08	1.36244401E-12
2.98000000E+05	1.54614431E-08	1.30852028E-12
3.00000000E+05	1.52559777E-08	1.27404721E-12
3.02000000E+05	1.50545180E-08	1.24187186E-12
3.04000000E+05	1.48570838E-08	1.21071551E-12
3.08000000E+05	1.44735705E-08	1.15129232E-12
3.12000000E+05	1.41047734E-08	1.09549425E-12
3.16500000E+05	1.37064838E-08	1.03673838E-12
3.18000000E+05	1.35774257E-08	1.01803480E-12
3.20100000E+05	1.33998620E-08	9.92562890E-13
3.26000000E+05	1.29191175E-08	9.25171506E-13
3.32000000E+05	1.24563289E-08	8.62444049E-13
3.38000000E+05	1.20179673E-08	8.04978194E-13
3.41000000E+05	1.18073884E-08	7.78052991E-13
3.44300000E+05	1.15820850E-08	7.49735987E-13
3.51000000E+05	1.11440935E-08	6.96119033E-13
3.57000000E+05	1.07726050E-08	6.52152751E-13
3.64000000E+05	1.03622147E-08	6.05191968E-13
3.70000000E+05	1.00288259E-08	5.68285616E-13
3.78000000E+05	9.60873714E-09	5.23372842E-13
3.85000000E+05	9.26246628E-09	4.87685506E-13
3.93000000E+05	8.88916944E-09	4.50571961E-13
4.00000000E+05	8.58069916E-09	4.20972950E-13
4.03000000E+05	8.45342232E-09	4.09567881E-13
4.06000000E+05	8.32895645E-09	3.98550075E-13
4.11100000E+05	8.12355062E-09	3.80673025E-13
4.11800000E+05	8.09595639E-09	3.78301501E-13
4.21000000E+05	7.74595268E-09	3.48786851E-13
4.30000000E+05	7.42506580E-09	3.22693466E-13
4.37000000E+05	7.18906699E-09	3.04095564E-13
4.44000000E+05	6.96414252E-09	2.86873664E-13
4.50000000E+05	6.77964181E-09	2.73129225E-13
4.56000000E+05	6.60240395E-09	2.60212245E-13
4.68050000E+05	6.26679466E-09	2.36535522E-13
4.74000000E+05	6.11042569E-09	2.25855437E-13
4.80000000E+05	5.95861980E-09	2.15699757E-13
4.90000000E+05	5.71786867E-09	2.00030729E-13
4.95000000E+05	5.60291617E-09	1.92739137E-13
5.00000000E+05	5.49141814E-09	1.85782822E-13
5.15000000E+05	5.17616666E-09	1.66756154E-13
5.30000000E+05	4.88730178E-09	1.50143134E-13
5.40000000E+05	4.70796663E-09	1.40227076E-13
5.45000000E+05	4.62195888E-09	1.35581552E-13
5.50000000E+05	4.53830524E-09	1.31238881E-13
5.58000000E+05	4.40910746E-09	1.24849865E-13
5.65000000E+05	4.30051407E-09	1.19584936E-13
5.80000000E+05	4.08093303E-09	1.09231734E-13
5.90000000E+05	3.94376866E-09	1.02965431E-13
6.00000000E+05	3.81338927E-09	9.71549539E-14
6.15000000E+05	3.62963881E-09	8.92577990E-14
6.30000000E+05	3.45884204E-09	8.21701580E-14
6.46000000E+05	3.28961428E-09	7.53907145E-14
6.61600000E+05	3.13631027E-09	6.94604356E-14
6.80000000E+05	2.96886449E-09	6.32170494E-14
7.00000000E+05	2.80163865E-09	5.72282755E-14
7.12000000E+05	2.70798590E-09	5.40356593E-14
7.23300000E+05	2.62403399E-09	5.13515351E-14
7.50000000E+05	2.44051817E-09	4.56685868E-14
7.78900000E+05	2.26277392E-09	4.04110983E-14
8.00000000E+05	2.14497772E-09	3.70638254E-14
8.67400000E+05	1.82457664E-09	2.85787832E-14
8.89200000E+05	1.73620914E-09	2.64109303E-14
9.00000000E+05	1.69479013E-09	2.54397233E-14
9.64000000E+05	1.47721961E-09	2.05551741E-14
1.00000000E+06	1.37277427E-09	1.83444567E-14
1.00480000E+06	1.35968992E-09	1.80461059E-14
1.08580000E+06	1.16438779E-09	1.40724758E-14
1.12050000E+06	1.09338622E-09	1.27203049E-14
1.12110000E+06	1.09221620E-09	1.26983002E-14
1.17320000E+06	9.97358735E-10	1.10793248E-14
1.27450000E+06	8.45115028E-10	8.64011440E-15
1.33250000E+06	7.73141980E-10	7.54411492E-15
1.40800000E+06	6.92449938E-10	6.36648853E-15
1.45000000E+06	6.52916563E-10	5.81134979E-15
1.48000000E+06	6.26715246E-10	5.45190886E-15
1.50000000E+06	6.10114255E-10	5.22781813E-15
1.60000000E+06	5.36233232E-10	4.29767705E-15
1.70000000E+06	4.75002448E-10	3.56867289E-15
1.85000000E+06	4.01096082E-10	2.74606960E-15
1.93000000E+06	3.68533744E-10	2.40571664E-15
2.00000000E+06	3.43187835E-10	2.15097227E-15
2.10000000E+06	3.11281483E-10	1.85642053E-15
2.20000000E+06	2.83626310E-10	1.61486526E-15
2.35000000E+06	2.48574258E-10	1.32344968E-15
2.50000000E+06	2.19640215E-10	1.09653163E-15
2.70000000E+06	1.88306083E-10	8.66238807E-16
2.85000000E+06	1.69005307E-10	7.33179547E-16
3.00000000E+06	1.52527290E-10	6.25364627E-16
3.10000000E+06	1.42845537E-10	5.67056459E-16
3.20000000E+06	1.34057188E-10	5.15629204E-16
3.50000000E+06	1.12060866E-10	3.93660785E-16
3.70000000E+06	1.00273602E-10	3.32622739E-16
4.00000000E+06	8.57966005E-11	2.62243488E-16
4.20000000E+06	7.78200458E-11	2.26654333E-16
4.50000000E+06	6.77899066E-11	1.84233730E-16
5.00000000E+06	5.49098243E-11	1.33973624E-16
5.00298000E+06	5.48444303E-11	1.33735049E-16
5.50000000E+06	4.53800201E-11	1.00650336E-16
6.00000000E+06	3.81318225E-11	7.73982978E-17
6.50000000E+06	3.24910203E-11	6.09042274E-17
7.00000000E+06	2.80152165E-11	4.87346855E-17
8.00000000E+06	2.14491501E-11	3.26331253E-17
9.00000000E+06	1.69474766E-11	2.29134595E-17
1.00000000E+07	1.37274561E-11	1.67005238E-17
