1.300000E-01	-9.800000E+00	4.750000E+01
1.400000E-01	-8.640000E+00	4.510000E+01
1.500000E-01	-7.570000E+00	4.260000E+01
1.600000E-01	-6.660000E+00	4.030000E+01
1.800000E-01	-5.230000E+00	3.630000E+01
2.000000E-01	-4.230000E+00	3.300000E+01
2.200000E-01	-3.440000E+00	3.000000E+01
2.400000E-01	-2.810000E+00	2.750000E+01
2.600000E-01	-2.320000E+00	2.540000E+01
2.800000E-01	-1.920000E+00	2.370000E+01
3.000000E-01	-1.590000E+00	2.220000E+01
3.200000E-01	-1.320000E+00	2.080000E+01
3.400000E-01	-1.090000E+00	1.960000E+01
3.600000E-01	-9.000000E-01	1.840000E+01
3.800000E-01	-7.300000E-01	1.740000E+01
4.000000E-01	-5.900000E-01	1.650000E+01
4.200000E-01	-4.700000E-01	1.570000E+01
4.400000E-01	-3.700000E-01	1.500000E+01
4.600000E-01	-2.900000E-01	1.440000E+01
4.800000E-01	-2.200000E-01	1.370000E+01
5.000000E-01	-1.500000E-01	1.320000E+01
5.200000E-01	-9.000000E-02	1.270000E+01
5.400000E-01	-3.000000E-02	1.220000E+01
5.600000E-01	2.000000E-02	1.180000E+01
5.800000E-01	6.700000E-02	1.130000E+01
6.000000E-01	1.100000E-01	1.100000E+01
6.200000E-01	1.500000E-01	1.060000E+01
6.400000E-01	1.850000E-01	1.030000E+01
6.600000E-01	2.180000E-01	9.970000E+00
6.800000E-01	2.480000E-01	9.680000E+00
7.000000E-01	2.770000E-01	9.410000E+00
7.200000E-01	3.030000E-01	9.160000E+00
7.400000E-01	3.280000E-01	8.920000E+00
7.600000E-01	3.510000E-01	8.690000E+00
7.800000E-01	3.730000E-01	8.470000E+00
8.000000E-01	3.940000E-01	8.260000E+00
8.200000E-01	4.140000E-01	8.060000E+00
8.400000E-01	4.280000E-01	7.880000E+00
8.600000E-01	4.410000E-01	7.700000E+00
8.800000E-01	4.530000E-01	7.530000E+00
9.000000E-01	4.640000E-01	7.360000E+00
9.200000E-01	4.750000E-01	7.210000E+00
9.400000E-01	4.850000E-01	7.060000E+00
9.600000E-01	4.950000E-01	6.920000E+00
9.800000E-01	5.040000E-01	6.780000E+00
1.000000E+00	5.670000E-01	8.460000E+00
1.500000E+00	7.400000E-01	5.260000E+00
1.700000E+00	7.770000E-01	4.430000E+00
1.750000E+00	7.860000E-01	4.240000E+00
1.800000E+00	7.870000E-01	4.050000E+00
1.850000E+00	7.850000E-01	3.860000E+00
1.900000E+00	7.860000E-01	3.670000E+00
2.000000E+00	7.280000E-01	3.240000E+00
2.100000E+00	5.320000E-01	2.810000E+00
2.200000E+00	1.740000E-01	2.600000E+00
2.300000E+00	-4.000000E-02	2.590000E+00
2.400000E+00	-1.200000E-01	2.600000E+00
2.600000E+00	-1.500000E-01	2.500000E+00
2.800000E+00	-1.700000E-01	2.360000E+00
3.000000E+00	-1.800000E-01	2.210000E+00
3.200000E+00	-1.800000E-01	2.210000E+00
3.400000E+00	-2.700000E-01	1.950000E+00
3.600000E+00	-3.100000E-01	1.870000E+00
3.800000E+00	-3.400000E-01	1.810000E+00
4.000000E+00	-3.400000E-01	1.720000E+00
4.200000E+00	-4.200000E-01	1.640000E+00
4.400000E+00	-4.900000E-01	1.640000E+00
4.600000E+00	-5.200000E-01	1.670000E+00
4.800000E+00	-5.300000E-01	1.710000E+00
5.000000E+00	-4.700000E-01	1.780000E+00
5.200000E+00	-3.800000E-01	1.800000E+00
5.400000E+00	-2.800000E-01	1.780000E+00
5.600000E+00	-1.800000E-01	1.740000E+00
5.800000E+00	-1.000000E-01	1.670000E+00
6.000000E+00	-4.000000E-02	1.590000E+00
6.500000E+00	4.200000E-02	1.370000E+00
7.000000E+00	2.800000E-02	1.200000E+00
7.500000E+00	-1.000000E-02	1.090000E+00
8.000000E+00	-3.000000E-02	1.030000E+00
8.500000E+00	-3.000000E-02	9.790000E-01
9.000000E+00	-3.000000E-02	9.210000E-01
9.500000E+00	-3.000000E-02	8.670000E-01
1.000000E+01	-4.000000E-02	8.180000E-01
1.100000E+01	-7.000000E-02	7.540000E-01
1.200000E+01	-9.000000E-02	7.310000E-01
1.300000E+01	-8.000000E-02	7.240000E-01
1.400000E+01	-6.000000E-02	7.240000E-01
1.450000E+01	-3.000000E-02	7.170000E-01
1.500000E+01	-1.000000E-02	7.070000E-01
1.550000E+01	1.900000E-02	6.950000E-01
1.600000E+01	4.600000E-02	6.730000E-01
1.700000E+01	8.700000E-02	6.200000E-01
1.800000E+01	1.100000E-01	5.610000E-01
1.900000E+01	1.170000E-01	5.070000E-01
2.000000E+01	1.180000E-01	4.550000E-01
2.100000E+01	1.030000E-01	4.110000E-01
2.200000E+01	8.300000E-02	3.810000E-01
2.300000E+01	5.700000E-02	3.660000E-01
2.400000E+01	3.900000E-02	3.730000E-01
2.500000E+01	4.000000E-02	3.960000E-01
2.600000E+01	7.900000E-02	4.030000E-01
2.700000E+01	1.160000E-01	3.820000E-01
2.800000E+01	1.380000E-01	3.460000E-01
2.900000E+01	1.510000E-01	3.020000E-01
2.930000E+01	1.056262E-01	3.203146E-01
2.977390E+01	1.087772E-01	3.159741E-01
3.025550E+01	1.121608E-01	3.116923E-01
3.074490E+01	1.164716E-01	3.074675E-01
3.124210E+01	1.229105E-01	3.031554E-01
3.174750E+01	1.287327E-01	2.931015E-01
3.226090E+01	1.320580E-01	2.833839E-01
3.278270E+01	1.345702E-01	2.739872E-01
3.331300E+01	1.372852E-01	2.647652E-01
3.385180E+01	1.388032E-01	2.529574E-01
3.439930E+01	1.383549E-01	2.416761E-01
3.495570E+01	1.367288E-01	2.308978E-01
3.552110E+01	1.341583E-01	2.206001E-01
3.609560E+01	1.306596E-01	2.107620E-01
3.667940E+01	1.259622E-01	2.013625E-01
3.727270E+01	1.195165E-01	1.943778E-01
3.787550E+01	1.148268E-01	1.891719E-01
3.848820E+01	1.107998E-01	1.841034E-01
3.911070E+01	1.070522E-01	1.791723E-01
3.974320E+01	1.034105E-01	1.743734E-01
4.038610E+01	9.972823E-02	1.697021E-01
4.103930E+01	9.564979E-02	1.651563E-01
4.170310E+01	9.121581E-02	1.620512E-01
4.237760E+01	8.783439E-02	1.594956E-01
4.306300E+01	8.502633E-02	1.569802E-01
4.375950E+01	8.254315E-02	1.545045E-01
4.446730E+01	8.032299E-02	1.520676E-01
4.518650E+01	7.832969E-02	1.496695E-01
4.591740E+01	7.654761E-02	1.473084E-01
4.666000E+01	7.502142E-02	1.449858E-01
4.741470E+01	7.380314E-02	1.424359E-01
4.818160E+01	7.244535E-02	1.397497E-01
4.896090E+01	7.105562E-02	1.371141E-01
4.975280E+01	6.969300E-02	1.345280E-01
5.055760E+01	6.836315E-02	1.319905E-01
5.137530E+01	6.706978E-02	1.295013E-01
5.220620E+01	6.581205E-02	1.270592E-01
5.305060E+01	6.458168E-02	1.246631E-01
5.390870E+01	6.335544E-02	1.223415E-01
5.478060E+01	6.221054E-02	1.201012E-01
5.566670E+01	6.112903E-02	1.179013E-01
5.656700E+01	6.009970E-02	1.157424E-01
5.748200E+01	5.912116E-02	1.136224E-01
5.841170E+01	5.819517E-02	1.115416E-01
5.935640E+01	5.732930E-02	1.094991E-01
6.031650E+01	5.655554E-02	1.074881E-01
6.129210E+01	5.580275E-02	1.053777E-01
6.228340E+01	5.502981E-02	1.033089E-01
6.329080E+01	5.426144E-02	1.012804E-01
6.431450E+01	5.351396E-02	9.929187E-02
6.535470E+01	5.279495E-02	9.734247E-02
6.641180E+01	5.211355E-02	9.543113E-02
6.748590E+01	5.148899E-02	9.355755E-02
6.857750E+01	5.098970E-02	9.172045E-02
6.968670E+01	5.051313E-02	8.962382E-02
7.081380E+01	4.990335E-02	8.754226E-02
7.195910E+01	4.922027E-02	8.550907E-02
7.312300E+01	4.850326E-02	8.352304E-02
7.430570E+01	4.776133E-02	8.158315E-02
7.550760E+01	4.699844E-02	7.968818E-02
7.672890E+01	4.621323E-02	7.783736E-02
7.796990E+01	4.538882E-02	7.604963E-02
7.923100E+01	4.458440E-02	7.434635E-02
8.051250E+01	4.379156E-02	7.268121E-02
8.181470E+01	4.299939E-02	7.105332E-02
8.313800E+01	4.219588E-02	6.946188E-02
8.448270E+01	4.135048E-02	6.790607E-02
8.584910E+01	4.046057E-02	6.650502E-02
8.723770E+01	3.967810E-02	6.520717E-02
8.864870E+01	3.895544E-02	6.393479E-02
9.008250E+01	3.827082E-02	6.268720E-02
9.153950E+01	3.761478E-02	6.146390E-02
9.302010E+01	3.697905E-02	6.026448E-02
9.452460E+01	3.634803E-02	5.908854E-02
9.605350E+01	3.573221E-02	5.799094E-02
9.760710E+01	3.517124E-02	5.692806E-02
9.918580E+01	3.465276E-02	5.588459E-02
1.007900E+02	3.416677E-02	5.486035E-02
1.024200E+02	3.371136E-02	5.385508E-02
1.040770E+02	3.328648E-02	5.286749E-02
1.057600E+02	3.289702E-02	5.189886E-02
1.074710E+02	3.256111E-02	5.092297E-02
1.092090E+02	3.221546E-02	4.992868E-02
1.109750E+02	3.187442E-02	4.895362E-02
1.127700E+02	3.154592E-02	4.799733E-02
1.145940E+02	3.123474E-02	4.705976E-02
1.164480E+02	3.094435E-02	4.614046E-02
1.183310E+02	3.068157E-02	4.523931E-02
1.202450E+02	3.045767E-02	4.435593E-02
1.221900E+02	3.032146E-02	4.348084E-02
1.241660E+02	3.016643E-02	4.244587E-02
1.261750E+02	2.995428E-02	4.143515E-02
1.282150E+02	2.971328E-02	4.044937E-02
1.302890E+02	2.946268E-02	3.948632E-02
1.323970E+02	2.920950E-02	3.854617E-02
1.345380E+02	2.895981E-02	3.762856E-02
1.367140E+02	2.871775E-02	3.673308E-02
1.389250E+02	2.848910E-02	3.585885E-02
1.411720E+02	2.828098E-02	3.500513E-02
1.434560E+02	2.811012E-02	3.417154E-02
1.457760E+02	2.807175E-02	3.333824E-02
1.481340E+02	2.797012E-02	3.228427E-02
1.505300E+02	2.776163E-02	3.126342E-02
1.529640E+02	2.750824E-02	3.027539E-02
1.554390E+02	2.722785E-02	2.931797E-02
1.579530E+02	2.693130E-02	2.839120E-02
1.605070E+02	2.662608E-02	2.749396E-02
1.631030E+02	2.631724E-02	2.662462E-02
1.657420E+02	2.601188E-02	2.578267E-02
1.684220E+02	2.572106E-02	2.496784E-02
1.711460E+02	2.549408E-02	2.417858E-02
1.739150E+02	2.526593E-02	2.326919E-02
1.767270E+02	2.495152E-02	2.235954E-02
1.795860E+02	2.459352E-02	2.148503E-02
1.824910E+02	2.421120E-02	2.064475E-02
1.854420E+02	2.381347E-02	1.983768E-02
1.884420E+02	2.340588E-02	1.906189E-02
1.914890E+02	2.299379E-02	1.831657E-02
1.945870E+02	2.258183E-02	1.760023E-02
1.977340E+02	2.218292E-02	1.691210E-02
2.009320E+02	2.179158E-02	1.620864E-02
2.041820E+02	2.137223E-02	1.551672E-02
2.074850E+02	2.093313E-02	1.485432E-02
2.108400E+02	2.048640E-02	1.422044E-02
2.142510E+02	2.002951E-02	1.361334E-02
2.177160E+02	1.957435E-02	1.304632E-02
2.212370E+02	1.912726E-02	1.250405E-02
2.248160E+02	1.868594E-02	1.198418E-02
2.284520E+02	1.825031E-02	1.148599E-02
2.321470E+02	1.782082E-02	1.100849E-02
2.359020E+02	1.739791E-02	1.055082E-02
2.397170E+02	1.698273E-02	1.011230E-02
2.435950E+02	1.658027E-02	9.691855E-03
2.475350E+02	1.618249E-02	9.275530E-03
2.515380E+02	1.578470E-02	8.876051E-03
2.556070E+02	1.539057E-02	8.493702E-03
2.597410E+02	1.500178E-02	8.127862E-03
2.639420E+02	1.461892E-02	7.777773E-03
2.682110E+02	1.424251E-02	7.442774E-03
2.725490E+02	1.387286E-02	7.122194E-03
2.769570E+02	1.351017E-02	6.815437E-03
2.814370E+02	1.315471E-02	6.521855E-03
2.859890E+02	1.280669E-02	6.240939E-03
2.906150E+02	1.246633E-02	5.972104E-03
2.953150E+02	1.213383E-02	5.714895E-03
3.000920E+02	1.180949E-02	5.468716E-03
3.049450E+02	1.149809E-02	5.231288E-03
3.098780E+02	1.118985E-02	4.996576E-03
3.148900E+02	1.088443E-02	4.772409E-03
3.199830E+02	1.058451E-02	4.558309E-03
3.251580E+02	1.029061E-02	4.353822E-03
3.304180E+02	1.000282E-02	4.158479E-03
3.357620E+02	9.721549E-03	3.971920E-03
3.411920E+02	9.446690E-03	3.793743E-03
3.467110E+02	9.178315E-03	3.623539E-03
3.523190E+02	8.916543E-03	3.460965E-03
3.580170E+02	8.661820E-03	3.305711E-03
3.638080E+02	8.413548E-03	3.156240E-03
3.696920E+02	8.170852E-03	3.012950E-03
3.756720E+02	7.933900E-03	2.876161E-03
3.817480E+02	7.703033E-03	2.745592E-03
3.879220E+02	7.478302E-03	2.620951E-03
3.941970E+02	7.259815E-03	2.501956E-03
4.005730E+02	7.047796E-03	2.388369E-03
4.070520E+02	6.844154E-03	2.279941E-03
4.136350E+02	6.649545E-03	2.171123E-03
4.203260E+02	6.454140E-03	2.060746E-03
4.271240E+02	6.259935E-03	1.955994E-03
4.340320E+02	6.068550E-03	1.856562E-03
4.410520E+02	5.880450E-03	1.762189E-03
4.481860E+02	5.695725E-03	1.672606E-03
4.554350E+02	5.514418E-03	1.587579E-03
4.628020E+02	5.331174E-03	1.509198E-03
4.702870E+02	5.156830E-03	1.442148E-03
4.778940E+02	4.991664E-03	1.378070E-03
4.856230E+02	4.832527E-03	1.316842E-03
4.934780E+02	4.679019E-03	1.258333E-03
5.014590E+02	4.530894E-03	1.202429E-03
5.095700E+02	4.390300E-03	1.147811E-03
5.178120E+02	4.252022E-03	1.092107E-03
5.261870E+02	4.115657E-03	1.039106E-03
5.346980E+02	3.982593E-03	9.886768E-04
5.433460E+02	3.852929E-03	9.406940E-04
5.521340E+02	3.726677E-03	8.950446E-04
5.610650E+02	3.603839E-03	8.516030E-04
5.701390E+02	3.484415E-03	8.102773E-04
5.793610E+02	3.368994E-03	7.709527E-04
5.887320E+02	3.256733E-03	7.320201E-04
5.982540E+02	3.146430E-03	6.944248E-04
6.079300E+02	3.038486E-03	6.587617E-04
6.177630E+02	2.933054E-03	6.249283E-04
6.277550E+02	2.830170E-03	5.928329E-04
6.379080E+02	2.729931E-03	5.623865E-04
6.482260E+02	2.632485E-03	5.331871E-04
6.587110E+02	2.536787E-03	5.047056E-04
6.693650E+02	2.442832E-03	4.777450E-04
6.801910E+02	2.350667E-03	4.522255E-04
6.911930E+02	2.260218E-03	4.280676E-04
7.023720E+02	2.170764E-03	4.052022E-04
7.137330E+02	2.082577E-03	3.849868E-04
7.252770E+02	1.997233E-03	3.669950E-04
7.370080E+02	1.914137E-03	3.498435E-04
7.489280E+02	1.832760E-03	3.334944E-04
7.610420E+02	1.752722E-03	3.179086E-04
7.733510E+02	1.673923E-03	3.030525E-04
7.858590E+02	1.596131E-03	2.883771E-04
7.985700E+02	1.517697E-03	2.734263E-04
8.114860E+02	1.438175E-03	2.592516E-04
8.246110E+02	1.357067E-03	2.458110E-04
8.379490E+02	1.273316E-03	2.330677E-04
8.515020E+02	1.186365E-03	2.209852E-04
8.652740E+02	1.091904E-03	2.073661E-04
8.792690E+02	9.841841E-04	1.943195E-04
8.934910E+02	8.541485E-04	1.826186E-04
9.079430E+02	6.823903E-04	1.726043E-04
9.226280E+02	3.626130E-04	1.550086E-04
9.324000E+02	-1.214345E-03	1.444412E-04
9.326000E+02	-1.212514E-03	1.240948E-03
9.375510E+02	1.609743E-04	1.215697E-03
9.527150E+02	6.412079E-04	1.142266E-03
9.681240E+02	8.172943E-04	1.073265E-03
9.837830E+02	9.130765E-04	1.008460E-03
9.996950E+02	9.693825E-04	9.475653E-04
1.015860E+03	1.001608E-03	8.903624E-04
1.032290E+03	1.013992E-03	8.365940E-04
1.048990E+03	1.012787E-03	7.932043E-04
1.065960E+03	1.010215E-03	7.595603E-04
1.083200E+03	1.006355E-03	7.273510E-04
1.100720E+03	1.000298E-03	6.965086E-04
1.118520E+03	9.922672E-04	6.669815E-04
1.136610E+03	9.825761E-04	6.386946E-04
1.155000E+03	9.715581E-04	6.116044E-04
1.173680E+03	9.595472E-04	5.856722E-04
1.192660E+03	9.468490E-04	5.608398E-04
1.211950E+03	9.338044E-04	5.370564E-04
1.231550E+03	9.211508E-04	5.142869E-04
1.251470E+03	9.088903E-04	4.907505E-04
1.271720E+03	8.964059E-04	4.663690E-04
1.292290E+03	8.814214E-04	4.409450E-04
1.313190E+03	8.646571E-04	4.169141E-04
1.334430E+03	8.469319E-04	3.941929E-04
1.356010E+03	8.286011E-04	3.727090E-04
1.377940E+03	8.098778E-04	3.523943E-04
1.400230E+03	7.909149E-04	3.331880E-04
1.422880E+03	7.718464E-04	3.150254E-04
1.445890E+03	7.527698E-04	2.978564E-04
1.469280E+03	7.337498E-04	2.816141E-04
1.493040E+03	7.148661E-04	2.662531E-04
1.517190E+03	6.961361E-04	2.516951E-04
1.541730E+03	6.775990E-04	2.379296E-04
1.566670E+03	6.592979E-04	2.249181E-04
1.592010E+03	6.412677E-04	2.126181E-04
1.617760E+03	6.235333E-04	2.009900E-04
1.643920E+03	6.061180E-04	1.900001E-04
1.670510E+03	5.890335E-04	1.796089E-04
1.697530E+03	5.722939E-04	1.697863E-04
1.724990E+03	5.559574E-04	1.604998E-04
1.752890E+03	5.399744E-04	1.516326E-04
1.781240E+03	5.243072E-04	1.432253E-04
1.810050E+03	5.089654E-04	1.352604E-04
1.839320E+03	4.939590E-04	1.277415E-04
1.869070E+03	4.793007E-04	1.206407E-04
1.899300E+03	4.650002E-04	1.139354E-04
1.930020E+03	4.510537E-04	1.075996E-04
1.961240E+03	4.374578E-04	1.016163E-04
1.992960E+03	4.242051E-04	9.596864E-05
2.025200E+03	4.113505E-04	9.067212E-05
2.057950E+03	3.988519E-04	8.559775E-05
2.091240E+03	3.866591E-04	8.080231E-05
2.125060E+03	3.747977E-04	7.627209E-05
2.159430E+03	3.632613E-04	7.199079E-05
2.194360E+03	3.520408E-04	6.794178E-05
2.229850E+03	3.411330E-04	6.411870E-05
2.265920E+03	3.305317E-04	6.050883E-05
2.302570E+03	3.202377E-04	5.709844E-05
2.339810E+03	3.102371E-04	5.387482E-05
2.377660E+03	3.005252E-04	5.083348E-05
2.416110E+03	2.911002E-04	4.795882E-05
2.455190E+03	2.819495E-04	4.524640E-05
2.494900E+03	2.730701E-04	4.268334E-05
2.535260E+03	2.644523E-04	4.026478E-05
2.576260E+03	2.560958E-04	3.798329E-05
2.617930E+03	2.479893E-04	3.582728E-05
2.660270E+03	2.401278E-04	3.379154E-05
2.703300E+03	2.325041E-04	3.187241E-05
2.747030E+03	2.251126E-04	3.005975E-05
2.791460E+03	2.179474E-04	2.834929E-05
2.836610E+03	2.110029E-04	2.673501E-05
2.882490E+03	2.042719E-04	2.521177E-05
2.929110E+03	1.977497E-04	2.377432E-05
2.976480E+03	1.914297E-04	2.241814E-05
3.024630E+03	1.853042E-04	2.113838E-05
3.073550E+03	1.793714E-04	1.993120E-05
3.123260E+03	1.736238E-04	1.879218E-05
3.173780E+03	1.680557E-04	1.771774E-05
3.225110E+03	1.626629E-04	1.670401E-05
3.277270E+03	1.574398E-04	1.574806E-05
3.330280E+03	1.523807E-04	1.484609E-05
3.384150E+03	1.474808E-04	1.399546E-05
3.438880E+03	1.427374E-04	1.319323E-05
3.494500E+03	1.381432E-04	1.243661E-05
3.551020E+03	1.336950E-04	1.172292E-05
3.608460E+03	1.293878E-04	1.104984E-05
3.666820E+03	1.252181E-04	1.041520E-05
3.726130E+03	1.211803E-04	9.816571E-06
3.786400E+03	1.172713E-04	9.252289E-06
3.847640E+03	1.134875E-04	8.720034E-06
3.909870E+03	1.098242E-04	8.218169E-06
3.973110E+03	1.062782E-04	7.745101E-06
4.037380E+03	1.028448E-04	7.298922E-06
4.102680E+03	9.952170E-05	6.878265E-06
4.169030E+03	9.630554E-05	6.481688E-06
4.236460E+03	9.319166E-05	6.107736E-06
4.304980E+03	9.017779E-05	5.755259E-06
4.374620E+03	8.725966E-05	5.422891E-06
4.445370E+03	8.443623E-05	5.109717E-06
4.517270E+03	8.170303E-05	4.814394E-06
4.590330E+03	7.905725E-05	4.535821E-06
4.664580E+03	7.649602E-05	4.273461E-06
4.740030E+03	7.401722E-05	4.026063E-06
4.816690E+03	7.161825E-05	3.792815E-06
4.894600E+03	6.929571E-05	3.572998E-06
4.973770E+03	6.704774E-05	3.365786E-06
5.054210E+03	6.487177E-05	3.170513E-06
5.135960E+03	6.276571E-05	2.986463E-06
5.219030E+03	6.072695E-05	2.813002E-06
5.303440E+03	5.875340E-05	2.649391E-06
5.389220E+03	5.684283E-05	2.495376E-06
5.476390E+03	5.499351E-05	2.350098E-06
5.564970E+03	5.320298E-05	2.213149E-06
5.654980E+03	5.146965E-05	2.084243E-06
5.746440E+03	4.979160E-05	1.962585E-06
5.839390E+03	4.816666E-05	1.848101E-06
5.933830E+03	4.659358E-05	1.740043E-06
6.029810E+03	4.507002E-05	1.638342E-06
6.127330E+03	4.359500E-05	1.542548E-06
6.226440E+03	4.216621E-05	1.452153E-06
6.327150E+03	4.078233E-05	1.367016E-06
6.429480E+03	3.944180E-05	1.286822E-06
6.533480E+03	3.814303E-05	1.211225E-06
6.639150E+03	3.688458E-05	1.140018E-06
6.746540E+03	3.566476E-05	1.072923E-06
6.855650E+03	3.448251E-05	1.009728E-06
6.966540E+03	3.333597E-05	9.501657E-07
7.079220E+03	3.222376E-05	8.940556E-07
7.193720E+03	3.114451E-05	8.411982E-07
7.310070E+03	3.009660E-05	7.914013E-07
7.428310E+03	2.907836E-05	7.444911E-07
7.548450E+03	2.808825E-05	7.003043E-07
7.670540E+03	2.712419E-05	6.586827E-07
7.794610E+03	2.618422E-05	6.194782E-07
7.920680E+03	2.526562E-05	5.825483E-07
8.048790E+03	2.436540E-05	5.477657E-07
8.178980E+03	2.347890E-05	5.150014E-07
8.311260E+03	2.260007E-05	4.841545E-07
8.445690E+03	2.171815E-05	4.550956E-07
8.582290E+03	2.081344E-05	4.277330E-07
8.721110E+03	1.983956E-05	4.019633E-07
8.862160E+03	1.862865E-05	3.777061E-07
8.978800E+03	1.273201E-05	3.590227E-07
8.979000E+03	1.273174E-05	2.791413E-06
9.005500E+03	1.697465E-05	2.763104E-06
9.151160E+03	1.788338E-05	2.613901E-06
9.299170E+03	1.780049E-05	2.472342E-06
9.449580E+03	1.753255E-05	2.337912E-06
9.602420E+03	1.718810E-05	2.210357E-06
9.757730E+03	1.680535E-05	2.089355E-06
9.915550E+03	1.640237E-05	1.974696E-06
1.007590E+04	1.598935E-05	1.865893E-06
1.023890E+04	1.557195E-05	1.762748E-06
1.040450E+04	1.515455E-05	1.665029E-06
1.057280E+04	1.473962E-05	1.572455E-06
1.074380E+04	1.432916E-05	1.484787E-06
1.091760E+04	1.392440E-05	1.401780E-06
1.109420E+04	1.352638E-05	1.323207E-06
1.127360E+04	1.313594E-05	1.248863E-06
1.145590E+04	1.275346E-05	1.178524E-06
1.164120E+04	1.237909E-05	1.111983E-06
1.182950E+04	1.201325E-05	1.049049E-06
1.202080E+04	1.165617E-05	9.895543E-07
1.221530E+04	1.130766E-05	9.332912E-07
1.241280E+04	1.096816E-05	8.801393E-07
1.261360E+04	1.063726E-05	8.298947E-07
1.281760E+04	1.031512E-05	7.824319E-07
1.302500E+04	1.000142E-05	7.375856E-07
1.323560E+04	9.696510E-06	6.952452E-07
1.344970E+04	9.399880E-06	6.552535E-07
1.366720E+04	9.111586E-06	6.175004E-07
1.388830E+04	8.831325E-06	5.818528E-07
1.411290E+04	8.559126E-06	5.482136E-07
1.434120E+04	8.294637E-06	5.164602E-07
1.457310E+04	8.037924E-06	4.865048E-07
1.480890E+04	7.788543E-06	4.582337E-07
1.504840E+04	7.546574E-06	4.315718E-07
1.529180E+04	7.311720E-06	4.064226E-07
1.553910E+04	7.083868E-06	3.827066E-07
1.579040E+04	6.862810E-06	3.603407E-07
1.604580E+04	6.648347E-06	3.392537E-07
1.630540E+04	6.440268E-06	3.193694E-07
1.656910E+04	6.238563E-06	3.006298E-07
1.683710E+04	6.042922E-06	2.829663E-07
1.710940E+04	5.853261E-06	2.663213E-07
1.738610E+04	5.669401E-06	2.506366E-07
1.766740E+04	5.491069E-06	2.358533E-07
1.795310E+04	5.318309E-06	2.219298E-07
1.824350E+04	5.150799E-06	2.088100E-07
1.853860E+04	4.988479E-06	1.964539E-07
1.883840E+04	4.831180E-06	1.848179E-07
1.914310E+04	4.678736E-06	1.738570E-07
1.945270E+04	4.531039E-06	1.635357E-07
1.976740E+04	4.387887E-06	1.538170E-07
2.008710E+04	4.249225E-06	1.446670E-07
2.041200E+04	4.114877E-06	1.360527E-07
2.074210E+04	3.984743E-06	1.279442E-07
2.107760E+04	3.858649E-06	1.203108E-07
2.141850E+04	3.736517E-06	1.131267E-07
2.176500E+04	3.618185E-06	1.063644E-07
2.211700E+04	3.503586E-06	1.000018E-07
2.247470E+04	3.392591E-06	9.401448E-08
2.283820E+04	3.285086E-06	8.838060E-08
2.320760E+04	3.180949E-06	8.307978E-08
2.358300E+04	3.080085E-06	7.809257E-08
2.396440E+04	2.982418E-06	7.340142E-08
2.435200E+04	2.887830E-06	6.898837E-08
2.474590E+04	2.796206E-06	6.483724E-08
2.514620E+04	2.707483E-06	6.093276E-08
2.555290E+04	2.621573E-06	5.726094E-08
2.596620E+04	2.538376E-06	5.380782E-08
2.638610E+04	2.457826E-06	5.056081E-08
2.681290E+04	2.379805E-06	4.750722E-08
2.724660E+04	2.304253E-06	4.463606E-08
2.768730E+04	2.231102E-06	4.193655E-08
2.813510E+04	2.160270E-06	3.939867E-08
2.859020E+04	2.091679E-06	3.701269E-08
2.905260E+04	2.025266E-06	3.476983E-08
2.952250E+04	1.960960E-06	3.266142E-08
3.000000E+04	1.898689E-06	3.067967E-08
3.040000E+04	1.848262E-06	2.918101E-08
3.080000E+04	1.800315E-06	2.773236E-08
3.120000E+04	1.754203E-06	2.637295E-08
3.150000E+04	1.720772E-06	2.540803E-08
3.190000E+04	1.677664E-06	2.418938E-08
3.230000E+04	1.636151E-06	2.304330E-08
3.260000E+04	1.606012E-06	2.222824E-08
3.300000E+04	1.567105E-06	2.119705E-08
3.340000E+04	1.529600E-06	2.022074E-08
3.380000E+04	1.493427E-06	1.930018E-08
3.410000E+04	1.467125E-06	1.864412E-08
3.450000E+04	1.433120E-06	1.781225E-08
3.490000E+04	1.400290E-06	1.702649E-08
3.530000E+04	1.368571E-06	1.628207E-08
3.570000E+04	1.337914E-06	1.557755E-08
3.603000E+04	1.313388E-06	1.502490E-08
3.650000E+04	1.279606E-06	1.427954E-08
3.700000E+04	1.245076E-06	1.353680E-08
3.750000E+04	1.211930E-06	1.284196E-08
3.800000E+04	1.180085E-06	1.219126E-08
3.850000E+04	1.149478E-06	1.158010E-08
3.900000E+04	1.120044E-06	1.100686E-08
3.950000E+04	1.091729E-06	1.046878E-08
4.000000E+04	1.064472E-06	9.963272E-09
4.080000E+04	1.022940E-06	9.212701E-09
4.150000E+04	9.885564E-07	8.613211E-09
4.230000E+04	9.513415E-07	7.986685E-09
4.300000E+04	9.204712E-07	7.484680E-09
4.380000E+04	8.870015E-07	6.957411E-09
4.450000E+04	8.591856E-07	6.533720E-09
4.530000E+04	8.289732E-07	6.087957E-09
4.600000E+04	8.038196E-07	5.728276E-09
4.650000E+04	7.865505E-07	5.487542E-09
4.700000E+04	7.698304E-07	5.259349E-09
4.750000E+04	7.536388E-07	5.042915E-09
4.800000E+04	7.379513E-07	4.837505E-09
4.850000E+04	7.227472E-07	4.642479E-09
4.900000E+04	7.080093E-07	4.457188E-09
4.950000E+04	6.937187E-07	4.281043E-09
5.000000E+04	6.798576E-07	4.113541E-09
5.050000E+04	6.664068E-07	3.953496E-09
5.100000E+04	6.533502E-07	3.801128E-09
5.150000E+04	6.406747E-07	3.656062E-09
5.200000E+04	6.283614E-07	3.517854E-09
5.250000E+04	6.164030E-07	3.386110E-09
5.300000E+04	6.047819E-07	3.260475E-09
5.350000E+04	5.934855E-07	3.140637E-09
5.400000E+04	5.825038E-07	3.026241E-09
5.450000E+04	5.718234E-07	2.917009E-09
5.500000E+04	5.614352E-07	2.812660E-09
5.600000E+04	5.414885E-07	2.617092E-09
5.680000E+04	5.262866E-07	2.472741E-09
5.753000E+04	5.129658E-07	2.349607E-09
5.800000E+04	5.046564E-07	2.274369E-09
5.850000E+04	4.960359E-07	2.197631E-09
5.954000E+04	4.787992E-07	2.048094E-09
5.980000E+04	4.746301E-07	2.012700E-09
6.000000E+04	4.714598E-07	1.986016E-09
6.080000E+04	4.590935E-07	1.882824E-09
6.150000E+04	4.486665E-07	1.797971E-09
6.230000E+04	4.371802E-07	1.706705E-09
6.300000E+04	4.274866E-07	1.631462E-09
6.400000E+04	4.141907E-07	1.531025E-09
6.500000E+04	4.015029E-07	1.438174E-09
6.590000E+04	3.905775E-07	1.360399E-09
6.683000E+04	3.797487E-07	1.285477E-09
6.740000E+04	3.733335E-07	1.242090E-09
6.800000E+04	3.667541E-07	1.198374E-09
6.900000E+04	3.561699E-07	1.129696E-09
7.000000E+04	3.460365E-07	1.065856E-09
7.100000E+04	3.363298E-07	1.006357E-09
7.200000E+04	3.270252E-07	9.509441E-10
7.280000E+04	3.198575E-07	9.093297E-10
7.350000E+04	3.137777E-07	8.747656E-10
7.420000E+04	3.078694E-07	8.418247E-10
7.496000E+04	3.016406E-07	8.077927E-10
7.550000E+04	2.973299E-07	7.846499E-10
7.600000E+04	2.934204E-07	7.639540E-10
7.711000E+04	2.850110E-07	7.203891E-10
7.790000E+04	2.792452E-07	6.912585E-10
7.860000E+04	2.742803E-07	6.666649E-10
7.930000E+04	2.694473E-07	6.431531E-10
8.000000E+04	2.647407E-07	6.206661E-10
8.080000E+04	2.595127E-07	5.961145E-10
8.150000E+04	2.550625E-07	5.756178E-10
8.230000E+04	2.501167E-07	5.532566E-10
8.300000E+04	2.459046E-07	5.345731E-10
8.400000E+04	2.400714E-07	5.092252E-10
8.500000E+04	2.344429E-07	4.853582E-10
8.650000E+04	2.263645E-07	4.521123E-10
8.800000E+04	2.186967E-07	4.216584E-10
8.900000E+04	2.137987E-07	4.027681E-10
9.000000E+04	2.090639E-07	3.849216E-10
9.150000E+04	2.022516E-07	3.599371E-10
9.300000E+04	1.957671E-07	3.369421E-10
9.400000E+04	1.916154E-07	3.226239E-10
9.500000E+04	1.875949E-07	3.090559E-10
9.650000E+04	1.817970E-07	2.900102E-10
9.800000E+04	1.762640E-07	2.724050E-10
9.900000E+04	1.727145E-07	2.614052E-10
9.950000E+04	1.709795E-07	2.561127E-10
1.000000E+05	1.692711E-07	2.509529E-10
1.015000E+05	1.642965E-07	2.362382E-10
1.030000E+05	1.595372E-07	2.225835E-10
1.040000E+05	1.564785E-07	2.140240E-10
1.050000E+05	1.535069E-07	2.058710E-10
1.065000E+05	1.492065E-07	1.943543E-10
1.080000E+05	1.450836E-07	1.836290E-10
1.090000E+05	1.424293E-07	1.768874E-10
1.100000E+05	1.398471E-07	1.704512E-10
1.115000E+05	1.361041E-07	1.613345E-10
1.130000E+05	1.325092E-07	1.528174E-10
1.140000E+05	1.301911E-07	1.474493E-10
1.150000E+05	1.279332E-07	1.423147E-10
1.165000E+05	1.246557E-07	1.350229E-10
1.180000E+05	1.215020E-07	1.281915E-10
1.190000E+05	1.194657E-07	1.238753E-10
1.200000E+05	1.174796E-07	1.197385E-10
1.220000E+05	1.136547E-07	1.119696E-10
1.240000E+05	1.100130E-07	1.048187E-10
1.255000E+05	1.073952E-07	9.982638E-11
1.270000E+05	1.048701E-07	9.512689E-11
1.285000E+05	1.024329E-07	9.070005E-11
1.300000E+05	1.000799E-07	8.652706E-11
1.315000E+05	9.780702E-08	8.260254E-11
1.330000E+05	9.561031E-08	7.889743E-11
1.345000E+05	9.348737E-08	7.539716E-11
1.360000E+05	9.143400E-08	7.208873E-11
1.375000E+05	8.944779E-08	6.895908E-11
1.390000E+05	8.752526E-08	6.599749E-11
1.405000E+05	8.566430E-08	6.319362E-11
1.420000E+05	8.386231E-08	6.053921E-11
1.440000E+05	8.154645E-08	5.721242E-11
1.454000E+05	7.998199E-08	5.501887E-11
1.460000E+05	7.932513E-08	5.411081E-11
1.467000E+05	7.856910E-08	5.307510E-11
1.480000E+05	7.719356E-08	5.121616E-11
1.490000E+05	7.615983E-08	4.984118E-11
1.495000E+05	7.565073E-08	4.917098E-11
1.500000E+05	7.514671E-08	4.851222E-11
1.520000E+05	7.318041E-08	4.599183E-11
1.540000E+05	7.129024E-08	4.363293E-11
1.560000E+05	6.947208E-08	4.142327E-11
1.580000E+05	6.772279E-08	3.935151E-11
1.600000E+05	6.603893E-08	3.740740E-11
1.620000E+05	6.441685E-08	3.558186E-11
1.635000E+05	6.323922E-08	3.428524E-11
1.650000E+05	6.209378E-08	3.304704E-11
1.670000E+05	6.061415E-08	3.148597E-11
1.690000E+05	5.918676E-08	3.001609E-11
1.710000E+05	5.780917E-08	2.863073E-11
1.730000E+05	5.647930E-08	2.732446E-11
1.750000E+05	5.519476E-08	2.609183E-11
1.770000E+05	5.395354E-08	2.492775E-11
1.785000E+05	5.304983E-08	2.409700E-11
1.800000E+05	5.216863E-08	2.330063E-11
1.830000E+05	5.047099E-08	2.180693E-11
1.850000E+05	4.938494E-08	2.087719E-11
1.880000E+05	4.782024E-08	1.957353E-11
1.900000E+05	4.681815E-08	1.876075E-11
1.930000E+05	4.537304E-08	1.761975E-11
1.950000E+05	4.444646E-08	1.690718E-11
1.980000E+05	4.310891E-08	1.590424E-11
2.000000E+05	4.225046E-08	1.527687E-11
2.030000E+05	4.101020E-08	1.440360E-11
2.050000E+05	4.021335E-08	1.385594E-11
2.080000E+05	3.906104E-08	1.308248E-11
2.100000E+05	3.832016E-08	1.259676E-11
2.130000E+05	3.724768E-08	1.190976E-11
2.150000E+05	3.655754E-08	1.147773E-11
2.180000E+05	3.555780E-08	1.086762E-11
2.200000E+05	3.491387E-08	1.048338E-11
2.230000E+05	3.398034E-08	9.938463E-12
2.260000E+05	3.308373E-08	9.428655E-12
2.290000E+05	3.222214E-08	8.951220E-12
2.320000E+05	3.139377E-08	8.504261E-12
2.350000E+05	3.059692E-08	8.085217E-12
2.380000E+05	2.983012E-08	7.691755E-12
2.410000E+05	2.909178E-08	7.321975E-12
2.447000E+05	2.821818E-08	6.895993E-12
2.480000E+05	2.747192E-08	6.541982E-12
2.520000E+05	2.660635E-08	6.142891E-12
2.560000E+05	2.578104E-08	5.773874E-12
2.600000E+05	2.499362E-08	5.432104E-12
2.650000E+05	2.405895E-08	5.039509E-12
2.700000E+05	2.317580E-08	4.680373E-12
2.750000E+05	2.234040E-08	4.354198E-12
2.792000E+05	2.167310E-08	4.101960E-12
2.820000E+05	2.124470E-08	3.944008E-12
2.850000E+05	2.079965E-08	3.783133E-12
2.900000E+05	2.008833E-08	3.532598E-12
2.950000E+05	1.941294E-08	3.302168E-12
2.980000E+05	1.902391E-08	3.172921E-12
3.000000E+05	1.877104E-08	3.090273E-12
3.020000E+05	1.852317E-08	3.012724E-12
3.040000E+05	1.828012E-08	2.937612E-12
3.080000E+05	1.780828E-08	2.794343E-12
3.120000E+05	1.735446E-08	2.659778E-12
3.165000E+05	1.686430E-08	2.518013E-12
3.180000E+05	1.670552E-08	2.472885E-12
3.201000E+05	1.648699E-08	2.411405E-12
3.260000E+05	1.589551E-08	2.248721E-12
3.320000E+05	1.532601E-08	2.097227E-12
3.380000E+05	1.478657E-08	1.958388E-12
3.410000E+05	1.452749E-08	1.893315E-12
3.443000E+05	1.425024E-08	1.824853E-12
3.510000E+05	1.371131E-08	1.695191E-12
3.570000E+05	1.325421E-08	1.588795E-12
3.640000E+05	1.274920E-08	1.475089E-12
3.700000E+05	1.233898E-08	1.385687E-12
3.780000E+05	1.182214E-08	1.276843E-12
3.850000E+05	1.139604E-08	1.190318E-12
3.930000E+05	1.093668E-08	1.100286E-12
4.000000E+05	1.055718E-08	1.028452E-12
4.015000E+05	1.047844E-08	1.014528E-12
4.030000E+05	1.040055E-08	1.000843E-12
4.060000E+05	1.024738E-08	9.741693E-13
4.111000E+05	9.994666E-09	9.308708E-13
4.118000E+05	9.960716E-09	9.251221E-13
4.210000E+05	9.530069E-09	8.535938E-13
4.300000E+05	9.135247E-09	7.903048E-13
4.370000E+05	8.844868E-09	7.451677E-13
4.440000E+05	8.568115E-09	7.032648E-13
4.500000E+05	8.341126E-09	6.697153E-13
4.560000E+05	8.123039E-09	6.381792E-13
4.620000E+05	7.913393E-09	6.085127E-13
4.680500E+05	7.710112E-09	5.803547E-13
4.740000E+05	7.517735E-09	5.542607E-13
4.800000E+05	7.330941E-09	5.294455E-13
4.900000E+05	7.034724E-09	4.911464E-13
4.950000E+05	6.893302E-09	4.733198E-13
5.000000E+05	6.756125E-09	4.563099E-13
5.080000E+05	6.544987E-09	4.306960E-13
5.150000E+05	6.368252E-09	4.097696E-13
5.230000E+05	6.174898E-09	3.874128E-13
5.300000E+05	6.012844E-09	3.691125E-13
5.400000E+05	5.792188E-09	3.448380E-13
5.450000E+05	5.686377E-09	3.334624E-13
5.500000E+05	5.583459E-09	3.228412E-13
5.580000E+05	5.424488E-09	3.072368E-13
5.650000E+05	5.290891E-09	2.943740E-13
5.800000E+05	5.020728E-09	2.690659E-13
5.900000E+05	4.851959E-09	2.537402E-13
6.000000E+05	4.691559E-09	2.395232E-13
6.150000E+05	4.465478E-09	2.200811E-13
6.300000E+05	4.255353E-09	2.026297E-13
6.460000E+05	4.047144E-09	1.859354E-13
6.616000E+05	3.858524E-09	1.713337E-13
6.710000E+05	3.751173E-09	1.632459E-13
6.800000E+05	3.652522E-09	1.559583E-13
7.000000E+05	3.446776E-09	1.412077E-13
7.120000E+05	3.331560E-09	1.333495E-13
7.233000E+05	3.228277E-09	1.267582E-13
7.500000E+05	3.002494E-09	1.127963E-13
7.789000E+05	2.783811E-09	9.986861E-14
7.890000E+05	2.712996E-09	9.581097E-14
8.000000E+05	2.638892E-09	9.163368E-14
8.150000E+05	2.542649E-09	8.631915E-14
8.300000E+05	2.451568E-09	8.140128E-14
8.500000E+05	2.337557E-09	7.539989E-14
8.674000E+05	2.244708E-09	7.064281E-14
8.780000E+05	2.190835E-09	6.793649E-14
8.892000E+05	2.135985E-09	6.528381E-14
9.000000E+05	2.085029E-09	6.288553E-14
9.300000E+05	1.952674E-09	5.680697E-14
9.640000E+05	1.817363E-09	5.082252E-14
9.800000E+05	1.758498E-09	4.829392E-14
1.000000E+06	1.688862E-09	4.536185E-14
1.004800E+06	1.672765E-09	4.463763E-14
1.017000E+06	1.632872E-09	4.286308E-14
1.030000E+06	1.591909E-09	4.118374E-14
1.040000E+06	1.561442E-09	3.999843E-14
1.050000E+06	1.531842E-09	3.885233E-14
1.070000E+06	1.475112E-09	3.667282E-14
1.085800E+06	1.432490E-09	3.505229E-14
1.100000E+06	1.395744E-09	3.366801E-14
1.120500E+06	1.345140E-09	3.178330E-14
1.121100E+06	1.343700E-09	3.173009E-14
1.150000E+06	1.277013E-09	2.928989E-14
1.173200E+06	1.227003E-09	2.749481E-14
1.220000E+06	1.134671E-09	2.440286E-14
1.274500E+06	1.039701E-09	2.138758E-14
1.300000E+06	9.993128E-10	2.013397E-14
1.332500E+06	9.511603E-10	1.866681E-14
1.370000E+06	8.997990E-10	1.713698E-14
1.408000E+06	8.518857E-10	1.574437E-14
1.450000E+06	8.032498E-10	1.436711E-14
1.480000E+06	7.710157E-10	1.347556E-14
1.500000E+06	7.505923E-10	1.291984E-14
1.550000E+06	7.029456E-10	1.169411E-14
1.600000E+06	6.596980E-10	1.061270E-14
1.650000E+06	6.203221E-10	9.655571E-15
1.700000E+06	5.843692E-10	8.805807E-15
1.780000E+06	5.330220E-10	7.634775E-15
1.850000E+06	4.934466E-10	6.768670E-15
1.930000E+06	4.533869E-10	5.926458E-15
1.970000E+06	4.351622E-10	5.555429E-15
2.000000E+06	4.222053E-10	5.296446E-15
2.050000E+06	4.018610E-10	4.909615E-15
2.100000E+06	3.829526E-10	4.567446E-15
2.200000E+06	3.489300E-10	3.970397E-15
2.350000E+06	3.058063E-10	3.250734E-15
2.500000E+06	2.702104E-10	2.690909E-15
2.600000E+06	2.498247E-10	2.385474E-15
2.700000E+06	2.316619E-10	2.123334E-15
2.850000E+06	2.079182E-10	1.795751E-15
3.000000E+06	1.876455E-10	1.530521E-15
3.100000E+06	1.757346E-10	1.387148E-15
3.200000E+06	1.649228E-10	1.260755E-15
3.500000E+06	1.378620E-10	9.612691E-16
3.700000E+06	1.233608E-10	8.115613E-16
4.000000E+06	1.055506E-10	6.391159E-16
4.200000E+06	9.573749E-11	5.519728E-16
4.500000E+06	8.339799E-11	4.481988E-16
4.700000E+06	7.645131E-11	3.928409E-16
5.000000E+06	6.755237E-11	3.254120E-16
5.004470E+06	6.743175E-11	3.245394E-16
5.500000E+06	5.582841E-11	2.442881E-16
6.000000E+06	4.691137E-11	1.877247E-16
6.500000E+06	3.997182E-11	1.475390E-16
7.000000E+06	3.446550E-11	1.179246E-16
7.500000E+06	3.002328E-11	9.583861E-17
8.000000E+06	2.638755E-11	7.888468E-17
8.500000E+06	2.337444E-11	6.572932E-17
9.000000E+06	2.084943E-11	5.531522E-17
1.000000E+07	1.688804E-11	4.029667E-17
