3.064000E+00	-1.462600E+00	3.860000E-07
4.511200E+00	-1.578600E+00	1.290000E-06
4.818700E+00	-1.614500E+00	1.470000E-06
5.341300E+00	-1.691700E+00	7.100000E-06
5.360600E+00	-1.695000E+00	7.100000E-06
5.473900E+00	-1.715100E+00	2.660000E-05
5.600000E+00	-1.740000E+00	1.480000E-03
5.600000E+00	-1.740000E+00	1.480000E-03
5.800000E+00	-1.780000E+00	5.020000E-03
6.000000E+00	-1.826000E+00	7.990000E-03
6.100000E+00	-1.852000E+00	8.620000E-03
6.200000E+00	-1.879000E+00	9.300000E-03
6.300000E+00	-1.910000E+00	9.740000E-03
6.400000E+00	-1.944000E+00	9.870000E-03
6.500000E+00	-1.985000E+00	1.100000E-02
6.600000E+00	-2.031000E+00	1.470000E-02
6.700000E+00	-2.085000E+00	2.200000E-02
6.800000E+00	-2.146000E+00	3.440000E-02
6.900000E+00	-2.220000E+00	5.240000E-02
7.000000E+00	-2.322000E+00	9.350000E-02
7.100000E+00	-2.444000E+00	2.100000E-01
7.150000E+00	-2.464000E+00	3.070000E-01
7.200000E+00	-2.437000E+00	3.880000E-01
7.300000E+00	-2.376000E+00	4.730000E-01
7.400000E+00	-2.335000E+00	5.150000E-01
7.500000E+00	-2.321000E+00	5.530000E-01
7.600000E+00	-2.306000E+00	5.920000E-01
7.800000E+00	-2.276000E+00	6.590000E-01
8.000000E+00	-2.251000E+00	7.120000E-01
8.250000E+00	-2.232000E+00	7.650000E-01
8.500000E+00	-2.228000E+00	8.060000E-01
8.750000E+00	-2.247000E+00	8.550000E-01
9.000000E+00	-2.272000E+00	9.100000E-01
9.250000E+00	-2.308000E+00	9.780000E-01
9.500000E+00	-2.348000E+00	1.055000E+00
9.750000E+00	-2.398000E+00	1.147000E+00
1.000000E+01	-2.453000E+00	1.258000E+00
1.025000E+01	-2.514000E+00	1.403000E+00
1.050000E+01	-2.565000E+00	1.581000E+00
1.075000E+01	-2.600000E+00	1.813000E+00
1.100000E+01	-2.582000E+00	2.078000E+00
1.125000E+01	-2.507000E+00	2.380000E+00
1.150000E+01	-2.346000E+00	2.693000E+00
1.175000E+01	-2.090000E+00	2.986000E+00
1.200000E+01	-1.736000E+00	3.228000E+00
1.220000E+01	-1.383000E+00	3.354000E+00
1.240000E+01	-9.830000E-01	3.382000E+00
1.260000E+01	-5.320000E-01	3.265000E+00
1.280000E+01	-3.120000E-01	2.953000E+00
1.300000E+01	-2.230000E-01	2.722000E+00
1.325000E+01	-1.660000E-01	2.522000E+00
1.350000E+01	-1.290000E-01	2.379000E+00
1.375000E+01	-9.800000E-02	2.268000E+00
1.400000E+01	-7.000000E-02	2.178000E+00
1.425000E+01	-4.100000E-02	2.102000E+00
1.450000E+01	-1.800000E-02	2.034000E+00
1.475000E+01	6.000000E-03	1.978000E+00
1.500000E+01	2.800000E-02	1.929000E+00
1.550000E+01	8.300000E-02	1.845000E+00
1.600000E+01	1.390000E-01	1.767000E+00
1.650000E+01	1.950000E-01	1.692000E+00
1.700000E+01	2.470000E-01	1.619000E+00
1.750000E+01	2.930000E-01	1.546000E+00
1.800000E+01	3.350000E-01	1.476000E+00
1.850000E+01	3.740000E-01	1.408000E+00
1.900000E+01	4.110000E-01	1.341000E+00
1.950000E+01	4.430000E-01	1.273000E+00
2.000000E+01	4.730000E-01	1.203000E+00
2.050000E+01	4.970000E-01	1.130000E+00
2.100000E+01	5.130000E-01	1.052000E+00
2.150000E+01	5.170000E-01	9.690000E-01
2.200000E+01	4.820000E-01	8.880000E-01
2.250000E+01	4.210000E-01	8.460000E-01
2.300000E+01	4.030000E-01	8.500000E-01
2.350000E+01	4.050000E-01	8.430000E-01
2.400000E+01	4.140000E-01	8.290000E-01
2.450000E+01	4.260000E-01	8.100000E-01
2.500000E+01	4.380000E-01	7.870000E-01
2.550000E+01	4.500000E-01	7.630000E-01
2.600000E+01	4.620000E-01	7.360000E-01
2.650000E+01	4.730000E-01	7.080000E-01
2.700000E+01	4.840000E-01	6.790000E-01
2.750000E+01	4.920000E-01	6.480000E-01
2.800000E+01	4.990000E-01	6.160000E-01
2.850000E+01	5.040000E-01	5.840000E-01
2.900000E+01	5.060000E-01	5.520000E-01
2.930000E+01	5.149219E-01	3.883676E-01
2.950000E+01	5.070000E-01	5.210000E-01
2.977390E+01	5.042331E-01	3.691773E-01
3.025550E+01	4.934938E-01	3.504023E-01
3.074490E+01	4.823913E-01	3.325673E-01
3.124210E+01	4.711735E-01	3.156415E-01
3.174750E+01	4.599081E-01	2.995742E-01
3.226090E+01	4.486542E-01	2.843283E-01
3.278270E+01	4.374405E-01	2.698569E-01
3.331300E+01	4.262919E-01	2.561203E-01
3.385180E+01	4.152337E-01	2.430853E-01
3.439930E+01	4.042650E-01	2.307129E-01
3.495570E+01	3.933600E-01	2.189706E-01
3.552110E+01	3.825602E-01	2.081024E-01
3.609560E+01	3.721407E-01	1.978214E-01
3.667940E+01	3.619851E-01	1.880481E-01
3.727270E+01	3.520758E-01	1.787574E-01
3.787550E+01	3.424171E-01	1.699261E-01
3.848820E+01	3.330146E-01	1.615306E-01
3.911070E+01	3.240319E-01	1.535500E-01
3.974320E+01	3.154094E-01	1.456002E-01
4.038610E+01	3.066119E-01	1.377482E-01
4.103930E+01	2.978099E-01	1.303206E-01
4.170310E+01	2.890917E-01	1.232931E-01
4.237760E+01	2.804868E-01	1.166454E-01
4.306300E+01	2.720059E-01	1.103557E-01
4.375950E+01	2.636486E-01	1.044046E-01
4.446730E+01	2.553407E-01	9.877525E-02
4.518650E+01	2.470561E-01	9.350893E-02
4.591740E+01	2.390176E-01	8.908933E-02
4.666000E+01	2.314695E-01	8.487899E-02
4.741470E+01	2.242278E-01	8.086759E-02
4.818160E+01	2.172441E-01	7.704589E-02
4.896090E+01	2.104911E-01	7.340473E-02
4.975280E+01	2.039494E-01	6.993540E-02
5.055760E+01	1.976032E-01	6.662984E-02
5.137530E+01	1.914387E-01	6.348066E-02
5.220620E+01	1.854353E-01	6.048052E-02
5.305060E+01	1.795515E-01	5.762241E-02
5.390870E+01	1.737357E-01	5.507575E-02
5.478060E+01	1.682643E-01	5.277779E-02
5.566670E+01	1.630572E-01	5.057535E-02
5.656700E+01	1.580645E-01	4.846494E-02
5.748200E+01	1.532668E-01	4.644231E-02
5.841170E+01	1.486557E-01	4.450461E-02
5.935640E+01	1.442288E-01	4.264751E-02
6.031650E+01	1.399998E-01	4.086784E-02
6.129210E+01	1.360154E-01	3.907808E-02
6.228340E+01	1.320800E-01	3.716780E-02
6.329080E+01	1.281561E-01	3.535098E-02
6.431450E+01	1.243065E-01	3.362271E-02
6.535470E+01	1.205459E-01	3.197895E-02
6.641180E+01	1.168782E-01	3.041561E-02
6.748590E+01	1.133063E-01	2.892882E-02
6.857750E+01	1.098295E-01	2.751455E-02
6.968670E+01	1.064482E-01	2.616958E-02
7.081380E+01	1.031614E-01	2.489014E-02
7.195910E+01	9.996712E-02	2.367343E-02
7.312300E+01	9.686402E-02	2.251620E-02
7.430570E+01	9.385023E-02	2.141548E-02
7.550760E+01	9.092361E-02	2.036855E-02
7.672890E+01	8.808255E-02	1.937283E-02
7.796990E+01	8.532497E-02	1.842577E-02
7.923100E+01	8.264861E-02	1.752503E-02
8.051250E+01	8.005169E-02	1.666830E-02
8.181470E+01	7.753205E-02	1.585348E-02
8.313800E+01	7.508743E-02	1.507846E-02
8.448270E+01	7.271631E-02	1.434135E-02
8.584910E+01	7.041635E-02	1.364028E-02
8.723770E+01	6.818546E-02	1.297345E-02
8.864870E+01	6.602224E-02	1.233923E-02
9.008250E+01	6.392453E-02	1.173603E-02
9.153950E+01	6.189041E-02	1.116230E-02
9.302010E+01	5.991815E-02	1.061662E-02
9.452460E+01	5.800594E-02	1.009763E-02
9.605350E+01	5.615217E-02	9.604001E-03
9.760710E+01	5.435497E-02	9.134497E-03
9.918580E+01	5.261285E-02	8.687954E-03
1.007900E+02	5.092419E-02	8.263242E-03
1.024200E+02	4.928754E-02	7.859323E-03
1.040770E+02	4.770052E-02	7.475052E-03
1.057600E+02	4.616312E-02	7.109675E-03
1.074710E+02	4.467238E-02	6.762063E-03
1.092090E+02	4.322816E-02	6.431530E-03
1.109750E+02	4.182860E-02	6.117166E-03
1.127700E+02	4.047191E-02	5.818110E-03
1.145940E+02	3.915727E-02	5.533679E-03
1.164480E+02	3.788291E-02	5.263116E-03
1.183310E+02	3.664878E-02	5.005869E-03
1.202450E+02	3.545248E-02	4.761149E-03
1.221900E+02	3.429344E-02	4.528381E-03
1.241660E+02	3.317061E-02	4.307036E-03
1.261750E+02	3.208244E-02	4.096439E-03
1.282150E+02	3.102916E-02	3.896222E-03
1.302890E+02	3.000908E-02	3.705745E-03
1.323970E+02	2.902333E-02	3.524549E-03
1.345380E+02	2.806735E-02	3.343999E-03
1.367140E+02	2.713718E-02	3.172673E-03
1.389250E+02	2.623375E-02	3.010127E-03
1.411720E+02	2.535687E-02	2.855895E-03
1.434560E+02	2.450591E-02	2.709548E-03
1.457760E+02	2.368074E-02	2.570730E-03
1.481340E+02	2.288022E-02	2.439009E-03
1.505300E+02	2.210384E-02	2.314047E-03
1.529640E+02	2.135097E-02	2.195498E-03
1.554390E+02	2.062036E-02	2.082985E-03
1.579530E+02	1.991194E-02	1.976265E-03
1.605070E+02	1.922492E-02	1.875027E-03
1.631030E+02	1.855835E-02	1.778959E-03
1.657420E+02	1.791144E-02	1.687795E-03
1.684220E+02	1.728417E-02	1.601333E-03
1.711460E+02	1.667538E-02	1.519290E-03
1.739150E+02	1.608445E-02	1.441431E-03
1.767270E+02	1.551137E-02	1.367595E-03
1.795860E+02	1.495502E-02	1.297513E-03
1.824910E+02	1.441546E-02	1.231031E-03
1.854420E+02	1.389514E-02	1.167965E-03
1.884420E+02	1.338733E-02	1.099875E-03
1.914890E+02	1.288962E-02	1.035621E-03
1.945870E+02	1.240322E-02	9.751018E-04
1.977340E+02	1.192850E-02	9.181327E-04
2.009320E+02	1.146502E-02	8.644874E-04
2.041820E+02	1.101232E-02	8.139749E-04
2.074850E+02	1.056979E-02	7.664120E-04
2.108400E+02	1.013697E-02	7.216373E-04
2.142510E+02	9.712777E-03	6.794661E-04
2.177160E+02	9.296620E-03	6.397670E-04
2.212370E+02	8.887095E-03	6.028724E-04
2.248160E+02	8.484477E-03	5.690607E-04
2.284520E+02	8.087557E-03	5.371515E-04
2.321470E+02	7.694656E-03	5.070279E-04
2.359020E+02	7.304038E-03	4.785939E-04
2.397170E+02	6.913776E-03	4.517578E-04
2.435950E+02	6.521203E-03	4.264218E-04
2.475350E+02	6.125561E-03	4.014794E-04
2.515380E+02	5.717129E-03	3.743875E-04
2.556070E+02	5.289035E-03	3.491204E-04
2.597410E+02	4.833147E-03	3.255595E-04
2.639420E+02	4.333879E-03	3.035888E-04
2.682110E+02	3.763458E-03	2.831021E-04
2.725490E+02	3.065646E-03	2.639965E-04
2.769570E+02	2.096916E-03	2.461804E-04
2.814370E+02	2.435944E-04	2.295662E-04
2.841000E+02	-6.103606E-03	2.203411E-04
2.843000E+02	-6.082211E-03	6.305625E-03
2.859890E+02	-4.214969E-04	6.186512E-03
2.906150E+02	2.074089E-03	5.875023E-03
2.953150E+02	3.077427E-03	5.579259E-03
3.000920E+02	3.665380E-03	5.298335E-03
3.049450E+02	4.049329E-03	5.031596E-03
3.098780E+02	4.310577E-03	4.778260E-03
3.148900E+02	4.489792E-03	4.537686E-03
3.199830E+02	4.610454E-03	4.309218E-03
3.251580E+02	4.687508E-03	4.092275E-03
3.304180E+02	4.731088E-03	3.886233E-03
3.357620E+02	4.748512E-03	3.690572E-03
3.411920E+02	4.745172E-03	3.504771E-03
3.467110E+02	4.725171E-03	3.328308E-03
3.523190E+02	4.691797E-03	3.160735E-03
3.580170E+02	4.647720E-03	3.001616E-03
3.638080E+02	4.595126E-03	2.850484E-03
3.696920E+02	4.536125E-03	2.706973E-03
3.756720E+02	4.473783E-03	2.570673E-03
3.817480E+02	4.407781E-03	2.435048E-03
3.879220E+02	4.334272E-03	2.302913E-03
3.941970E+02	4.253899E-03	2.177928E-03
4.005730E+02	4.169831E-03	2.059737E-03
4.070520E+02	4.083037E-03	1.947955E-03
4.136350E+02	3.994353E-03	1.842254E-03
4.203260E+02	3.904359E-03	1.742272E-03
4.271240E+02	3.813634E-03	1.647724E-03
4.340320E+02	3.722580E-03	1.558307E-03
4.410520E+02	3.631556E-03	1.473744E-03
4.481860E+02	3.540877E-03	1.393764E-03
4.554350E+02	3.450801E-03	1.318125E-03
4.628020E+02	3.361544E-03	1.246591E-03
4.702870E+02	3.273332E-03	1.178943E-03
4.778940E+02	3.186341E-03	1.114964E-03
4.856230E+02	3.100933E-03	1.054418E-03
4.934780E+02	3.016715E-03	9.963898E-04
5.014590E+02	2.933555E-03	9.415598E-04
5.095700E+02	2.851739E-03	8.897395E-04
5.178120E+02	2.771399E-03	8.407757E-04
5.261870E+02	2.692617E-03	7.945058E-04
5.346980E+02	2.615440E-03	7.507779E-04
5.433460E+02	2.539916E-03	7.094623E-04
5.521340E+02	2.466064E-03	6.704182E-04
5.610650E+02	2.393900E-03	6.335210E-04
5.701390E+02	2.323446E-03	5.986556E-04
5.793610E+02	2.254690E-03	5.657096E-04
5.887320E+02	2.187633E-03	5.345778E-04
5.982540E+02	2.122279E-03	5.051585E-04
6.079300E+02	2.058604E-03	4.773571E-04
6.177630E+02	1.996588E-03	4.510877E-04
6.277550E+02	1.936221E-03	4.262608E-04
6.379080E+02	1.877478E-03	4.028041E-04
6.482260E+02	1.820325E-03	3.806345E-04
6.587110E+02	1.764724E-03	3.596877E-04
6.693650E+02	1.710593E-03	3.398913E-04
6.801910E+02	1.657903E-03	3.215023E-04
6.911930E+02	1.606985E-03	3.044061E-04
7.023720E+02	1.558335E-03	2.883165E-04
7.137330E+02	1.511415E-03	2.721910E-04
7.252770E+02	1.465225E-03	2.563922E-04
7.370080E+02	1.420036E-03	2.415123E-04
7.489280E+02	1.376002E-03	2.274971E-04
7.610420E+02	1.333151E-03	2.142935E-04
7.733510E+02	1.291496E-03	2.018545E-04
7.858590E+02	1.251026E-03	1.901338E-04
7.985700E+02	1.211722E-03	1.790900E-04
8.114860E+02	1.173567E-03	1.686864E-04
8.246110E+02	1.136542E-03	1.588886E-04
8.379490E+02	1.100627E-03	1.496610E-04
8.515020E+02	1.065808E-03	1.409512E-04
8.652740E+02	1.032038E-03	1.327282E-04
8.792690E+02	9.992762E-04	1.249683E-04
8.934910E+02	9.675029E-04	1.176632E-04
9.079430E+02	9.367044E-04	1.107854E-04
9.226280E+02	9.068620E-04	1.043105E-04
9.375510E+02	8.779445E-04	9.819201E-05
9.527150E+02	8.499135E-04	9.242911E-05
9.681240E+02	8.227518E-04	8.700176E-05
9.837830E+02	7.964354E-04	8.189077E-05
9.996950E+02	7.709416E-04	7.708125E-05
1.015860E+03	7.462571E-04	7.255612E-05
1.032290E+03	7.223635E-04	6.830289E-05
1.048990E+03	6.992357E-04	6.426919E-05
1.065960E+03	6.768131E-04	6.044371E-05
1.083200E+03	6.550900E-04	5.684871E-05
1.100720E+03	6.340495E-04	5.346597E-05
1.118520E+03	6.136766E-04	5.028290E-05
1.136610E+03	5.939456E-04	4.729134E-05
1.155000E+03	5.748359E-04	4.447704E-05
1.173680E+03	5.563435E-04	4.183055E-05
1.192660E+03	5.384452E-04	3.934248E-05
1.211950E+03	5.211199E-04	3.700179E-05
1.231550E+03	5.043543E-04	3.480006E-05
1.251470E+03	4.881302E-04	3.272067E-05
1.271720E+03	4.724212E-04	3.075620E-05
1.292290E+03	4.572122E-04	2.889949E-05
1.313190E+03	4.424874E-04	2.715574E-05
1.334430E+03	4.282326E-04	2.551694E-05
1.356010E+03	4.144370E-04	2.397692E-05
1.377940E+03	4.010838E-04	2.253002E-05
1.400230E+03	3.881571E-04	2.117016E-05
1.422880E+03	3.756484E-04	1.989226E-05
1.445890E+03	3.635463E-04	1.869176E-05
1.469280E+03	3.518325E-04	1.756288E-05
1.493040E+03	3.405009E-04	1.650132E-05
1.517190E+03	3.295337E-04	1.549990E-05
1.541730E+03	3.189179E-04	1.455875E-05
1.566670E+03	3.086437E-04	1.367457E-05
1.592010E+03	2.987025E-04	1.284416E-05
1.617760E+03	2.890824E-04	1.206418E-05
1.643920E+03	2.797760E-04	1.133169E-05
1.670510E+03	2.707681E-04	1.064358E-05
1.697530E+03	2.620526E-04	9.997266E-06
1.724990E+03	2.536192E-04	9.390282E-06
1.752890E+03	2.454611E-04	8.817452E-06
1.781240E+03	2.375652E-04	8.278697E-06
1.810050E+03	2.299240E-04	7.772219E-06
1.839320E+03	2.225307E-04	7.296821E-06
1.869070E+03	2.153748E-04	6.850474E-06
1.899300E+03	2.084510E-04	6.431457E-06
1.930020E+03	2.017504E-04	6.038045E-06
1.961240E+03	1.952661E-04	5.668679E-06
1.992960E+03	1.889926E-04	5.321918E-06
2.025200E+03	1.829212E-04	4.998015E-06
2.057950E+03	1.770498E-04	4.691328E-06
2.091240E+03	1.713652E-04	4.403238E-06
2.125060E+03	1.658657E-04	4.132741E-06
2.159430E+03	1.605433E-04	3.878656E-06
2.194360E+03	1.553923E-04	3.640047E-06
2.229850E+03	1.504084E-04	3.415960E-06
2.265920E+03	1.455848E-04	3.205555E-06
2.302570E+03	1.409169E-04	3.007979E-06
2.339810E+03	1.364005E-04	2.822515E-06
2.377660E+03	1.320286E-04	2.648222E-06
2.416110E+03	1.277994E-04	2.484733E-06
2.455190E+03	1.237056E-04	2.331214E-06
2.494900E+03	1.197441E-04	2.187028E-06
2.535260E+03	1.159097E-04	2.051713E-06
2.576260E+03	1.121999E-04	1.924727E-06
2.617930E+03	1.086093E-04	1.805426E-06
2.660270E+03	1.051346E-04	1.693573E-06
2.703300E+03	1.017714E-04	1.588448E-06
2.747030E+03	9.851623E-05	1.489814E-06
2.791460E+03	9.536642E-05	1.397266E-06
2.836610E+03	9.231781E-05	1.310474E-06
2.882490E+03	8.936739E-05	1.228863E-06
2.929110E+03	8.651194E-05	1.152406E-06
2.976480E+03	8.374863E-05	1.080614E-06
3.024630E+03	8.107349E-05	1.013237E-06
3.073550E+03	7.848463E-05	9.500171E-07
3.123260E+03	7.597911E-05	8.906993E-07
3.173780E+03	7.355377E-05	8.350373E-07
3.225110E+03	7.120663E-05	7.828228E-07
3.277270E+03	6.893484E-05	7.338290E-07
3.330280E+03	6.673570E-05	6.878604E-07
3.384150E+03	6.460704E-05	6.447403E-07
3.438880E+03	6.254710E-05	6.042914E-07
3.494500E+03	6.055306E-05	5.663455E-07
3.551020E+03	5.862296E-05	5.307501E-07
3.608460E+03	5.675456E-05	4.973561E-07
3.666820E+03	5.494625E-05	4.660430E-07
3.726130E+03	5.319573E-05	4.366729E-07
3.786400E+03	5.150121E-05	4.091274E-07
3.847640E+03	4.986112E-05	3.832882E-07
3.909870E+03	4.827358E-05	3.590663E-07
3.973110E+03	4.673666E-05	3.363498E-07
4.037380E+03	4.524881E-05	3.151605E-07
4.102680E+03	4.380881E-05	2.951881E-07
4.169030E+03	4.241498E-05	2.764639E-07
4.236460E+03	4.106555E-05	2.589213E-07
4.304980E+03	3.975927E-05	2.424743E-07
4.374620E+03	3.849451E-05	2.270629E-07
4.445370E+03	3.727045E-05	2.126267E-07
4.517270E+03	3.608540E-05	1.990947E-07
4.590330E+03	3.493824E-05	1.864146E-07
4.664580E+03	3.382760E-05	1.745296E-07
4.740030E+03	3.275244E-05	1.633980E-07
4.816690E+03	3.171169E-05	1.529702E-07
4.894600E+03	3.070408E-05	1.431999E-07
4.973770E+03	2.972860E-05	1.340472E-07
5.054210E+03	2.878431E-05	1.254746E-07
5.135960E+03	2.787006E-05	1.174427E-07
5.219030E+03	2.698501E-05	1.099225E-07
5.303440E+03	2.612822E-05	1.028763E-07
5.389220E+03	2.529864E-05	9.627548E-08
5.476390E+03	2.449549E-05	9.009236E-08
5.564970E+03	2.371796E-05	8.430277E-08
5.654980E+03	2.296520E-05	7.888572E-08
5.746440E+03	2.223646E-05	7.380980E-08
5.839390E+03	2.153083E-05	6.905512E-08
5.933830E+03	2.084779E-05	6.460277E-08
6.029810E+03	2.018637E-05	6.043645E-08
6.127330E+03	1.954611E-05	5.653747E-08
6.226440E+03	1.892614E-05	5.288389E-08
6.327150E+03	1.832591E-05	4.946461E-08
6.429480E+03	1.774483E-05	4.626431E-08
6.533480E+03	1.718212E-05	4.326820E-08
6.639150E+03	1.663740E-05	4.046420E-08
6.746540E+03	1.610995E-05	3.783948E-08
6.855650E+03	1.559932E-05	3.538359E-08
6.966540E+03	1.510486E-05	3.308478E-08
7.079220E+03	1.462614E-05	3.093307E-08
7.193720E+03	1.416263E-05	2.892002E-08
7.310070E+03	1.371385E-05	2.703629E-08
7.428310E+03	1.327931E-05	2.527418E-08
7.548450E+03	1.285861E-05	2.362509E-08
7.670540E+03	1.245125E-05	2.208242E-08
7.794610E+03	1.205682E-05	2.063943E-08
7.920680E+03	1.167492E-05	1.928931E-08
8.048790E+03	1.130514E-05	1.802639E-08
8.178980E+03	1.094708E-05	1.684519E-08
8.311260E+03	1.060042E-05	1.574061E-08
8.445690E+03	1.026475E-05	1.470731E-08
8.582290E+03	9.939720E-06	1.374116E-08
8.721110E+03	9.625003E-06	1.283774E-08
8.862160E+03	9.320284E-06	1.199280E-08
9.005500E+03	9.025224E-06	1.120270E-08
9.151160E+03	8.739517E-06	1.046414E-08
9.299170E+03	8.462879E-06	9.773625E-09
9.449580E+03	8.195001E-06	9.128234E-09
9.602420E+03	7.935620E-06	8.524896E-09
9.757730E+03	7.684477E-06	7.960635E-09
9.915550E+03	7.441286E-06	7.433526E-09
1.007590E+04	7.205846E-06	6.940861E-09
1.023890E+04	6.977779E-06	6.480379E-09
1.040450E+04	6.757000E-06	6.050107E-09
1.057280E+04	6.543191E-06	5.648025E-09
1.074380E+04	6.336173E-06	5.272358E-09
1.091760E+04	6.135688E-06	4.921349E-09
1.109420E+04	5.941558E-06	4.593442E-09
1.127360E+04	5.753647E-06	4.287154E-09
1.145590E+04	5.571680E-06	4.001061E-09
1.164120E+04	5.395429E-06	3.733800E-09
1.182950E+04	5.224760E-06	3.484176E-09
1.202080E+04	5.059527E-06	3.251090E-09
1.221530E+04	4.899451E-06	3.033365E-09
1.241280E+04	4.744552E-06	2.830135E-09
1.261360E+04	4.594480E-06	2.640325E-09
1.281760E+04	4.449196E-06	2.463136E-09
1.302500E+04	4.308440E-06	2.297683E-09
1.323560E+04	4.172241E-06	2.143290E-09
1.344970E+04	4.040298E-06	1.999140E-09
1.366720E+04	3.912564E-06	1.864618E-09
1.388830E+04	3.788835E-06	1.739051E-09
1.411290E+04	3.669053E-06	1.621883E-09
1.434120E+04	3.553036E-06	1.512537E-09
1.457310E+04	3.440732E-06	1.410526E-09
1.480890E+04	3.331910E-06	1.315326E-09
1.504840E+04	3.226584E-06	1.226530E-09
1.529180E+04	3.124582E-06	1.143692E-09
1.553910E+04	3.025819E-06	1.066424E-09
1.579040E+04	2.930183E-06	9.943555E-10
1.604580E+04	2.837556E-06	9.271409E-10
1.630540E+04	2.747839E-06	8.644495E-10
1.656910E+04	2.660991E-06	8.060001E-10
1.683710E+04	2.576881E-06	7.514927E-10
1.710940E+04	2.495439E-06	7.006829E-10
1.738610E+04	2.416577E-06	6.533071E-10
1.766740E+04	2.340174E-06	6.091397E-10
1.795310E+04	2.266228E-06	5.679737E-10
1.824350E+04	2.194600E-06	5.296033E-10
1.853860E+04	2.125235E-06	4.938404E-10
1.883840E+04	2.058082E-06	4.605147E-10
1.914310E+04	1.993040E-06	4.294562E-10
1.945270E+04	1.930063E-06	4.005187E-10
1.976740E+04	1.869058E-06	3.735531E-10
2.008710E+04	1.809997E-06	3.506930E-10
2.041200E+04	1.752804E-06	3.265435E-10
2.074210E+04	1.697424E-06	3.040747E-10
2.107760E+04	1.643784E-06	2.831659E-10
2.141850E+04	1.591846E-06	2.637095E-10
2.176500E+04	1.541537E-06	2.456007E-10
2.211700E+04	1.492831E-06	2.287498E-10
2.247470E+04	1.445667E-06	2.130661E-10
2.283820E+04	1.399990E-06	1.984675E-10
2.320760E+04	1.355754E-06	1.848786E-10
2.358300E+04	1.312916E-06	1.722281E-10
2.396440E+04	1.271436E-06	1.604526E-10
2.435200E+04	1.231266E-06	1.494891E-10
2.474590E+04	1.192364E-06	1.392817E-10
2.514620E+04	1.154687E-06	1.297770E-10
2.555290E+04	1.118208E-06	1.209278E-10
2.596620E+04	1.082881E-06	1.126870E-10
2.638610E+04	1.048676E-06	1.050135E-10
2.681290E+04	1.015544E-06	9.786645E-11
2.724660E+04	9.834586E-07	9.120987E-11
2.768730E+04	9.523891E-07	8.501034E-11
2.813510E+04	9.223030E-07	7.923577E-11
2.859020E+04	8.931653E-07	7.385650E-11
2.905260E+04	8.649503E-07	6.884581E-11
2.952250E+04	8.376268E-07	6.417766E-11
3.000000E+04	8.111651E-07	5.982883E-11
3.080000E+04	7.695585E-07	5.886034E-11
3.150000E+04	7.357273E-07	5.341427E-11
3.230000E+04	6.997258E-07	4.792933E-11
3.300000E+04	6.703475E-07	4.368906E-11
3.380000E+04	6.389821E-07	3.939402E-11
3.450000E+04	6.133083E-07	3.605529E-11
3.530000E+04	5.858168E-07	3.265394E-11
3.603000E+04	5.623123E-07	2.988648E-11
3.650000E+04	5.479214E-07	2.825686E-11
3.700000E+04	5.332101E-07	2.664153E-11
3.800000E+04	5.055106E-07	2.373837E-11
3.900000E+04	4.799137E-07	2.121509E-11
4.000000E+04	4.562134E-07	1.901404E-11
4.150000E+04	4.238252E-07	1.621148E-11
4.300000E+04	3.947671E-07	1.390054E-11
4.450000E+04	3.685979E-07	1.198198E-11
4.600000E+04	3.449468E-07	1.037841E-11
4.700000E+04	3.304227E-07	9.454553E-12
4.800000E+04	3.167964E-07	8.629877E-12
4.900000E+04	3.039964E-07	7.891933E-12
5.000000E+04	2.919566E-07	7.230158E-12
5.200000E+04	2.699281E-07	6.099037E-12
5.400000E+04	2.503016E-07	5.177979E-12
5.600000E+04	2.327402E-07	4.422311E-12
5.753000E+04	2.205244E-07	3.934310E-12
5.850000E+04	2.132712E-07	3.659042E-12
5.954000E+04	2.058850E-07	3.389779E-12
6.000000E+04	2.027399E-07	3.278479E-12
6.300000E+04	1.838895E-07	2.653031E-12
6.683000E+04	1.634149E-07	2.053723E-12
6.800000E+04	1.578393E-07	1.904760E-12
7.000000E+04	1.489483E-07	1.679663E-12
7.496000E+04	1.298879E-07	1.248243E-12
7.711000E+04	1.227454E-07	1.104196E-12
8.000000E+04	1.140368E-07	9.413615E-13
8.500000E+04	1.010146E-07	7.246225E-13
9.000000E+04	9.010211E-08	5.661932E-13
9.500000E+04	8.086700E-08	4.484763E-13
1.000000E+05	7.298210E-08	3.595075E-13
1.100000E+05	6.031559E-08	2.379425E-13
1.200000E+05	5.068168E-08	1.632461E-13
1.330000E+05	4.125799E-08	1.051504E-13
1.454000E+05	3.452076E-08	7.190676E-14
1.500000E+05	3.243590E-08	6.296534E-14
1.800000E+05	2.252485E-08	2.893824E-14
2.000000E+05	1.824507E-08	1.846554E-14
2.200000E+05	1.507854E-08	1.244924E-14
2.447000E+05	1.218810E-08	8.015774E-15
2.792000E+05	9.362084E-09	4.644603E-15
3.000000E+05	8.108879E-09	3.450196E-15
3.165000E+05	7.285442E-09	2.790792E-15
3.201000E+05	7.122492E-09	2.668511E-15
3.443000E+05	6.156425E-09	1.999298E-15
4.000000E+05	4.561237E-09	1.103765E-15
4.111000E+05	4.318249E-09	9.952878E-16
4.118000E+05	4.303580E-09	9.889078E-16
4.440000E+05	3.702002E-09	7.440000E-16
4.680500E+05	3.331334E-09	6.095157E-16
5.000000E+05	2.919187E-09	4.748859E-16
6.000000E+05	2.027213E-09	2.476078E-16
6.616000E+05	1.667289E-09	1.756812E-16
7.000000E+05	1.489381E-09	1.454830E-16
7.233000E+05	1.394970E-09	1.303985E-16
7.789000E+05	1.202925E-09	1.018004E-16
8.000000E+05	1.140307E-09	9.309830E-17
8.674000E+05	9.699806E-10	7.227297E-17
8.892000E+05	9.230027E-10	6.687016E-17
9.000000E+05	9.009836E-10	6.439028E-17
9.640000E+05	7.853221E-10	5.193177E-17
1.000000E+06	7.297967E-10	4.630102E-17
1.004800E+06	7.228408E-10	4.526533E-17
1.085800E+06	6.190165E-10	3.317711E-17
1.120500E+06	5.812703E-10	3.022360E-17
1.121100E+06	5.806483E-10	3.017548E-17
1.173200E+06	5.302220E-10	2.647959E-17
1.274500E+06	4.492853E-10	2.121621E-17
1.332500E+06	4.110243E-10	1.854647E-17
1.408000E+06	3.681261E-10	1.567604E-17
1.500000E+06	3.243541E-10	1.289731E-17
2.000000E+06	1.824492E-10	5.427789E-18
3.000000E+06	8.108852E-11	1.629482E-18
4.000000E+06	4.561229E-11	6.974245E-19
5.000000E+06	2.919187E-11	3.612339E-19
5.000150E+06	2.919012E-11	3.612025E-19
6.000000E+06	2.027213E-11	2.108688E-19
7.000000E+06	1.489381E-11	1.337456E-19
8.000000E+06	1.140307E-11	9.008400E-20
9.000000E+06	9.009836E-12	6.358032E-20
1.000000E+07	7.297967E-12	4.653695E-20
