0.004339	-237	306
0.006199	-182	260
0.008059	-146	230
0.009919	-119	207
0.0124	-94.4	182
0.0155	-74.2	158
0.0186	-60.3	140
0.0217	-50.2	126
0.02232	-53.2	152
0.0248	-44.7	141
0.0248	-42.2	115
0.02728	-37.6	130
0.02976	-32.6	122
0.03224	-28.1	114
0.03472	-24.2	106
0.0372	-21.5	100
0.03968	-18.9	94
0.04215	-16.7	89.3
0.04463	-14.7	84.5
0.04711	-13.2	79.8
0.04959	-12	75.7
0.05207	-11	71.9
0.05455	-10.3	68.6
0.05703	-9.7	65.4
0.05951	-9.3	62.6
0.06199	-8.87	60.1
0.06819	-8.04	54.7
0.07439	-7.38	50.3
0.08059	-6.71	46.5
0.08679	-6.3	43.2
0.09299	-5.88	40.3
0.09919	-5.48	37.7
0.1054	-5.31	35.7
0.1116	-5.12	33.7
0.1178	-4.95	32
0.124	-4.81	30.4
0.1364	-4.59	27.8
0.1488	-4.37	25.6
0.1612	-4.1	23.7
0.1736	-3.89	22
0.186	-3.75	20.5
0.1984	-3.96	19.2
0.2108	-3.66	18.1
0.2232	-3.63	17.1
0.2356	-3.6	16.2
0.248	-3.59	15.4
0.279	-3.59	13.8
0.31	-3.54	12.6
0.341	-3.51	11.6
0.372	-3.45	10.8
0.403	-3.39	10.1
0.4339	-3.3	9.55
0.4649	-3.22	9.02
0.4959	-3.13	8.59
0.5269	-3.04	8.18
0.5579	-2.98	7.8
0.5889	-2.92	7.5
0.6199	-2.84	7.16
0.7439	-2.67	6.21
0.8679	-2.53	5.54
0.9919	-2.42	5.04
1.116	-2.32	4.65
1.24	-2.23	4.35
5	-0.31	1.95
5.2	-0.32	1.88
5.4	-0.31	1.82
5.6	-0.32	1.78
5.8	-0.32	1.75
6	-0.3	1.73
6.2	-0.28	1.71
6.4	-0.23	1.67
6.6	-0.22	1.61
6.8	-0.2	1.54
7	-0.15	1.49
7.2	-0.13	1.45
7.4	-0.15	1.4
7.6	-0.15	1.37
7.8	-0.15	1.32
8	-0.13	1.32
8.2	-0.13	1.28
8.4	-0.13	1.26
8.6	-0.13	1.24
8.8	-0.13	1.22
9	-0.12	1.2
9.2	-0.12	1.19
9.4	-0.1	1.17
9.6	-0.09	1.15
9.8	-0.08	1.13
10	-0.05	1.09
10.2	-0.06	1.06
10.4	-0.07	1.02
10.6	-0.07	0.991
10.8	-0.1	0.959
11	-0.11	0.95
11.2	-0.11	0.953
11.4	-0.11	0.958
11.6	-0.12	0.968
11.8	-0.11	0.967
12	-0.1	0.969
12.2	-0.1	0.971
12.4	-0.09	0.968
12.6	-0.08	0.972
12.8	-0.06	0.964
13	-0.05	0.951
13.2	-0.03	0.935
13.4	-0.02	0.925
13.6	-0.01	0.911
13.8	0	0.898
14	0	0.889
14.2	0.007	0.881
14.4	0.012	0.87
14.6	0.026	0.847
14.8	0.041	0.824
15	0.048	0.798
15.2	0.051	0.791
15.4	0.055	0.783
15.6	0.057	0.774
15.8	0.059	0.765
16	0.06	0.75
16.2	0.056	0.742
16.4	0.049	0.731
16.6	0.045	0.723
16.8	0.048	0.719
17	0.052	0.707
17.2	0.053	0.697
17.4	0.055	0.688
17.6	0.054	0.682
17.8	0.056	0.672
18	0.061	0.665
18.2	0.059	0.659
18.4	0.059	0.659
18.6	0.062	0.656
18.8	0.062	0.656
19	0.064	0.652
19.2	0.067	0.648
19.4	0.073	0.647
19.6	0.076	0.644
19.8	0.081	0.636
20	0.09	0.632
20.2	0.095	0.624
20.4	0.097	0.62
20.6	0.102	0.613
20.8	0.108	0.605
21	0.118	0.59
21.2	0.122	0.575
21.4	0.125	0.571
21.6	0.125	0.571
21.8	0.126	0.561
22	0.128	0.556
22.2	0.135	0.537
22.4	0.138	0.522
22.6	0.137	0.515
22.8	0.139	0.511
23	0.137	0.504
23.2	0.138	0.493
23.4	0.139	0.482
23.6	0.141	0.477
23.8	0.135	0.468
24	0.133	0.45
24.2	0.13	0.443
24.4	0.128	0.436
24.6	0.124	0.434
24.8	0.126	0.418
25	0.123	0.411
25.2	0.119	0.408
25.4	0.116	0.402
25.6	0.114	0.395
25.8	0.113	0.383
26	0.11	0.376
29.3	0.310744112	0.220897708
29.7739	0.302989334	0.212734008
30.2555	0.295163893	0.204877596
30.7449	0.287302564	0.197304766
31.2421	0.279453294	0.190013321
31.7475	0.271635453	0.182989583
32.2609	0.263873297	0.176226949
32.7827	0.256177282	0.169713908
33.313	0.24855954	0.16344063
33.8518	0.24105179	0.15739964
34.3993	0.233699923	0.151513132
34.9557	0.22633422	0.145753549
35.5211	0.218995963	0.14021312
36.0956	0.21171436	0.134882988
36.6794	0.204496958	0.129756127
37.2727	0.197345313	0.124823219
37.8755	0.190262357	0.120078788
38.4882	0.183245078	0.115513352
39.1107	0.176295476	0.111122886
39.7432	0.169415079	0.106898956
40.3861	0.16261434	0.102835125
41.0393	0.155959764	0.098880903
41.7031	0.14923715	0.09480391
42.3776	0.142374848	0.090894752
43.063	0.135414023	0.087147124
43.7595	0.128358335	0.083554034
44.4673	0.121185727	0.080108529
45.1865	0.113863029	0.076805495
45.9174	0.106340386	0.073638729
46.66	0.098552345	0.070602462
47.4147	0.090404322	0.067691541
48.1816	0.0817645	0.064900375
48.9609	0.072439177	0.062224339
49.7528	0.06214072	0.059644818
50.5576	0.050249877	0.057057824
51.3753	0.035547073	0.054583411
52.2062	0.015995209	0.05358872
53.0506	-0.017089383	0.053457513
53.9087	-0.070071191	0.096617422
54.7806	-0.044453436	0.180799387
55.6667	-0.004774922	0.188238108
56.567	0.023699135	0.190922888
57.482	0.04249238	0.189361987
58.4117	0.060656722	0.187148145
59.3564	0.07527657	0.177216365
60.3165	0.085602239	0.167809672
61.2921	0.093910463	0.157289978
62.2834	0.098723585	0.1463653
63.2908	0.101229486	0.136198832
64.3145	0.102212439	0.126738277
65.3547	0.101958314	0.117935135
66.4118	0.100505845	0.109743382
67.4859	0.097362171	0.10225977
68.5775	0.09431224	0.097694734
69.6867	0.091998134	0.093333528
70.8138	0.08983901	0.089167229
71.9591	0.087673798	0.085186859
73.123	0.085415793	0.081384089
74.3057	0.08295151	0.0777511
75.5076	0.079920045	0.074701543
76.7289	0.077471936	0.0725163
77.9699	0.075375576	0.07039506
79.231	0.073471048	0.068335893
80.5125	0.071689788	0.066336935
81.8147	0.069999574	0.064396472
83.138	0.068380654	0.062512692
84.4827	0.06681915	0.060684083
85.8491	0.0653048	0.05890901
87.2377	0.06382699	0.057185707
88.6487	0.062365875	0.05551644
90.0825	0.060953076	0.053954141
91.5395	0.059599169	0.052435838
93.0201	0.058292296	0.050960259
94.5246	0.057024346	0.049526158
96.0535	0.055791758	0.048132442
97.6071	0.054592572	0.04677794
99.1858	0.053424979	0.045461548
100.79	0.052287938	0.044182252
102.42	0.051180832	0.042939097
104.077	0.050103245	0.041730425
105.76	0.049060709	0.040556357
107.471	0.04804464	0.039397101
109.209	0.047044297	0.038267124
110.975	0.046064107	0.03716963
112.77	0.045105499	0.03610333
114.594	0.044169976	0.035067685
116.448	0.04325784	0.034061412
118.331	0.04237157	0.033084612
120.245	0.041511906	0.032135486
122.19	0.040683822	0.031213604
124.166	0.03990294	0.030318389
126.175	0.039177878	0.029386436
128.215	0.038413497	0.028431313
130.289	0.03763537	0.027506846
132.397	0.036857492	0.026612233
134.538	0.036086309	0.025747148
136.714	0.035324383	0.024910054
138.925	0.034574387	0.024100221
141.172	0.033838176	0.023316643
143.456	0.033118224	0.022558344
145.776	0.032421413	0.021824997
148.134	0.031762542	0.021092993
150.53	0.031086705	0.020352357
152.964	0.030407691	0.019637932
155.439	0.029732199	0.018948173
157.953	0.029064271	0.018282919
160.507	0.028405936	0.017641135
163.103	0.027757545	0.017021746
165.742	0.02712017	0.016423896
168.422	0.026495486	0.015847357
171.146	0.025883412	0.015290953
173.915	0.025284458	0.01475392
176.727	0.024700078	0.014236035
179.586	0.024130607	0.01373609
182.491	0.023577972	0.013253755
185.442	0.023044917	0.012788475
188.442	0.022537838	0.012339377
191.489	0.022087324	0.011889572
194.587	0.021611388	0.011371697
197.734	0.021110243	0.010876518
200.932	0.02059848	0.010402883
204.182	0.020084617	0.009949858
207.485	0.019571863	0.009516511
210.84	0.019062388	0.009102157
214.251	0.018556361	0.008705712
217.716	0.018054479	0.008326616
221.237	0.017554932	0.007964038
224.816	0.017047151	0.007618527
228.452	0.016557534	0.007327015
232.147	0.016092332	0.007046641
235.902	0.015646372	0.00677699
239.717	0.015215166	0.006517688
243.595	0.014797304	0.006268244
247.535	0.014392271	0.006028385
251.538	0.013999529	0.005797736
255.607	0.013618536	0.005575855
259.741	0.013249373	0.0053625
263.942	0.012892197	0.005157306
268.211	0.012547366	0.004959966
272.549	0.012216025	0.004770168
276.957	0.011915279	0.004579045
281.437	0.011607419	0.004369289
285.989	0.011292653	0.004169157
290.615	0.010980766	0.003978177
295.315	0.010673423	0.003795974
300.092	0.010371422	0.003622085
304.945	0.010075485	0.003456195
309.878	0.009785853	0.003297874
314.89	0.00950304	0.003146812
319.983	0.009227307	0.003002677
325.158	0.008959035	0.002865149
330.418	0.008698757	0.002733901
335.762	0.008453761	0.002608678
341.192	0.008211067	0.002471537
346.711	0.007965737	0.002341154
352.319	0.007722594	0.002217647
358.017	0.007483019	0.002100668
363.808	0.007247484	0.001989848
369.692	0.007016353	0.001884881
375.672	0.006789497	0.001785446
381.748	0.006564144	0.001691259
387.922	0.006344437	0.001609495
394.197	0.006135897	0.001534083
400.573	0.005937276	0.001460002
407.052	0.005742192	0.001385688
413.635	0.005551036	0.001315167
420.326	0.005364369	0.001248221
427.124	0.005182352	0.001184692
434.032	0.00500496	0.001124393
441.052	0.004832036	0.001067164
448.186	0.00466352	0.001012848
455.435	0.004499315	0.000961294
462.802	0.004339234	0.000912363
470.287	0.004183212	0.000865927
477.894	0.004031064	0.000821851
485.623	0.00388266	0.000780021
493.478	0.003737938	0.000740267
501.459	0.003596525	0.000702404
509.57	0.003458211	0.000666474
517.812	0.003322912	0.000632383
526.187	0.003190413	0.000600035
534.698	0.00306049	0.000569341
543.346	0.002932945	0.00054022
552.134	0.002807451	0.000512585
561.065	0.00268372	0.000486365
570.139	0.002561386	0.000461489
579.361	0.002439966	0.000437881
588.732	0.002318806	0.000415482
598.254	0.00219727	0.0003951
607.93	0.002075547	0.000376257
617.763	0.001952581	0.000358318
627.755	0.001826727	0.000341199
637.908	0.001695792	0.00032447
648.226	0.001556323	0.000307958
658.711	0.001402667	0.000291909
669.365	0.001225642	0.000276701
680.191	1.01E-03	0.000263026
691.193	0.000691543	0.000250584
702.372	-6.07108E-06	0.000238926
706.7	-0.002104613	0.000234608
706.9	-0.00210154	0.001990731
713.733	0.0002938	0.001927148
725.277	0.000834436	0.001825576
737.008	0.001079806	0.001729367
748.928	0.0012235	0.001638251
761.042	0.001313383	0.001551967
773.351	0.001368624	0.001470246
785.859	0.001397862	0.001393359
798.57	0.001397561	0.001322471
811.486	0.001396331	0.001287265
824.611	0.001400814	0.001252998
837.949	0.00140887	0.001219635
851.502	0.001422702	0.001187164
865.274	0.001443225	0.001138825
879.269	0.001450676	0.001078199
893.491	0.001444358	0.00102082
907.943	0.001432449	0.00096648
922.628	0.001415961	0.000915022
937.551	0.001396419	0.000866986
952.715	0.001374756	0.000821658
968.124	0.001351517	0.000778865
983.783	0.001327075	0.00073828
999.695	0.001301666	0.000699792
1015.86	0.001275603	0.000663288
1032.29	0.001249002	0.000628507
1048.99	0.00122203	0.00059532
1065.96	0.0011946	0.000563649
1083.2	0.001166832	0.000533664
1100.72	0.001138968	0.000505274
1118.52	0.001111123	0.000478396
1136.61	0.001083395	0.000452944
1155	0.001055845	0.000428844
1173.68	0.001028578	0.000406031
1192.66	0.001001635	0.000384433
1211.95	0.00097506	0.00036398
1231.55	0.000948959	0.000344617
1251.47	0.000923299	0.000326178
1271.72	0.00089809	0.000308611
1292.29	0.00087325	0.000291864
1313.19	0.000848779	0.000276033
1334.43	0.000824766	0.000261058
1356.01	0.000801238	0.000246894
1377.94	0.000778202	0.000233497
1400.23	0.000755668	0.000220826
1422.88	0.000733651	0.000208845
1445.89	0.00071218	0.000197516
1469.28	0.000691231	0.000186782
1493.04	0.00067085	0.000176606
1517.19	0.000650948	0.000166882
1541.73	0.000631487	0.00015768
1566.67	0.000612501	0.000148987
1592.01	0.000594004	0.000140772
1617.76	0.000575993	0.000133011
1643.92	0.000558467	0.000125678
1670.51	0.000541418	0.000118749
1697.53	0.000524847	0.000112202
1724.99	0.000508766	1.06E-04
1752.89	0.000493141	1.00E-04
1781.24	0.000477935	9.45E-05
1810.05	0.000463127	8.92E-05
1839.32	0.000448729	8.42E-05
1869.07	0.000434733	7.94E-05
1899.3	0.000421139	7.50E-05
1930.02	0.00040794	7.08E-05
1961.24	0.00039513	6.68E-05
1992.96	0.00038269	6.30E-05
2025.2	0.000370644	5.95E-05
2057.95	0.000358972	5.61E-05
2091.24	0.000347633	5.29E-05
2125.06	0.000336631	4.99E-05
2159.43	0.000325959	4.71E-05
2194.36	0.000315606	4.44E-05
2229.85	0.000305569	4.19E-05
2265.92	0.000295836	3.95E-05
2302.57	0.000286403	3.72E-05
2339.81	0.000277259	3.51E-05
2377.66	0.000268394	3.31E-05
2416.11	0.000259807	3.12E-05
2455.19	0.000251484	2.94E-05
2494.9	0.000243422	2.77E-05
2535.26	0.000235608	2.61E-05
2576.26	0.000228042	2.46E-05
2617.93	0.000220711	2.32E-05
2660.27	0.000213611	2.19E-05
2703.3	0.000206735	2.06E-05
2747.03	0.000200074	1.94E-05
2791.46	0.000193625	1.83E-05
2836.61	0.00018738	1.73E-05
2882.49	0.000181333	1.63E-05
2929.11	0.000175478	1.53E-05
2976.48	0.00016981	1.44E-05
3024.63	0.000164321	1.36E-05
3073.55	0.000159007	1.28E-05
3123.26	0.000153864	1.21E-05
3173.78	0.000148884	1.14E-05
3225.11	0.000144064	1.07E-05
3277.27	0.000139397	1.01E-05
3330.28	0.00013488	9.50E-06
3384.15	0.000130507	8.95E-06
3438.88	0.000126276	8.43E-06
3494.5	0.00012218	7.94E-06
3551.02	0.000118215	7.48E-06
3608.46	0.000114377	7.05E-06
3666.82	0.000110662	6.64E-06
3726.13	0.000107066	6.25E-06
3786.4	1.04E-04	5.89E-06
3847.64	1.00E-04	5.54E-06
3909.87	9.70E-05	5.22E-06
3973.11	9.38E-05	4.92E-06
4037.38	9.07E-05	4.63E-06
4102.68	8.78E-05	4.36E-06
4169.03	8.49E-05	4.11E-06
4236.46	8.22E-05	3.87E-06
4304.98	7.95E-05	3.64E-06
4374.62	7.69E-05	3.43E-06
4445.37	7.44E-05	3.23E-06
4517.27	7.19E-05	3.04E-06
4590.33	6.96E-05	2.86E-06
4664.58	6.73E-05	2.70E-06
4740.03	6.51E-05	2.54E-06
4816.69	6.30E-05	2.39E-06
4894.6	6.09E-05	2.25E-06
4973.77	5.89E-05	2.12E-06
5054.21	5.69E-05	2.00E-06
5135.96	5.51E-05	1.88E-06
5219.03	5.32E-05	1.77E-06
5303.44	5.15E-05	1.67E-06
5389.22	4.97E-05	1.57E-06
5476.39	4.81E-05	1.48E-06
5564.97	4.65E-05	1.39E-06
5654.98	4.49E-05	1.31E-06
5746.44	4.34E-05	1.24E-06
5839.39	4.19E-05	1.16E-06
5933.83	4.05E-05	1.10E-06
6029.81	3.91E-05	1.03E-06
6127.33	3.77E-05	9.72E-07
6226.44	3.64E-05	9.15E-07
6327.15	3.51E-05	8.62E-07
6429.48	3.38E-05	8.12E-07
6533.48	3.25E-05	7.64E-07
6639.15	3.13E-05	7.20E-07
6746.54	3.00E-05	6.78E-07
6855.65	2.86E-05	6.38E-07
6966.54	2.70E-05	6.01E-07
7079.22	2.44E-05	5.66E-07
7111.9	1.70E-05	5.57E-07
7112.1	1.70E-05	4.45E-06
7193.72	2.49E-05	4.28E-06
7310.07	2.52E-05	4.05E-06
7428.31	2.50E-05	3.83E-06
7548.45	2.46E-05	3.62E-06
7670.54	2.41E-05	3.43E-06
7794.61	2.36E-05	3.24E-06
7920.68	2.30E-05	3.06E-06
8048.79	2.24E-05	2.89E-06
8178.98	2.18E-05	2.73E-06
8311.26	2.13E-05	2.58E-06
8445.69	2.07E-05	2.44E-06
8582.29	2.01E-05	2.30E-06
8721.11	1.96E-05	2.18E-06
8862.16	1.90E-05	2.05E-06
9005.5	1.85E-05	1.94E-06
9151.16	1.79E-05	1.83E-06
9299.17	1.74E-05	1.73E-06
9449.58	1.69E-05	1.63E-06
9602.42	1.64E-05	1.54E-06
9757.73	1.59E-05	1.45E-06
9915.55	1.54E-05	1.37E-06
10075.9	1.50E-05	1.29E-06
10238.9	1.45E-05	1.21E-06
10404.5	1.41E-05	1.15E-06
10572.8	1.36E-05	1.08E-06
10743.8	1.32E-05	1.02E-06
10917.6	1.28E-05	9.59E-07
11094.2	1.24E-05	9.04E-07
11273.6	1.20E-05	8.51E-07
11455.9	1.17E-05	8.02E-07
11641.2	1.13E-05	7.56E-07
11829.5	1.10E-05	7.12E-07
12020.8	1.06E-05	6.70E-07
12215.3	1.03E-05	6.31E-07
12412.8	9.97E-06	5.94E-07
12613.6	9.66E-06	5.60E-07
12817.6	9.36E-06	5.27E-07
13025	9.07E-06	4.96E-07
13235.6	8.78E-06	4.67E-07
13449.7	8.51E-06	4.40E-07
13667.2	8.24E-06	4.14E-07
13888.3	7.98E-06	3.89E-07
14112.9	7.73E-06	3.66E-07
14341.2	7.49E-06	3.45E-07
14573.1	7.25E-06	3.24E-07
14808.9	7.03E-06	3.05E-07
15048.4	6.80E-06	2.87E-07
15291.8	6.59E-06	2.70E-07
15539.1	6.38E-06	2.54E-07
15790.4	6.18E-06	2.39E-07
16045.8	5.98E-06	2.25E-07
16305.4	5.80E-06	2.11E-07
16569.1	5.61E-06	1.99E-07
16837.1	5.43E-06	1.87E-07
17109.4	5.26E-06	1.76E-07
17386.1	5.10E-06	1.65E-07
17667.4	4.93E-06	1.55E-07
17953.1	4.78E-06	1.46E-07
18243.5	4.63E-06	1.37E-07
18538.6	4.48E-06	1.29E-07
18838.4	4.34E-06	1.21E-07
19143.1	4.20E-06	1.14E-07
19452.7	4.07E-06	1.07E-07
19767.4	3.94E-06	1.01E-07
20087.1	3.81E-06	9.46E-08
20412	3.69E-06	8.89E-08
20742.1	3.57E-06	8.35E-08
21077.6	3.46E-06	7.85E-08
21418.5	3.35E-06	7.38E-08
21765	3.24E-06	6.93E-08
22117	3.14E-06	6.51E-08
22474.7	3.04E-06	6.12E-08
22838.2	2.95E-06	5.75E-08
23207.6	2.85E-06	5.40E-08
23583	2.76E-06	5.07E-08
23964.4	2.67E-06	4.76E-08
24352	2.59E-06	4.47E-08
24745.9	2.51E-06	4.20E-08
25146.2	2.43E-06	3.94E-08
25552.9	2.35E-06	3.70E-08
25966.2	2.27E-06	3.48E-08
26386.1	2.20E-06	3.27E-08
26812.9	2.13E-06	3.07E-08
27246.6	2.06E-06	2.88E-08
27687.3	2.00E-06	2.70E-08
28135.1	1.94E-06	2.54E-08
28590.2	1.87E-06	2.38E-08
29052.6	1.81E-06	2.24E-08
29522.5	1.76E-06	2.10E-08
30000	1.70E-06	1.97E-08
30400	1.66E-06	1.90E-08
30800	1.61E-06	1.81E-08
31200	1.57E-06	1.72E-08
31500	1.54E-06	1.65E-08
31900	1.50E-06	1.57E-08
32300	1.47E-06	1.50E-08
32600	1.44E-06	1.44E-08
33000	1.40E-06	1.38E-08
33400	1.37E-06	1.31E-08
33800	1.34E-06	1.25E-08
34100	1.31E-06	1.21E-08
34500	1.28E-06	1.15E-08
34900	1.25E-06	1.10E-08
35300	1.23E-06	1.05E-08
35700	1.20E-06	1.01E-08
36030	1.18E-06	9.72E-09
36500	1.15E-06	9.23E-09
37000	1.12E-06	8.75E-09
37500	1.09E-06	8.30E-09
38000	1.06E-06	7.87E-09
38500	1.03E-06	7.47E-09
39000	1.00E-06	7.10E-09
39500	9.78E-07	6.75E-09
40000	9.54E-07	6.42E-09
40400	9.35E-07	6.17E-09
40800	9.17E-07	5.93E-09
41100	9.03E-07	5.76E-09
41500	8.86E-07	5.54E-09
42300	8.53E-07	5.13E-09
43000	8.25E-07	4.81E-09
43800	7.95E-07	4.47E-09
44500	7.70E-07	4.19E-09
45300	7.43E-07	3.90E-09
46000	7.20E-07	3.67E-09
46500	7.05E-07	3.52E-09
47000	6.90E-07	3.37E-09
47500	6.75E-07	3.23E-09
48000	6.61E-07	3.10E-09
48500	6.48E-07	2.97E-09
49000	6.35E-07	2.85E-09
49500	6.22E-07	2.74E-09
50000	6.09E-07	2.63E-09
50500	5.97E-07	2.52E-09
51000	5.86E-07	2.43E-09
51500	5.74E-07	2.33E-09
52000	5.63E-07	2.24E-09
52500	5.53E-07	2.16E-09
53000	5.42E-07	2.08E-09
53500	5.32E-07	2.00E-09
54000	5.22E-07	1.92E-09
54500	5.13E-07	1.85E-09
55000	5.03E-07	1.79E-09
56000	4.85E-07	1.66E-09
56800	4.72E-07	1.57E-09
57530	4.60E-07	1.49E-09
58000	4.52E-07	1.44E-09
58500	4.45E-07	1.39E-09
59540	4.29E-07	1.30E-09
59800	4.25E-07	1.27E-09
60000	4.23E-07	1.26E-09
60800	4.12E-07	1.19E-09
61500	4.02E-07	1.14E-09
62300	3.92E-07	1.08E-09
63000	3.83E-07	1.03E-09
64000	3.71E-07	9.66E-10
65000	3.60E-07	9.07E-10
65900	3.50E-07	8.58E-10
66830	3.40E-07	8.10E-10
67400	3.35E-07	7.83E-10
68000	3.29E-07	7.55E-10
69000	3.19E-07	7.11E-10
70000	3.10E-07	6.71E-10
71000	3.02E-07	6.33E-10
72000	2.93E-07	5.98E-10
72800	2.87E-07	5.72E-10
73500	2.81E-07	5.50E-10
74200	2.76E-07	5.29E-10
74960	2.70E-07	5.07E-10
75500	2.67E-07	4.93E-10
76000	2.63E-07	4.80E-10
77110	2.56E-07	4.52E-10
77900	2.50E-07	4.34E-10
78600	2.46E-07	4.18E-10
79300	2.42E-07	4.03E-10
80000	2.37E-07	3.89E-10
80800	2.33E-07	3.74E-10
81500	2.29E-07	3.61E-10
82300	2.24E-07	3.47E-10
83000	2.21E-07	3.35E-10
84000	2.15E-07	3.19E-10
85000	2.10E-07	3.04E-10
86500	2.03E-07	2.83E-10
88000	1.96E-07	2.64E-10
89000	1.92E-07	2.52E-10
90000	1.87E-07	2.41E-10
91500	1.81E-07	2.25E-10
93000	1.76E-07	2.10E-10
94000	1.72E-07	2.01E-10
95000	1.68E-07	1.93E-10
96500	1.63E-07	1.81E-10
98000	1.58E-07	1.70E-10
99000	1.55E-07	1.63E-10
99500	1.53E-07	1.60E-10
100000	1.52E-07	1.56E-10
101500	1.47E-07	1.47E-10
103000	1.43E-07	1.39E-10
104000	1.40E-07	1.33E-10
105000	1.38E-07	1.28E-10
106500	1.34E-07	1.21E-10
108000	1.30E-07	1.14E-10
109000	1.28E-07	1.10E-10
110000	1.25E-07	1.06E-10
111500	1.22E-07	1.00E-10
113000	1.19E-07	9.50E-11
114000	1.17E-07	9.16E-11
115000	1.15E-07	8.84E-11
116500	1.12E-07	8.39E-11
118000	1.09E-07	7.96E-11
119000	1.07E-07	7.69E-11
120000	1.05E-07	7.43E-11
122000	1.02E-07	6.95E-11
124000	9.87E-08	6.50E-11
125500	9.63E-08	6.19E-11
127000	9.41E-08	5.90E-11
128500	9.19E-08	5.62E-11
130000	8.98E-08	5.36E-11
131500	8.77E-08	5.12E-11
133000	8.58E-08	4.89E-11
134500	8.39E-08	4.67E-11
136000	8.20E-08	4.46E-11
137500	8.02E-08	4.27E-11
139000	7.85E-08	4.08E-11
140500	7.68E-08	3.91E-11
142000	7.52E-08	3.74E-11
144000	7.32E-08	3.54E-11
145400	7.17E-08	3.40E-11
146000	7.12E-08	3.34E-11
146700	7.05E-08	3.28E-11
148000	6.92E-08	3.16E-11
149000	6.83E-08	3.08E-11
149500	6.79E-08	3.04E-11
150000	6.74E-08	2.99E-11
152000	6.56E-08	2.84E-11
154000	6.40E-08	2.69E-11
156000	6.23E-08	2.55E-11
158000	6.08E-08	2.43E-11
160000	5.92E-08	2.31E-11
162000	5.78E-08	2.19E-11
163500	5.67E-08	2.11E-11
165000	5.57E-08	2.03E-11
167000	5.44E-08	1.94E-11
169000	5.31E-08	1.85E-11
171000	5.19E-08	1.76E-11
173000	5.07E-08	1.68E-11
175000	4.95E-08	1.60E-11
177000	4.84E-08	1.53E-11
178500	4.76E-08	1.48E-11
180000	4.68E-08	1.43E-11
183000	4.53E-08	1.34E-11
185000	4.43E-08	1.28E-11
188000	4.29E-08	1.20E-11
190000	4.20E-08	1.15E-11
193000	4.07E-08	1.08E-11
195000	3.99E-08	1.04E-11
198000	3.87E-08	9.76E-12
200000	3.79E-08	9.38E-12
203000	3.68E-08	8.84E-12
205000	3.61E-08	8.50E-12
208000	3.50E-08	8.02E-12
210000	3.44E-08	7.73E-12
213000	3.34E-08	7.29E-12
215000	3.28E-08	7.03E-12
218000	3.19E-08	6.65E-12
220000	3.13E-08	6.41E-12
223000	3.05E-08	6.08E-12
226000	2.97E-08	5.77E-12
229000	2.89E-08	5.47E-12
232000	2.82E-08	5.20E-12
235000	2.75E-08	4.94E-12
238000	2.68E-08	4.70E-12
241000	2.61E-08	4.47E-12
244700	2.53E-08	4.21E-12
248000	2.46E-08	4.00E-12
252000	2.39E-08	3.75E-12
256000	2.31E-08	3.52E-12
260000	2.24E-08	3.32E-12
265000	2.16E-08	3.07E-12
270000	2.08E-08	2.86E-12
275000	2.00E-08	2.65E-12
279200	1.94E-08	2.50E-12
282000	1.91E-08	2.40E-12
285000	1.87E-08	2.30E-12
290000	1.80E-08	2.15E-12
295000	1.74E-08	2.01E-12
298000	1.71E-08	1.93E-12
300000	1.68E-08	1.88E-12
302000	1.66E-08	1.83E-12
304000	1.64E-08	1.79E-12
308000	1.60E-08	1.70E-12
312000	1.56E-08	1.62E-12
316500	1.51E-08	1.53E-12
318000	1.50E-08	1.50E-12
320100	1.48E-08	1.47E-12
326000	1.43E-08	1.37E-12
332000	1.38E-08	1.28E-12
338000	1.33E-08	1.19E-12
341000	1.30E-08	1.15E-12
344300	1.28E-08	1.11E-12
351000	1.23E-08	1.03E-12
357000	1.19E-08	9.67E-13
364000	1.14E-08	8.98E-13
370000	1.11E-08	8.44E-13
378000	1.06E-08	7.78E-13
385000	1.02E-08	7.25E-13
393000	9.81E-09	6.70E-13
400000	9.47E-09	6.27E-13
403000	9.33E-09	6.09E-13
406000	9.19E-09	5.92E-13
411100	8.97E-09	5.65E-13
411800	8.94E-09	5.61E-13
421000	8.55E-09	5.16E-13
430000	8.20E-09	4.76E-13
437000	7.94E-09	4.48E-13
444000	7.69E-09	4.22E-13
450000	7.48E-09	4.02E-13
456000	7.29E-09	3.84E-13
468050	6.92E-09	3.49E-13
474000	6.75E-09	3.34E-13
480000	6.58E-09	3.19E-13
490000	6.31E-09	2.96E-13
495000	6.19E-09	2.86E-13
500000	6.06E-09	2.76E-13
515000	5.71E-09	2.48E-13
530000	5.40E-09	2.24E-13
540000	5.20E-09	2.09E-13
550000	5.01E-09	1.96E-13
565000	4.75E-09	1.78E-13
580000	4.51E-09	1.62E-13
590000	4.35E-09	1.52E-13
600000	4.21E-09	1.43E-13
608000	4.10E-09	1.37E-13
615000	4.01E-09	1.32E-13
630000	3.82E-09	1.22E-13
646000	3.63E-09	1.12E-13
661600	3.46E-09	1.03E-13
680000	3.28E-09	9.43E-14
700000	3.09E-09	8.56E-14
712000	2.99E-09	8.08E-14
723300	2.90E-09	7.67E-14
750000	2.69E-09	6.80E-14
778900	2.50E-09	5.99E-14
789000	2.43E-09	5.74E-14
800000	2.37E-09	5.48E-14
830000	2.20E-09	4.88E-14
867400	2.01E-09	4.25E-14
889200	1.92E-09	3.93E-14
900000	1.87E-09	3.79E-14
930000	1.75E-09	3.42E-14
964000	1.63E-09	3.06E-14
980000	1.5779E-09	2.90323E-14
1000000	1.51542E-09	2.72559E-14
1004800	1.50097E-09	2.68149E-14
1085800	1.28538E-09	2.09233E-14
1120500	1.207E-09	1.89163E-14
1121100	1.20571E-09	1.88837E-14
1150000	1.14587E-09	1.74787E-14
1173200	1.10099E-09	1.64735E-14
1220000	1.01814E-09	1.46544E-14
1274500	9.3293E-10	1.28409E-14
1332500	8.53479E-10	1.12099E-14
1408000	7.64402E-10	9.45779E-15
1450000	7.20761E-10	8.63192E-15
1480000	6.91837E-10	8.09726E-15
1500000	6.73511E-10	7.76394E-15
1600000	5.91951E-10	6.38077E-15
1700000	5.24358E-10	5.29702E-15
1780000	4.78284E-10	4.59433E-15
1850000	4.42774E-10	4.07444E-15
1930000	4.06828E-10	3.56873E-15
2000000	3.78847E-10	3.1903E-15
2100000	3.43625E-10	2.75226E-15
2200000	3.13097E-10	2.39349E-15
2350000	2.74403E-10	1.96082E-15
2500000	2.42462E-10	1.62403E-15
2600000	2.2417E-10	1.4402E-15
2700000	2.07872E-10	1.28238E-15
2850000	1.86567E-10	1.08506E-15
3000000	1.68376E-10	9.25222E-16
3100000	1.57688E-10	8.38778E-16
3200000	1.47987E-10	7.6255E-16
3500000	1.23705E-10	5.81834E-16
3700000	1.10693E-10	4.91442E-16
4000000	9.47114E-11	3.87263E-16
4200000	8.5906E-11	3.34583E-16
4500000	7.48337E-11	2.71822E-16
5000000	6.06153E-11	1.97511E-16
5003540	6.05295E-11	1.97093E-16
5500000	5.00953E-11	1.48374E-16
6000000	4.2094E-11	1.1409E-16
6500000	3.5867E-11	8.97257E-17
7000000	3.09262E-11	7.17596E-17
7500000	2.69401E-11	5.83319E-17
8000000	2.36778E-11	4.80224E-17
9000000	1.87084E-11	3.37172E-17
10000000	1.51538E-11	2.45668E-17
