2.000000E-02	-1.141200E+01	1.674500E+01
4.000000E-02	-6.077500E+00	1.000000E+01
6.000000E-02	-4.632500E+00	7.010000E+00
8.000000E-02	-4.043000E+00	5.400002E+00
1.000000E-01	-3.775000E+00	4.375020E+00
1.041000E-01	-1.417000E+00	2.010000E-04
1.054000E-01	-1.424000E+00	4.900000E-04
1.066000E-01	-1.450000E+00	2.520000E-03
1.069000E-01	-1.465000E+00	4.510000E-03
1.071000E-01	-1.496000E+00	1.000000E-02
1.074000E-01	-1.587000E+00	4.200000E-02
1.075000E-01	-1.735000E+00	1.660000E-01
1.076000E-01	-1.196000E+00	7.500000E-01
1.077000E-01	-1.124000E+00	1.080000E-01
1.079000E-01	-1.241000E+00	3.300000E-02
1.080000E-01	-1.291000E+00	1.500000E-02
1.081000E-01	-1.317000E+00	9.110000E-03
1.082000E-01	-1.334000E+00	5.920000E-03
1.084000E-01	-1.345000E+00	4.150000E-03
1.085000E-01	-1.353000E+00	3.070000E-03
1.091000E-01	-1.374000E+00	1.060000E-03
1.103000E-01	-1.388000E+00	3.190000E-04
1.115000E-01	-1.393000E+00	1.510000E-04
1.128000E-01	-1.395000E+00	8.100000E-05
1.141000E-01	-1.397000E+00	5.800000E-05
1.153000E-01	-1.398000E+00	4.100000E-05
1.165000E-01	-1.399000E+00	3.000000E-05
1.200000E-01	-5.960000E+00	7.380000E+00
1.400000E-01	-5.910000E+00	6.630000E+00
1.600000E-01	-5.770000E+00	6.290000E+00
1.612000E-01	-5.712000E+00	6.218000E+00
1.674000E-01	-5.476000E+00	5.955000E+00
1.736000E-01	-5.323000E+00	5.775000E+00
1.798000E-01	-5.238000E+00	5.663000E+00
1.860000E-01	-5.205000E+00	5.600000E+00
1.922000E-01	-5.217000E+00	5.560000E+00
1.946000E-01	-5.258000E+00	5.530000E+00
1.952000E-01	-5.291000E+00	5.515000E+00
1.959000E-01	-5.371000E+00	5.498000E+00
1.965000E-01	-5.646000E+00	5.644000E+00
1.966000E-01	-5.687000E+00	5.813000E+00
1.967000E-01	-5.590000E+00	6.016000E+00
1.969000E-01	-5.378000E+00	6.094000E+00
1.970000E-01	-5.212000E+00	6.036000E+00
1.971000E-01	-5.131000E+00	5.948000E+00
1.977000E-01	-5.097000E+00	5.721000E+00
1.984000E-01	-5.120000E+00	5.656000E+00
1.990000E-01	-5.135000E+00	5.627000E+00
1.996000E-01	-5.145000E+00	5.611000E+00
2.002000E-01	-5.150000E+00	5.597000E+00
2.046000E-01	-5.129000E+00	5.520000E+00
2.108000E-01	-5.070000E+00	5.420000E+00
2.170000E-01	-5.000000E+00	5.318000E+00
2.232000E-01	-4.923000E+00	5.217000E+00
2.294000E-01	-4.866000E+00	5.124000E+00
3.000000E-01	-4.360000E+00	4.480000E+00
4.000000E-01	-3.830000E+00	3.820000E+00
5.000000E-01	-3.500000E+00	3.410000E+00
6.000000E-01	-3.240000E+00	3.250000E+00
7.000000E-01	-2.940000E+00	3.020000E+00
8.000000E-01	-2.690000E+00	2.910000E+00
9.000000E-01	-2.390000E+00	2.700000E+00
1.000000E+00	-2.180000E+00	2.400000E+00
1.040000E+00	-2.160000E+00	2.280000E+00
1.080000E+00	-2.160000E+00	2.170000E+00
1.120000E+00	-2.190000E+00	2.070000E+00
1.160000E+00	-2.330000E+00	2.070000E+00
1.200000E+00	-2.250000E+00	2.070000E+00
1.300000E+00	-2.200000E+00	2.020000E+00
1.400000E+00	-2.140000E+00	1.950000E+00
1.500000E+00	-2.100000E+00	1.900000E+00
1.600000E+00	-2.060000E+00	1.860000E+00
1.700000E+00	-2.010000E+00	1.840000E+00
1.800000E+00	-1.960000E+00	1.810000E+00
1.900000E+00	-1.910000E+00	1.770000E+00
2.000000E+00	-1.435000E+00	1.870000E+00
2.100000E+00	-1.035000E+00	1.390000E+00
2.200000E+00	-1.020000E+00	1.360000E+00
2.300000E+00	-1.015000E+00	1.340000E+00
2.400000E+00	-1.010000E+00	1.330000E+00
2.500000E+00	-1.013333E+00	1.670000E+00
2.600000E+00	-1.000000E+00	1.300000E+00
2.700000E+00	-1.000000E+00	1.280000E+00
2.800000E+00	-9.950000E-01	1.280000E+00
2.900000E+00	-9.900000E-01	1.280000E+00
3.000000E+00	-1.003333E+00	1.660000E+00
3.100000E+00	-9.850000E-01	1.290000E+00
3.200000E+00	-9.800000E-01	1.290000E+00
3.300000E+00	-9.800000E-01	1.310000E+00
3.400000E+00	-9.850000E-01	1.330000E+00
3.500000E+00	-1.000000E+00	1.690000E+00
3.600000E+00	-9.950000E-01	1.390000E+00
3.700000E+00	-1.000000E+00	1.430000E+00
3.800000E+00	-1.010000E+00	1.490000E+00
3.900000E+00	-1.025000E+00	1.560000E+00
4.000000E+00	-1.013333E+00	1.800000E+00
4.100000E+00	-1.060000E+00	1.790000E+00
4.200000E+00	-1.065000E+00	1.940000E+00
4.300000E+00	-1.050000E+00	2.100000E+00
4.400000E+00	-1.020000E+00	2.260000E+00
4.500000E+00	-8.766670E-01	2.055000E+00
4.600000E+00	-8.950000E-01	2.540000E+00
4.700000E+00	-8.000000E-01	2.640000E+00
4.800000E+00	-6.900000E-01	2.650000E+00
4.900000E+00	-5.500000E-01	2.560000E+00
5.000000E+00	-4.533330E-01	1.995000E+00
5.500000E+00	-3.466670E-01	1.123333E+00
6.000000E+00	-2.533330E-01	9.733330E-01
6.500000E+00	-1.866670E-01	8.400000E-01
7.000000E+00	-1.933330E-01	7.333330E-01
7.500000E+00	-2.900000E-01	7.100000E-01
8.000000E+00	-3.666670E-01	7.533330E-01
8.500000E+00	-4.433330E-01	8.366670E-01
9.000000E+00	-5.233330E-01	9.433330E-01
9.500000E+00	-6.166670E-01	1.073333E+00
1.000000E+01	-7.266670E-01	1.213333E+00
1.050000E+01	-7.366670E-01	1.200000E+00
1.100000E+01	-7.133330E-01	1.130000E+00
1.150000E+01	-5.700000E-01	8.933330E-01
1.200000E+01	-5.500000E-01	7.966670E-01
1.250000E+01	-5.300000E-01	7.133330E-01
1.300000E+01	-5.700000E-01	7.266670E-01
1.350000E+01	-5.866670E-01	7.966670E-01
1.400000E+01	-4.500000E-01	9.866670E-01
1.450000E+01	-2.833330E-01	1.256667E+00
1.500000E+01	-9.666700E-02	1.233333E+00
1.550000E+01	-2.000000E-02	1.166667E+00
1.600000E+01	2.000000E-02	1.073333E+00
1.650000E+01	1.200000E-01	9.700000E-01
1.700000E+01	2.033330E-01	9.033330E-01
1.750000E+01	2.533330E-01	8.400000E-01
1.800000E+01	2.933330E-01	8.066670E-01
1.850000E+01	3.550000E-01	8.050000E-01
1.900000E+01	3.550000E-01	7.700000E-01
1.950000E+01	3.400000E-01	7.350000E-01
2.000000E+01	3.400000E-01	6.950000E-01
2.050000E+01	3.400000E-01	6.350000E-01
2.100000E+01	3.550000E-01	5.750000E-01
2.150000E+01	3.450000E-01	5.350000E-01
2.200000E+01	3.400000E-01	4.950000E-01
2.250000E+01	3.350000E-01	4.700000E-01
2.300000E+01	3.200000E-01	4.400000E-01
2.350000E+01	2.950000E-01	4.200000E-01
2.400000E+01	2.750000E-01	4.100000E-01
2.450000E+01	2.700000E-01	4.000000E-01
2.500000E+01	2.550000E-01	3.850000E-01
2.550000E+01	2.500000E-01	3.700000E-01
2.600000E+01	2.350000E-01	3.500000E-01
2.650000E+01	2.350000E-01	3.400000E-01
2.700000E+01	2.350000E-01	3.300000E-01
2.750000E+01	2.450000E-01	3.200000E-01
2.800000E+01	2.400000E-01	3.100000E-01
2.850000E+01	2.350000E-01	3.000000E-01
2.900000E+01	2.300000E-01	2.950000E-01
2.930000E+01	3.218260E-01	2.427300E-01
2.977390E+01	3.150000E-01	2.310000E-01
3.025550E+01	3.084336E-01	2.190014E-01
3.074490E+01	3.014945E-01	2.078546E-01
3.124210E+01	2.944834E-01	1.972759E-01
3.174750E+01	2.874426E-01	1.872339E-01
3.226090E+01	2.804089E-01	1.777052E-01
3.278270E+01	2.734003E-01	1.686606E-01
3.331300E+01	2.664324E-01	1.600752E-01
3.385180E+01	2.595211E-01	1.519283E-01
3.439930E+01	2.526657E-01	1.441956E-01
3.495570E+01	2.458500E-01	1.368566E-01
3.552110E+01	2.391001E-01	1.300640E-01
3.609560E+01	2.325880E-01	1.236384E-01
3.667940E+01	2.262407E-01	1.175301E-01
3.727270E+01	2.200474E-01	1.117233E-01
3.787550E+01	2.140107E-01	1.062038E-01
3.848820E+01	2.081341E-01	1.009566E-01
3.911070E+01	2.025199E-01	9.596876E-02
3.974320E+01	1.971309E-01	9.100011E-02
4.038610E+01	1.916325E-01	8.609263E-02
4.103930E+01	1.861312E-01	8.145037E-02
4.170310E+01	1.806823E-01	7.705818E-02
4.237760E+01	1.753042E-01	7.290337E-02
4.306300E+01	1.700037E-01	6.897230E-02
4.375950E+01	1.647803E-01	6.525290E-02
4.446730E+01	1.595879E-01	6.173453E-02
4.518650E+01	1.544101E-01	5.844308E-02
4.591740E+01	1.493860E-01	5.568083E-02
4.666000E+01	1.446685E-01	5.304937E-02
4.741470E+01	1.401424E-01	5.054224E-02
4.818160E+01	1.357775E-01	4.815368E-02
4.896090E+01	1.315569E-01	4.587796E-02
4.975280E+01	1.274684E-01	4.370963E-02
5.055760E+01	1.235020E-01	4.164365E-02
5.137530E+01	1.196492E-01	3.967542E-02
5.220620E+01	1.158971E-01	3.780032E-02
5.305060E+01	1.122197E-01	3.601400E-02
5.390870E+01	1.085848E-01	3.442234E-02
5.478060E+01	1.051652E-01	3.298612E-02
5.566670E+01	1.019108E-01	3.160959E-02
5.656700E+01	9.879032E-02	3.029059E-02
5.748200E+01	9.579178E-02	2.902645E-02
5.841170E+01	9.290983E-02	2.781538E-02
5.935640E+01	9.014298E-02	2.665469E-02
6.031650E+01	8.749988E-02	2.554240E-02
6.129210E+01	8.500962E-02	2.442380E-02
6.228340E+01	8.254999E-02	2.322988E-02
6.329080E+01	8.009754E-02	2.209436E-02
6.431450E+01	7.769154E-02	2.101419E-02
6.535470E+01	7.534119E-02	1.998684E-02
6.641180E+01	7.304889E-02	1.900975E-02
6.748590E+01	7.081642E-02	1.808051E-02
6.857750E+01	6.864343E-02	1.719659E-02
6.968670E+01	6.653013E-02	1.635598E-02
7.081380E+01	6.447586E-02	1.555634E-02
7.195910E+01	6.247945E-02	1.479589E-02
7.312300E+01	6.054001E-02	1.407263E-02
7.430570E+01	5.865639E-02	1.338467E-02
7.550760E+01	5.682726E-02	1.273034E-02
7.672890E+01	5.505159E-02	1.210802E-02
7.796990E+01	5.332811E-02	1.151610E-02
7.923100E+01	5.165538E-02	1.095315E-02
8.051250E+01	5.003231E-02	1.041769E-02
8.181470E+01	4.845753E-02	9.908423E-03
8.313800E+01	4.692964E-02	9.424040E-03
8.448270E+01	4.544769E-02	8.963343E-03
8.584910E+01	4.401022E-02	8.525172E-03
8.723770E+01	4.261591E-02	8.108406E-03
8.864870E+01	4.126390E-02	7.712016E-03
9.008250E+01	3.995283E-02	7.335016E-03
9.153950E+01	3.868151E-02	6.976440E-03
9.302010E+01	3.744885E-02	6.635389E-03
9.452460E+01	3.625371E-02	6.311021E-03
9.605350E+01	3.509510E-02	6.002501E-03
9.760710E+01	3.397186E-02	5.709060E-03
9.918580E+01	3.288303E-02	5.429971E-03
1.007900E+02	3.182762E-02	5.164527E-03
1.024200E+02	3.080471E-02	4.912077E-03
1.040770E+02	2.981283E-02	4.671908E-03
1.057600E+02	2.885195E-02	4.443547E-03
1.074710E+02	2.792024E-02	4.226289E-03
1.092090E+02	2.701760E-02	4.019706E-03
1.109750E+02	2.614288E-02	3.823229E-03
1.127700E+02	2.529494E-02	3.636319E-03
1.145940E+02	2.447329E-02	3.458550E-03
1.164480E+02	2.367682E-02	3.289448E-03
1.183310E+02	2.290549E-02	3.128668E-03
1.202450E+02	2.215780E-02	2.975718E-03
1.221900E+02	2.143340E-02	2.830238E-03
1.241660E+02	2.073163E-02	2.691898E-03
1.261750E+02	2.005152E-02	2.560274E-03
1.282150E+02	1.939322E-02	2.435139E-03
1.302890E+02	1.875568E-02	2.316091E-03
1.323970E+02	1.813958E-02	2.202843E-03
1.345380E+02	1.754209E-02	2.089999E-03
1.367140E+02	1.696074E-02	1.982921E-03
1.389250E+02	1.639609E-02	1.881330E-03
1.411720E+02	1.584804E-02	1.784934E-03
1.434560E+02	1.531619E-02	1.693467E-03
1.457760E+02	1.480046E-02	1.606706E-03
1.481340E+02	1.430014E-02	1.524380E-03
1.505300E+02	1.381490E-02	1.446279E-03
1.529640E+02	1.334436E-02	1.372186E-03
1.554390E+02	1.288772E-02	1.301866E-03
1.579530E+02	1.244496E-02	1.235166E-03
1.605070E+02	1.201558E-02	1.171892E-03
1.631030E+02	1.159897E-02	1.111849E-03
1.657420E+02	1.119465E-02	1.054872E-03
1.684220E+02	1.080261E-02	1.000833E-03
1.711460E+02	1.042211E-02	9.495562E-04
1.739150E+02	1.005278E-02	9.008943E-04
1.767270E+02	9.694606E-03	8.547468E-04
1.795860E+02	9.346887E-03	8.109456E-04
1.824910E+02	9.009661E-03	7.693942E-04
1.854420E+02	8.684462E-03	7.299781E-04
1.884420E+02	8.367083E-03	6.874219E-04
1.914890E+02	8.056013E-03	6.472634E-04
1.945870E+02	7.752010E-03	6.094387E-04
1.977340E+02	7.455310E-03	5.738329E-04
2.009320E+02	7.165637E-03	5.403046E-04
2.041820E+02	6.882701E-03	5.087343E-04
2.074850E+02	6.606116E-03	4.790075E-04
2.108400E+02	6.335604E-03	4.510233E-04
2.142510E+02	6.070486E-03	4.246663E-04
2.177160E+02	5.810388E-03	3.998544E-04
2.212370E+02	5.554434E-03	3.767952E-04
2.248160E+02	5.302798E-03	3.556630E-04
2.284520E+02	5.054723E-03	3.357197E-04
2.321470E+02	4.809160E-03	3.168925E-04
2.359020E+02	4.565024E-03	2.991212E-04
2.397170E+02	4.321110E-03	2.823486E-04
2.435950E+02	4.075752E-03	2.665136E-04
2.475350E+02	3.828475E-03	2.509247E-04
2.515380E+02	3.573205E-03	2.339922E-04
2.556070E+02	3.305647E-03	2.182002E-04
2.597410E+02	3.020717E-03	2.034747E-04
2.639420E+02	2.708674E-03	1.897430E-04
2.682110E+02	2.352161E-03	1.769388E-04
2.725490E+02	1.916029E-03	1.649978E-04
2.769570E+02	1.310572E-03	1.538628E-04
2.814370E+02	1.522465E-04	1.434789E-04
2.841000E+02	-3.814754E-03	1.377132E-04
2.843000E+02	-3.801382E-03	3.941015E-03
2.859890E+02	-2.634356E-04	3.866570E-03
2.906150E+02	1.296306E-03	3.671889E-03
2.953150E+02	1.923392E-03	3.487037E-03
3.000920E+02	2.290863E-03	3.311460E-03
3.049450E+02	2.530830E-03	3.144747E-03
3.098780E+02	2.694111E-03	2.986413E-03
3.148900E+02	2.806120E-03	2.836053E-03
3.199830E+02	2.881534E-03	2.693261E-03
3.251580E+02	2.929692E-03	2.557672E-03
3.304180E+02	2.956930E-03	2.428895E-03
3.357620E+02	2.967820E-03	2.306607E-03
3.411920E+02	2.965733E-03	2.190482E-03
3.467110E+02	2.953232E-03	2.080192E-03
3.523190E+02	2.932373E-03	1.975459E-03
3.580170E+02	2.904825E-03	1.876010E-03
3.638080E+02	2.871954E-03	1.781552E-03
3.696920E+02	2.835078E-03	1.691858E-03
3.756720E+02	2.796114E-03	1.606670E-03
3.817480E+02	2.754863E-03	1.521905E-03
3.879220E+02	2.708920E-03	1.439321E-03
3.941970E+02	2.658687E-03	1.361205E-03
4.005730E+02	2.606145E-03	1.287335E-03
4.070520E+02	2.551898E-03	1.217472E-03
4.136350E+02	2.496470E-03	1.151409E-03
4.203260E+02	2.440225E-03	1.088920E-03
4.271240E+02	2.383521E-03	1.029827E-03
4.340320E+02	2.326613E-03	9.739421E-04
4.410520E+02	2.269722E-03	9.210899E-04
4.481860E+02	2.213048E-03	8.711025E-04
4.554350E+02	2.156751E-03	8.238281E-04
4.628020E+02	2.100965E-03	7.791191E-04
4.702870E+02	2.045832E-03	7.368391E-04
4.778940E+02	1.991463E-03	6.968526E-04
4.856230E+02	1.938083E-03	6.590112E-04
4.934780E+02	1.885447E-03	6.227436E-04
5.014590E+02	1.833472E-03	5.884749E-04
5.095700E+02	1.782337E-03	5.560872E-04
5.178120E+02	1.732125E-03	5.254848E-04
5.261870E+02	1.682885E-03	4.965661E-04
5.346980E+02	1.634650E-03	4.692362E-04
5.433460E+02	1.587447E-03	4.434140E-04
5.521340E+02	1.541290E-03	4.190114E-04
5.610650E+02	1.496188E-03	3.959507E-04
5.701390E+02	1.452154E-03	3.741598E-04
5.793610E+02	1.409181E-03	3.535685E-04
5.887320E+02	1.367271E-03	3.341111E-04
5.982540E+02	1.326424E-03	3.157240E-04
6.079300E+02	1.286627E-03	2.983482E-04
6.177630E+02	1.247868E-03	2.819298E-04
6.277550E+02	1.210138E-03	2.664130E-04
6.379080E+02	1.173424E-03	2.517526E-04
6.482260E+02	1.137703E-03	2.378966E-04
6.587110E+02	1.102952E-03	2.248048E-04
6.693650E+02	1.069121E-03	2.124321E-04
6.801910E+02	1.036189E-03	2.009389E-04
6.911930E+02	1.004366E-03	1.902538E-04
7.023720E+02	9.739595E-04	1.801978E-04
7.137330E+02	9.446344E-04	1.701194E-04
7.252770E+02	9.157657E-04	1.602452E-04
7.370080E+02	8.875227E-04	1.509452E-04
7.489280E+02	8.600015E-04	1.421857E-04
7.610420E+02	8.332191E-04	1.339334E-04
7.733510E+02	8.071849E-04	1.261591E-04
7.858590E+02	7.818915E-04	1.188336E-04
7.985700E+02	7.573262E-04	1.119312E-04
8.114860E+02	7.334794E-04	1.054290E-04
8.246110E+02	7.103386E-04	9.930537E-05
8.379490E+02	6.878920E-04	9.353812E-05
8.515020E+02	6.661297E-04	8.809447E-05
8.652740E+02	6.450237E-04	8.295512E-05
8.792690E+02	6.245476E-04	7.810519E-05
8.934910E+02	6.046893E-04	7.353953E-05
9.079430E+02	5.854402E-04	6.924089E-05
9.226280E+02	5.667888E-04	6.519404E-05
9.375510E+02	5.487153E-04	6.137001E-05
9.527150E+02	5.311959E-04	5.776819E-05
9.681240E+02	5.142199E-04	5.437610E-05
9.837830E+02	4.977721E-04	5.118173E-05
9.996950E+02	4.818385E-04	4.817578E-05
1.015860E+03	4.664107E-04	4.534757E-05
1.032290E+03	4.514772E-04	4.268931E-05
1.048990E+03	4.370223E-04	4.016824E-05
1.065960E+03	4.230082E-04	3.777732E-05
1.083200E+03	4.094312E-04	3.553045E-05
1.100720E+03	3.962809E-04	3.341623E-05
1.118520E+03	3.835479E-04	3.142681E-05
1.136610E+03	3.712160E-04	2.955709E-05
1.155000E+03	3.592724E-04	2.779815E-05
1.173680E+03	3.477147E-04	2.614409E-05
1.192660E+03	3.365283E-04	2.458905E-05
1.211950E+03	3.256999E-04	2.312612E-05
1.231550E+03	3.152214E-04	2.175003E-05
1.251470E+03	3.050814E-04	2.045042E-05
1.271720E+03	2.952633E-04	1.922262E-05
1.292290E+03	2.857576E-04	1.806218E-05
1.313190E+03	2.765546E-04	1.697234E-05
1.334430E+03	2.676454E-04	1.594809E-05
1.356010E+03	2.590231E-04	1.498557E-05
1.377940E+03	2.506774E-04	1.408126E-05
1.400230E+03	2.425982E-04	1.323135E-05
1.422880E+03	2.347802E-04	1.243266E-05
1.445890E+03	2.272165E-04	1.168235E-05
1.469280E+03	2.198953E-04	1.097680E-05
1.493040E+03	2.128131E-04	1.031333E-05
1.517190E+03	2.059586E-04	9.687439E-06
1.541730E+03	1.993237E-04	9.099220E-06
1.566670E+03	1.929023E-04	8.546607E-06
1.592010E+03	1.866891E-04	8.027601E-06
1.617760E+03	1.806765E-04	7.540115E-06
1.643920E+03	1.748600E-04	7.082307E-06
1.670510E+03	1.692300E-04	6.652240E-06
1.697530E+03	1.637829E-04	6.248291E-06
1.724990E+03	1.585120E-04	5.868927E-06
1.752890E+03	1.534132E-04	5.510908E-06
1.781240E+03	1.484783E-04	5.174186E-06
1.810050E+03	1.437025E-04	4.857637E-06
1.839320E+03	1.390817E-04	4.560513E-06
1.869070E+03	1.346093E-04	4.281546E-06
1.899300E+03	1.302819E-04	4.019661E-06
1.930020E+03	1.260940E-04	3.773778E-06
1.961240E+03	1.220413E-04	3.542924E-06
1.992960E+03	1.181204E-04	3.326199E-06
2.025200E+03	1.143257E-04	3.123759E-06
2.057950E+03	1.106562E-04	2.932080E-06
2.091240E+03	1.071033E-04	2.752024E-06
2.125060E+03	1.036661E-04	2.582963E-06
2.159430E+03	1.003396E-04	2.424160E-06
2.194360E+03	9.712019E-05	2.275030E-06
2.229850E+03	9.400526E-05	2.134975E-06
2.265920E+03	9.099047E-05	2.003472E-06
2.302570E+03	8.807304E-05	1.879987E-06
2.339810E+03	8.525031E-05	1.764072E-06
2.377660E+03	8.251790E-05	1.655139E-06
2.416110E+03	7.987463E-05	1.552958E-06
2.455190E+03	7.731601E-05	1.457009E-06
2.494900E+03	7.484007E-05	1.366893E-06
2.535260E+03	7.244356E-05	1.282321E-06
2.576260E+03	7.012493E-05	1.202954E-06
2.617930E+03	6.788080E-05	1.128391E-06
2.660270E+03	6.570910E-05	1.058483E-06
2.703300E+03	6.360715E-05	9.927803E-07
2.747030E+03	6.157265E-05	9.311337E-07
2.791460E+03	5.960401E-05	8.732914E-07
2.836610E+03	5.769863E-05	8.190463E-07
2.882490E+03	5.585462E-05	7.680393E-07
2.929110E+03	5.406996E-05	7.202536E-07
2.976480E+03	5.234289E-05	6.753836E-07
3.024630E+03	5.067093E-05	6.332734E-07
3.073550E+03	4.905289E-05	5.937607E-07
3.123260E+03	4.748694E-05	5.566870E-07
3.173780E+03	4.597111E-05	5.218983E-07
3.225110E+03	4.450414E-05	4.892643E-07
3.277270E+03	4.308428E-05	4.586431E-07
3.330280E+03	4.170981E-05	4.299127E-07
3.384150E+03	4.037940E-05	4.029627E-07
3.438880E+03	3.909194E-05	3.776821E-07
3.494500E+03	3.784566E-05	3.539659E-07
3.551020E+03	3.663935E-05	3.317188E-07
3.608460E+03	3.547160E-05	3.108476E-07
3.666820E+03	3.434141E-05	2.912769E-07
3.726130E+03	3.324733E-05	2.729205E-07
3.786400E+03	3.218826E-05	2.557046E-07
3.847640E+03	3.116320E-05	2.395551E-07
3.909870E+03	3.017099E-05	2.244165E-07
3.973110E+03	2.921041E-05	2.102186E-07
4.037380E+03	2.828051E-05	1.969753E-07
4.102680E+03	2.738051E-05	1.844926E-07
4.169030E+03	2.650936E-05	1.727900E-07
4.236460E+03	2.566597E-05	1.618258E-07
4.304980E+03	2.484954E-05	1.515465E-07
4.374620E+03	2.405907E-05	1.419143E-07
4.445370E+03	2.329403E-05	1.328917E-07
4.517270E+03	2.255338E-05	1.244342E-07
4.590330E+03	2.183640E-05	1.165091E-07
4.664580E+03	2.114225E-05	1.090810E-07
4.740030E+03	2.047027E-05	1.021237E-07
4.816690E+03	1.981981E-05	9.560636E-08
4.894600E+03	1.919005E-05	8.949996E-08
4.973770E+03	1.858037E-05	8.377950E-08
5.054210E+03	1.799020E-05	7.842163E-08
5.135960E+03	1.741879E-05	7.340166E-08
5.219030E+03	1.686563E-05	6.870157E-08
5.303440E+03	1.633014E-05	6.429768E-08
5.389220E+03	1.581165E-05	6.017218E-08
5.476390E+03	1.530968E-05	5.630772E-08
5.564970E+03	1.482372E-05	5.268923E-08
5.654980E+03	1.435325E-05	4.930358E-08
5.746440E+03	1.389779E-05	4.613113E-08
5.839390E+03	1.345677E-05	4.315945E-08
5.933830E+03	1.302987E-05	4.037673E-08
6.029810E+03	1.261648E-05	3.777278E-08
6.127330E+03	1.221632E-05	3.533592E-08
6.226440E+03	1.182884E-05	3.305243E-08
6.327150E+03	1.145369E-05	3.091538E-08
6.429480E+03	1.109052E-05	2.891519E-08
6.533480E+03	1.073882E-05	2.704263E-08
6.639150E+03	1.039837E-05	2.529013E-08
6.746540E+03	1.006872E-05	2.364967E-08
6.855650E+03	9.749575E-06	2.211474E-08
6.966540E+03	9.440539E-06	2.067799E-08
7.079220E+03	9.141339E-06	1.933317E-08
7.193720E+03	8.851641E-06	1.807501E-08
7.310070E+03	8.571158E-06	1.689768E-08
7.428310E+03	8.299571E-06	1.579636E-08
7.548450E+03	8.036630E-06	1.476568E-08
7.670540E+03	7.782031E-06	1.380151E-08
7.794610E+03	7.535512E-06	1.289964E-08
7.920680E+03	7.296827E-06	1.205582E-08
8.048790E+03	7.065712E-06	1.126649E-08
8.178980E+03	6.841927E-06	1.052825E-08
8.311260E+03	6.625266E-06	9.837882E-09
8.445690E+03	6.415470E-06	9.192068E-09
8.582290E+03	6.212325E-06	8.588227E-09
8.721110E+03	6.015627E-06	8.023586E-09
8.862160E+03	5.825178E-06	7.495501E-09
9.005500E+03	5.640765E-06	7.001690E-09
9.151160E+03	5.462198E-06	6.540090E-09
9.299170E+03	5.289300E-06	6.108515E-09
9.449580E+03	5.121876E-06	5.705146E-09
9.602420E+03	4.959762E-06	5.328060E-09
9.757730E+03	4.802798E-06	4.975397E-09
9.915550E+03	4.650803E-06	4.645954E-09
1.007590E+04	4.503654E-06	4.338038E-09
1.023890E+04	4.361112E-06	4.050237E-09
1.040450E+04	4.223125E-06	3.781317E-09
1.057280E+04	4.089494E-06	3.530016E-09
1.074380E+04	3.960108E-06	3.295224E-09
1.091760E+04	3.834805E-06	3.075843E-09
1.109420E+04	3.713474E-06	2.870901E-09
1.127360E+04	3.596029E-06	2.679471E-09
1.145590E+04	3.482300E-06	2.500663E-09
1.164120E+04	3.372143E-06	2.333625E-09
1.182950E+04	3.265475E-06	2.177610E-09
1.202080E+04	3.162205E-06	2.031932E-09
1.221530E+04	3.062157E-06	1.895853E-09
1.241280E+04	2.965345E-06	1.768834E-09
1.261360E+04	2.871550E-06	1.650203E-09
1.281760E+04	2.780748E-06	1.539460E-09
1.302500E+04	2.692775E-06	1.436052E-09
1.323560E+04	2.607651E-06	1.339556E-09
1.344970E+04	2.525186E-06	1.249462E-09
1.366720E+04	2.445352E-06	1.165386E-09
1.388830E+04	2.368022E-06	1.086907E-09
1.411290E+04	2.293158E-06	1.013677E-09
1.434120E+04	2.220648E-06	9.453354E-10
1.457310E+04	2.150457E-06	8.815788E-10
1.480890E+04	2.082444E-06	8.220786E-10
1.504840E+04	2.016615E-06	7.665813E-10
1.529180E+04	1.952864E-06	7.148073E-10
1.553910E+04	1.891137E-06	6.665153E-10
1.579040E+04	1.831364E-06	6.214722E-10
1.604580E+04	1.773473E-06	5.794631E-10
1.630540E+04	1.717399E-06	5.402810E-10
1.656910E+04	1.663119E-06	5.037500E-10
1.683710E+04	1.610550E-06	4.696829E-10
1.710940E+04	1.559650E-06	4.379268E-10
1.738610E+04	1.510361E-06	4.083169E-10
1.766740E+04	1.462609E-06	3.807123E-10
1.795310E+04	1.416393E-06	3.549836E-10
1.824350E+04	1.371625E-06	3.310020E-10
1.853860E+04	1.328272E-06	3.086502E-10
1.883840E+04	1.286301E-06	2.878217E-10
1.914310E+04	1.245650E-06	2.684101E-10
1.945270E+04	1.206289E-06	2.503242E-10
1.976740E+04	1.168161E-06	2.334707E-10
2.008710E+04	1.131248E-06	2.191831E-10
2.041200E+04	1.095502E-06	2.040897E-10
2.074210E+04	1.060890E-06	1.900467E-10
2.107760E+04	1.027365E-06	1.769787E-10
2.141850E+04	9.949037E-07	1.648185E-10
2.176500E+04	9.634603E-07	1.535004E-10
2.211700E+04	9.330196E-07	1.429686E-10
2.247470E+04	9.035417E-07	1.331663E-10
2.283820E+04	8.749939E-07	1.240422E-10
2.320760E+04	8.473465E-07	1.155491E-10
2.358300E+04	8.205724E-07	1.076426E-10
2.396440E+04	7.946477E-07	1.002829E-10
2.435200E+04	7.695414E-07	9.343072E-11
2.474590E+04	7.452276E-07	8.705106E-11
2.514620E+04	7.216792E-07	8.111064E-11
2.555290E+04	6.988802E-07	7.557985E-11
2.596620E+04	6.768003E-07	7.042936E-11
2.638610E+04	6.554222E-07	6.563343E-11
2.681290E+04	6.347152E-07	6.116653E-11
2.724660E+04	6.146616E-07	5.700617E-11
2.768730E+04	5.952432E-07	5.313146E-11
2.813510E+04	5.764394E-07	4.952236E-11
2.859020E+04	5.582283E-07	4.616031E-11
2.905260E+04	5.405939E-07	4.302863E-11
2.952250E+04	5.235167E-07	4.011104E-11
3.000000E+04	5.069782E-07	3.739302E-11
3.080000E+04	4.809741E-07	3.678772E-11
3.150000E+04	4.598296E-07	3.338392E-11
3.230000E+04	4.373286E-07	2.995583E-11
3.300000E+04	4.189672E-07	2.730566E-11
3.380000E+04	3.993638E-07	2.462126E-11
3.450000E+04	3.833177E-07	2.253456E-11
3.530000E+04	3.661355E-07	2.040871E-11
3.603000E+04	3.514452E-07	1.867905E-11
3.650000E+04	3.424509E-07	1.766054E-11
3.700000E+04	3.332563E-07	1.665096E-11
3.800000E+04	3.159441E-07	1.483648E-11
3.900000E+04	2.999461E-07	1.325943E-11
4.000000E+04	2.851334E-07	1.188377E-11
4.150000E+04	2.648908E-07	1.013217E-11
4.300000E+04	2.467295E-07	8.687834E-12
4.450000E+04	2.303737E-07	7.488735E-12
4.600000E+04	2.155917E-07	6.486505E-12
4.700000E+04	2.065142E-07	5.909096E-12
4.800000E+04	1.979977E-07	5.393673E-12
4.900000E+04	1.899977E-07	4.932458E-12
5.000000E+04	1.824729E-07	4.518848E-12
5.200000E+04	1.687050E-07	3.811898E-12
5.400000E+04	1.564385E-07	3.236237E-12
5.600000E+04	1.454626E-07	2.763944E-12
5.753000E+04	1.378277E-07	2.458944E-12
5.850000E+04	1.332945E-07	2.286902E-12
5.954000E+04	1.286781E-07	2.118612E-12
6.000000E+04	1.267124E-07	2.049049E-12
6.300000E+04	1.149310E-07	1.658144E-12
6.683000E+04	1.021343E-07	1.283577E-12
6.800000E+04	9.864957E-08	1.190475E-12
7.000000E+04	9.309268E-08	1.049789E-12
7.496000E+04	8.117996E-08	7.801520E-13
7.711000E+04	7.671585E-08	6.901226E-13
8.000000E+04	7.127301E-08	5.883509E-13
8.500000E+04	6.313415E-08	4.528890E-13
9.000000E+04	5.631382E-08	3.538708E-13
9.500000E+04	5.054188E-08	2.802977E-13
1.000000E+05	4.561381E-08	2.246922E-13
1.100000E+05	3.769724E-08	1.487141E-13
1.200000E+05	3.167605E-08	1.020288E-13
1.330000E+05	2.578624E-08	6.571900E-14
1.454000E+05	2.157547E-08	4.494172E-14
1.500000E+05	2.027243E-08	3.935334E-14
1.800000E+05	1.407803E-08	1.808640E-14
2.000000E+05	1.140317E-08	1.154097E-14
2.200000E+05	9.424090E-09	7.780774E-15
2.447000E+05	7.617565E-09	5.009858E-15
2.792000E+05	5.851302E-09	2.902877E-15
3.000000E+05	5.068049E-09	2.156372E-15
3.165000E+05	4.553401E-09	1.744245E-15
3.201000E+05	4.451558E-09	1.667819E-15
3.443000E+05	3.847765E-09	1.249561E-15
4.000000E+05	2.850773E-09	6.898531E-16
4.111000E+05	2.698906E-09	6.220549E-16
4.118000E+05	2.689738E-09	6.180674E-16
4.440000E+05	2.313751E-09	4.650000E-16
4.680500E+05	2.082083E-09	3.809473E-16
5.000000E+05	1.824492E-09	2.968037E-16
6.000000E+05	1.267008E-09	1.547549E-16
6.616000E+05	1.042056E-09	1.098007E-16
7.000000E+05	9.308631E-10	9.092690E-17
7.233000E+05	8.718564E-10	8.149903E-17
7.789000E+05	7.518280E-10	6.362522E-17
8.000000E+05	7.126921E-10	5.818644E-17
8.674000E+05	6.062379E-10	4.517061E-17
8.892000E+05	5.768767E-10	4.179385E-17
9.000000E+05	5.631147E-10	4.024393E-17
9.640000E+05	4.908263E-10	3.245735E-17
1.000000E+06	4.561229E-10	2.893814E-17
1.004800E+06	4.517755E-10	2.829083E-17
1.085800E+06	3.868853E-10	2.073569E-17
1.120500E+06	3.632940E-10	1.888975E-17
1.121100E+06	3.629052E-10	1.885967E-17
1.173200E+06	3.313888E-10	1.654974E-17
1.274500E+06	2.808033E-10	1.326013E-17
1.332500E+06	2.568902E-10	1.159154E-17
1.408000E+06	2.300788E-10	9.797528E-18
1.500000E+06	2.027213E-10	8.060818E-18
2.000000E+06	1.140307E-10	3.392368E-18
3.000000E+06	5.068033E-11	1.018426E-18
4.000000E+06	2.850768E-11	4.358903E-19
5.000000E+06	1.824492E-11	2.257712E-19
5.000150E+06	1.824382E-11	2.257515E-19
6.000000E+06	1.267008E-11	1.317930E-19
7.000000E+06	9.308631E-12	8.359103E-20
8.000000E+06	7.126921E-12	5.630250E-20
9.000000E+06	5.631147E-12	3.973770E-20
1.000000E+07	4.561229E-12	2.908559E-20
