1.24E-03	1.07E+01	-2.30E+01
1.86E-03	6.03E+00	-1.69E+01
2.48E-03	3.81E+00	-1.30E+01
3.10E-03	2.63E+00	-1.03E+01
3.72E-03	1.93E+00	-8.35E+00
4.34E-03	1.50E+00	-6.83E+00
4.96E-03	1.21E+00	-5.61E+00
5.58E-03	1.02E+00	-4.59E+00
6.20E-03	8.94E-01	-3.72E+00
6.82E-03	8.11E-01	-2.94E+00
7.44E-03	7.71E-01	-2.21E+00
8.06E-03	7.81E-01	-1.51E+00
8.68E-03	8.81E-01	-7.90E-01
9.30E-03	1.19E+00	-9.00E-02
9.92E-03	1.68E+00	3.67E-01
1.05E-02	2.12E+00	5.77E-01
1.12E-02	2.45E+00	6.90E-01
1.18E-02	2.71E+00	7.60E-01
1.24E-02	2.92E+00	8.07E-01
1.30E-02	3.10E+00	8.41E-01
1.36E-02	3.25E+00	8.66E-01
1.43E-02	3.38E+00	8.85E-01
1.49E-02	3.51E+00	9.00E-01
1.55E-02	3.62E+00	9.11E-01
1.61E-02	3.74E+00	9.19E-01
1.67E-02	3.85E+00	9.25E-01
1.74E-02	3.96E+00	9.29E-01
1.80E-02	4.09E+00	9.29E-01
1.86E-02	4.24E+00	9.26E-01
1.92E-02	4.42E+00	9.16E-01
1.98E-02	4.66E+00	8.95E-01
2.01E-02	4.79E+00	8.81E-01
2.03E-02	4.94E+00	8.60E-01
2.06E-02	5.13E+00	8.30E-01
2.08E-02	5.37E+00	7.84E-01
2.11E-02	5.69E+00	7.09E-01
2.12E-02	5.89E+00	6.53E-01
2.13E-02	6.14E+00	5.76E-01
2.15E-02	6.44E+00	4.66E-01
2.16E-02	6.82E+00	3.01E-01
2.17E-02	7.32E+00	3.70E-02
2.18E-02	7.97E+00	-4.20E-01
2.19E-02	8.82E+00	-1.31E+00
2.21E-02	9.61E+00	-3.20E+00
2.22E-02	8.68E+00	-6.34E+00
2.23E-02	5.34E+00	-7.56E+00
2.24E-02	3.05E+00	-6.59E+00
2.26E-02	1.95E+00	-5.43E+00
2.27E-02	1.39E+00	-4.48E+00
2.28E-02	1.08E+00	-3.73E+00
2.29E-02	8.84E-01	-3.10E+00
2.31E-02	7.60E-01	-2.57E+00
2.32E-02	6.80E-01	-2.10E+00
2.33E-02	6.32E-01	-1.67E+00
2.34E-02	6.11E-01	-1.27E+00
2.36E-02	6.18E-01	-8.80E-01
2.37E-02	6.63E-01	-4.90E-01
2.38E-02	7.76E-01	-1.00E-01
2.39E-02	9.89E-01	2.47E-01
2.41E-02	1.25E+00	4.75E-01
2.43E-02	1.69E+00	6.89E-01
2.46E-02	2.00E+00	7.83E-01
2.48E-02	2.22E+00	8.35E-01
2.60E-02	2.82E+00	9.31E-01
2.67E-02	2.97E+00	9.48E-01
2.73E-02	3.09E+00	9.58E-01
2.76E-02	2.57E+00	9.46E-01
2.79E-02	3.18E+00	9.66E-01
2.85E-02	3.26E+00	9.71E-01
2.91E-02	3.32E+00	9.75E-01
2.98E-02	3.37E+00	9.78E-01
3.10E-02	2.98E+00	9.74E-01
3.10E-02	3.45E+00	9.73E-01
3.22E-02	3.51E+00	9.86E-01
3.35E-02	3.56E+00	9.88E-01
3.47E-02	3.60E+00	9.90E-01
3.54E-02	3.25E+00	9.86E-01
3.60E-02	3.63E+00	9.91E-01
3.65E-02	3.30E+00	9.88E-01
3.72E-02	3.66E+00	9.92E-01
3.76E-02	3.34E+00	9.89E-01
3.88E-02	3.39E+00	9.90E-01
4.00E-02	3.44E+00	9.90E-01
4.13E-02	3.47E+00	9.90E-01
4.28E-02	3.50E+00	9.90E-01
4.43E-02	3.56E+00	9.89E-01
4.59E-02	3.66E+00	9.90E-01
4.77E-02	3.74E+00	9.93E-01
4.96E-02	3.78E+00	9.95E-01
6.20E-02	3.87E+00	9.98E-01
1.65E-01	4.18E+00	9.97E-01
1.77E-01	4.37E+00	9.72E-01
1.91E-01	4.30E+00	9.37E-01
2.07E-01	4.19E+00	9.26E-01
2.48E-01	4.14E+00	9.09E-01
8.00E-01	4.08E+00	8.00E-01
1.00E+00	4.15E+00	7.40E-01
1.20E+00	4.24E+00	6.80E-01
1.40E+00	4.40E+00	6.00E-01
1.50E+00	4.42E+00	3.57E-01
1.52E+00	4.44E+00	3.41E-01
1.54E+00	4.47E+00	3.25E-01
1.56E+00	4.50E+00	2.99E-01
1.58E+00	4.53E+00	2.77E-01
1.60E+00	4.72E+00	4.00E-01
1.60E+00	4.57E+00	2.51E-01
1.62E+00	4.60E+00	2.24E-01
1.64E+00	4.64E+00	1.92E-01
1.66E+00	4.68E+00	1.52E-01
1.68E+00	4.71E+00	1.03E-01
1.70E+00	4.75E+00	5.10E-02
1.72E+00	4.79E+00	-1.00E-02
1.74E+00	4.83E+00	-8.50E-02
1.76E+00	4.87E+00	-1.71E-01
1.78E+00	4.89E+00	-2.75E-01
1.80E+00	5.13E+00	-3.70E-01
1.80E+00	4.91E+00	-3.96E-01
1.82E+00	4.90E+00	-5.34E-01
1.84E+00	4.84E+00	-6.85E-01
1.86E+00	4.72E+00	-8.16E-01
1.88E+00	4.57E+00	-8.79E-01
1.90E+00	4.43E+00	-8.73E-01
1.92E+00	4.35E+00	-8.44E-01
1.94E+00	4.29E+00	-8.18E-01
1.96E+00	4.25E+00	-7.99E-01
1.98E+00	4.22E+00	-7.84E-01
2.00E+00	4.19E+00	-7.73E-01
2.02E+00	4.18E+00	-7.67E-01
2.04E+00	4.16E+00	-7.63E-01
2.06E+00	4.15E+00	-7.63E-01
2.08E+00	4.14E+00	-7.65E-01
2.10E+00	4.14E+00	-7.70E-01
2.12E+00	4.13E+00	-7.79E-01
2.14E+00	4.13E+00	-7.90E-01
2.16E+00	4.13E+00	-8.06E-01
2.18E+00	4.13E+00	-8.26E-01
2.20E+00	4.14E+00	-8.50E-01
2.22E+00	4.14E+00	-8.80E-01
2.24E+00	4.14E+00	-9.15E-01
2.26E+00	4.13E+00	-9.57E-01
2.28E+00	4.13E+00	-1.01E+00
2.30E+00	4.11E+00	-1.06E+00
2.32E+00	4.08E+00	-1.12E+00
2.34E+00	4.04E+00	-1.18E+00
2.36E+00	3.98E+00	-1.24E+00
2.38E+00	3.90E+00	-1.27E+00
2.40E+00	3.82E+00	-1.29E+00
2.42E+00	3.75E+00	-1.28E+00
2.44E+00	3.69E+00	-1.27E+00
2.46E+00	3.65E+00	-1.25E+00
2.48E+00	3.61E+00	-1.24E+00
2.50E+00	3.57E+00	-1.22E+00
2.54E+00	3.51E+00	-1.19E+00
2.60E+00	3.45E+00	-1.15E+00
2.64E+00	3.41E+00	-1.12E+00
2.70E+00	3.38E+00	-1.08E+00
2.74E+00	3.36E+00	-1.06E+00
2.80E+00	3.35E+00	-1.04E+00
2.84E+00	3.34E+00	-1.02E+00
2.90E+00	3.34E+00	-1.00E+00
2.94E+00	3.35E+00	-9.97E-01
3.00E+00	3.37E+00	-9.94E-01
3.04E+00	3.38E+00	-9.97E-01
3.10E+00	3.42E+00	-1.02E+00
3.14E+00	3.45E+00	-1.04E+00
3.20E+00	3.48E+00	-1.09E+00
3.24E+00	3.50E+00	-1.14E+00
3.30E+00	3.53E+00	-1.22E+00
3.34E+00	3.53E+00	-1.28E+00
3.40E+00	3.52E+00	-1.37E+00
3.44E+00	3.52E+00	-1.42E+00
3.50E+00	3.51E+00	-1.52E+00
3.54E+00	3.50E+00	-1.59E+00
3.60E+00	3.49E+00	-1.71E+00
3.64E+00	3.47E+00	-1.79E+00
3.70E+00	3.43E+00	-1.93E+00
3.74E+00	3.38E+00	-2.04E+00
3.80E+00	3.29E+00	-2.20E+00
3.84E+00	3.20E+00	-2.31E+00
3.90E+00	3.04E+00	-2.48E+00
3.94E+00	2.90E+00	-2.58E+00
4.00E+00	2.63E+00	-2.69E+00
4.04E+00	2.43E+00	-2.72E+00
4.10E+00	2.13E+00	-2.67E+00
4.14E+00	1.97E+00	-2.58E+00
4.20E+00	1.79E+00	-2.43E+00
4.24E+00	1.71E+00	-2.34E+00
4.30E+00	1.62E+00	-2.21E+00
4.34E+00	1.57E+00	-2.13E+00
4.40E+00	1.52E+00	-2.03E+00
4.44E+00	1.48E+00	-1.98E+00
4.50E+00	1.44E+00	-1.89E+00
4.54E+00	1.42E+00	-1.85E+00
4.60E+00	1.39E+00	-1.78E+00
4.64E+00	1.37E+00	-1.73E+00
4.70E+00	1.34E+00	-1.67E+00
4.74E+00	1.33E+00	-1.63E+00
4.80E+00	1.31E+00	-1.58E+00
4.84E+00	1.31E+00	-1.54E+00
4.90E+00	1.30E+00	-1.50E+00
4.94E+00	1.30E+00	-1.47E+00
5.00E+00	1.31E+00	-1.44E+00
5.04E+00	1.31E+00	-1.43E+00
5.10E+00	1.31E+00	-1.43E+00
5.14E+00	1.30E+00	-1.44E+00
5.20E+00	1.27E+00	-1.44E+00
5.24E+00	1.24E+00	-1.45E+00
5.30E+00	1.19E+00	-1.44E+00
5.34E+00	1.16E+00	-1.42E+00
5.40E+00	1.12E+00	-1.39E+00
5.44E+00	1.09E+00	-1.37E+00
5.50E+00	1.06E+00	-1.33E+00
5.54E+00	1.04E+00	-1.31E+00
5.60E+00	1.03E+00	-1.28E+00
5.64E+00	1.02E+00	-1.26E+00
5.70E+00	1.36E+00	-9.70E-01
5.70E+00	1.00E+00	-1.24E+00
5.74E+00	9.92E-01	-1.23E+00
5.80E+00	9.69E-01	-1.21E+00
5.84E+00	9.51E-01	-1.20E+00
5.90E+00	9.22E-01	-1.19E+00
5.94E+00	9.00E-01	-1.18E+00
6.00E+00	1.23E+00	-9.10E-01
6.00E+00	8.61E-01	-1.14E+00
6.80E+00	1.06E+00	-6.10E-01
7.60E+00	9.40E-01	-4.10E-01
8.00E+00	8.80E-01	-3.20E-01
9.00E+00	8.00E-01	-8.00E-02
1.00E+01	7.40E-01	1.20E-01
1.10E+01	7.20E-01	3.10E-01
1.20E+01	7.50E-01	4.90E-01
1.30E+01	8.00E-01	6.30E-01
1.40E+01	8.80E-01	7.31E-01
1.50E+01	9.70E-01	7.70E-01
1.55E+01	1.02E+00	8.30E-01
1.70E+01	1.11E+00	8.19E-01
1.80E+01	1.15E+00	8.22E-01
1.90E+01	1.18E+00	8.27E-01
2.00E+01	1.17E+00	8.40E-01
2.10E+01	1.17E+00	8.55E-01
2.20E+01	1.16E+00	8.75E-01
2.30E+01	1.15E+00	8.95E-01
2.40E+01	1.15E+00	9.06E-01
2.50E+01	1.15E+00	9.11E-01
2.93E+01	1.88E-02	5.74E-02
2.98E+01	1.56E-02	5.83E-02
3.03E+01	1.23E-02	5.87E-02
3.07E+01	8.57E-03	5.91E-02
3.12E+01	4.28E-03	5.99E-02
3.17E+01	-1.77E-04	6.13E-02
3.23E+01	-5.22E-03	6.34E-02
3.28E+01	-1.13E-02	6.60E-02
3.33E+01	-1.09E-02	7.73E-02
3.39E+01	-5.93E-03	8.17E-02
3.44E+01	-2.97E-03	8.18E-02
3.50E+01	-6.52E-04	8.10E-02
3.55E+01	-8.24E-04	7.89E-02
3.61E+01	-1.33E-03	7.78E-02
3.67E+01	-2.15E-03	7.68E-02
3.73E+01	-3.34E-03	7.59E-02
3.79E+01	-4.79E-03	7.53E-02
3.85E+01	-6.62E-03	7.50E-02
3.91E+01	-8.40E-03	7.50E-02
3.97E+01	-1.02E-02	7.56E-02
4.04E+01	-1.18E-02	7.64E-02
4.10E+01	-1.31E-02	7.75E-02
4.17E+01	-1.41E-02	7.87E-02
4.24E+01	-1.50E-02	8.00E-02
4.31E+01	-1.58E-02	8.16E-02
4.38E+01	-1.59E-02	8.32E-02
4.45E+01	-1.58E-02	8.48E-02
4.52E+01	-1.55E-02	8.62E-02
4.59E+01	-1.49E-02	8.80E-02
4.67E+01	-1.34E-02	8.87E-02
4.74E+01	-1.27E-02	8.95E-02
4.82E+01	-1.18E-02	9.04E-02
4.90E+01	-1.04E-02	9.12E-02
4.98E+01	-8.90E-03	9.13E-02
5.06E+01	-7.82E-03	9.13E-02
5.14E+01	-6.92E-03	9.12E-02
5.22E+01	-6.27E-03	9.14E-02
5.31E+01	-5.34E-03	9.18E-02
5.39E+01	-4.06E-03	9.23E-02
5.48E+01	-2.60E-03	9.24E-02
5.57E+01	-1.29E-03	9.23E-02
5.66E+01	1.40E-05	9.23E-02
5.75E+01	1.42E-03	9.23E-02
5.84E+01	2.93E-03	9.22E-02
5.94E+01	4.57E-03	9.18E-02
6.03E+01	6.01E-03	9.13E-02
6.13E+01	7.35E-03	9.09E-02
6.23E+01	8.85E-03	9.05E-02
6.33E+01	1.04E-02	8.99E-02
6.43E+01	1.17E-02	8.93E-02
6.54E+01	1.31E-02	8.90E-02
6.64E+01	1.48E-02	8.87E-02
6.75E+01	1.72E-02	8.82E-02
6.86E+01	1.94E-02	8.66E-02
6.97E+01	2.08E-02	8.49E-02
7.08E+01	2.18E-02	8.34E-02
7.20E+01	2.27E-02	8.24E-02
7.31E+01	2.39E-02	8.14E-02
7.43E+01	2.48E-02	8.03E-02
7.55E+01	2.57E-02	7.97E-02
7.67E+01	2.69E-02	7.94E-02
7.80E+01	2.86E-02	7.91E-02
7.92E+01	3.07E-02	7.88E-02
8.05E+01	3.33E-02	7.80E-02
8.18E+01	3.58E-02	7.65E-02
8.31E+01	3.82E-02	7.51E-02
8.45E+01	4.11E-02	7.35E-02
8.58E+01	4.42E-02	7.09E-02
8.72E+01	4.63E-02	6.76E-02
8.86E+01	4.80E-02	6.45E-02
9.01E+01	4.99E-02	6.13E-02
9.15E+01	5.10E-02	5.74E-02
9.30E+01	5.11E-02	5.42E-02
9.45E+01	5.22E-02	5.16E-02
9.61E+01	5.30E-02	4.77E-02
9.76E+01	5.30E-02	4.41E-02
9.92E+01	5.27E-02	4.08E-02
1.01E+02	5.22E-02	3.77E-02
1.02E+02	5.17E-02	3.49E-02
1.04E+02	5.14E-02	3.23E-02
1.06E+02	5.08E-02	2.90E-02
1.07E+02	4.99E-02	2.60E-02
1.09E+02	4.86E-02	2.32E-02
1.11E+02	4.71E-02	2.06E-02
1.13E+02	4.56E-02	1.83E-02
1.15E+02	4.40E-02	1.63E-02
1.16E+02	4.24E-02	1.44E-02
1.18E+02	4.09E-02	1.27E-02
1.20E+02	3.92E-02	1.09E-02
1.22E+02	3.75E-02	9.39E-03
1.24E+02	3.57E-02	8.12E-03
1.26E+02	3.40E-02	7.03E-03
1.28E+02	3.24E-02	6.11E-03
1.30E+02	3.08E-02	5.32E-03
1.32E+02	2.94E-02	4.54E-03
1.35E+02	2.79E-02	3.82E-03
1.37E+02	2.63E-02	3.26E-03
1.39E+02	2.49E-02	2.85E-03
1.41E+02	2.36E-02	2.52E-03
1.43E+02	2.23E-02	2.27E-03
1.46E+02	2.11E-02	2.05E-03
1.48E+02	2.00E-02	1.89E-03
1.51E+02	1.89E-02	1.78E-03
1.53E+02	1.80E-02	1.74E-03
1.55E+02	1.70E-02	1.73E-03
1.58E+02	1.62E-02	1.74E-03
1.61E+02	1.54E-02	1.76E-03
1.63E+02	1.47E-02	1.78E-03
1.66E+02	1.41E-02	1.81E-03
1.68E+02	1.35E-02	1.83E-03
1.71E+02	1.29E-02	1.85E-03
1.74E+02	1.24E-02	1.87E-03
1.77E+02	1.19E-02	1.86E-03
1.80E+02	1.14E-02	1.86E-03
1.82E+02	1.10E-02	1.86E-03
1.85E+02	1.05E-02	1.86E-03
1.88E+02	1.01E-02	1.86E-03
1.91E+02	9.73E-03	1.86E-03
1.95E+02	9.37E-03	1.85E-03
1.98E+02	9.02E-03	1.84E-03
2.01E+02	8.69E-03	1.83E-03
2.04E+02	8.37E-03	1.82E-03
2.07E+02	8.06E-03	1.81E-03
2.11E+02	7.77E-03	1.80E-03
2.14E+02	7.50E-03	1.79E-03
2.18E+02	7.24E-03	1.77E-03
2.21E+02	6.99E-03	1.75E-03
2.25E+02	6.75E-03	1.73E-03
2.28E+02	6.51E-03	1.71E-03
2.32E+02	6.29E-03	1.69E-03
2.36E+02	6.07E-03	1.67E-03
2.40E+02	5.87E-03	1.65E-03
2.44E+02	5.67E-03	1.63E-03
2.48E+02	5.49E-03	1.61E-03
2.52E+02	5.30E-03	1.59E-03
2.56E+02	5.13E-03	1.56E-03
2.60E+02	4.96E-03	1.54E-03
2.64E+02	4.80E-03	1.52E-03
2.68E+02	4.65E-03	1.49E-03
2.73E+02	4.50E-03	1.47E-03
2.77E+02	4.36E-03	1.43E-03
2.81E+02	4.23E-03	1.40E-03
2.86E+02	4.09E-03	1.36E-03
2.91E+02	3.96E-03	1.33E-03
2.95E+02	3.83E-03	1.30E-03
3.00E+02	3.70E-03	1.26E-03
3.05E+02	3.58E-03	1.23E-03
3.10E+02	3.46E-03	1.19E-03
3.15E+02	3.35E-03	1.15E-03
3.20E+02	3.23E-03	1.12E-03
3.25E+02	3.11E-03	1.08E-03
3.30E+02	3.00E-03	1.05E-03
3.36E+02	2.89E-03	1.01E-03
3.41E+02	2.78E-03	9.79E-04
3.47E+02	2.67E-03	9.46E-04
3.52E+02	2.57E-03	9.14E-04
3.58E+02	2.46E-03	8.84E-04
3.64E+02	2.36E-03	8.54E-04
3.70E+02	2.26E-03	8.25E-04
3.76E+02	2.16E-03	7.97E-04
3.82E+02	2.06E-03	7.70E-04
3.88E+02	1.96E-03	7.43E-04
3.94E+02	1.86E-03	7.17E-04
4.01E+02	1.76E-03	6.91E-04
4.07E+02	1.65E-03	6.67E-04
4.14E+02	1.55E-03	6.45E-04
4.20E+02	1.44E-03	6.23E-04
4.27E+02	1.33E-03	6.04E-04
4.34E+02	1.22E-03	5.89E-04
4.41E+02	1.11E-03	5.75E-04
4.44E+02	1.15E-03	5.69E-04
4.44E+02	1.14E-03	4.67E-04
4.48E+02	9.07E-04	5.03E-04
4.55E+02	7.11E-04	5.89E-04
4.63E+02	5.83E-04	7.16E-04
4.70E+02	5.06E-04	8.20E-04
4.78E+02	4.29E-04	9.17E-04
4.86E+02	3.86E-04	1.03E-03
4.93E+02	3.88E-04	1.09E-03
5.01E+02	3.53E-04	1.11E-03
5.10E+02	2.72E-04	1.11E-03
5.18E+02	9.93E-05	1.11E-03
5.26E+02	-4.82E-04	1.09E-03
5.28E+02	-1.68E-03	1.09E-03
5.28E+02	-1.67E-03	2.37E-03
5.35E+02	9.71E-05	2.29E-03
5.43E+02	4.92E-04	2.20E-03
5.52E+02	7.09E-04	2.10E-03
5.61E+02	8.45E-04	2.00E-03
5.70E+02	9.39E-04	1.90E-03
5.79E+02	1.00E-03	1.81E-03
5.89E+02	1.05E-03	1.73E-03
5.98E+02	1.08E-03	1.65E-03
6.08E+02	1.10E-03	1.58E-03
6.18E+02	1.12E-03	1.51E-03
6.28E+02	1.13E-03	1.44E-03
6.38E+02	1.12E-03	1.37E-03
6.48E+02	1.09E-03	1.31E-03
6.59E+02	1.07E-03	1.29E-03
6.69E+02	1.06E-03	1.26E-03
6.80E+02	1.07E-03	1.23E-03
6.91E+02	1.08E-03	1.21E-03
7.02E+02	1.10E-03	1.15E-03
7.14E+02	1.09E-03	1.10E-03
7.25E+02	1.09E-03	1.05E-03
7.37E+02	1.08E-03	1.00E-03
7.49E+02	1.06E-03	9.54E-04
7.61E+02	1.04E-03	9.08E-04
7.73E+02	1.01E-03	8.67E-04
7.86E+02	9.82E-04	8.41E-04
7.99E+02	9.60E-04	8.22E-04
8.11E+02	9.44E-04	8.03E-04
8.25E+02	9.33E-04	7.85E-04
8.38E+02	9.27E-04	7.64E-04
8.52E+02	9.22E-04	7.39E-04
8.65E+02	9.17E-04	7.10E-04
8.79E+02	9.09E-04	6.78E-04
8.93E+02	8.97E-04	6.47E-04
9.08E+02	8.83E-04	6.16E-04
9.23E+02	8.66E-04	5.87E-04
9.38E+02	8.49E-04	5.61E-04
9.53E+02	8.32E-04	5.36E-04
9.68E+02	8.16E-04	5.13E-04
9.84E+02	8.00E-04	4.91E-04
1.00E+03	7.85E-04	4.70E-04
1.02E+03	7.71E-04	4.49E-04
1.03E+03	7.56E-04	4.26E-04
1.05E+03	7.40E-04	4.04E-04
1.07E+03	7.23E-04	3.83E-04
1.08E+03	7.06E-04	3.64E-04
1.10E+03	6.89E-04	3.45E-04
1.12E+03	6.72E-04	3.27E-04
1.14E+03	6.55E-04	3.10E-04
1.16E+03	6.38E-04	2.94E-04
1.17E+03	6.21E-04	2.79E-04
1.19E+03	6.05E-04	2.65E-04
1.21E+03	5.89E-04	2.51E-04
1.23E+03	5.73E-04	2.38E-04
1.25E+03	5.57E-04	2.26E-04
1.27E+03	5.41E-04	2.14E-04
1.29E+03	5.26E-04	2.03E-04
1.31E+03	5.11E-04	1.93E-04
1.33E+03	4.97E-04	1.83E-04
1.36E+03	4.82E-04	1.74E-04
1.38E+03	4.68E-04	1.65E-04
1.40E+03	4.55E-04	1.56E-04
1.42E+03	4.41E-04	1.48E-04
1.45E+03	4.28E-04	1.41E-04
1.47E+03	4.16E-04	1.33E-04
1.49E+03	4.04E-04	1.26E-04
1.52E+03	3.92E-04	1.20E-04
1.54E+03	3.80E-04	1.14E-04
1.57E+03	3.68E-04	1.08E-04
1.59E+03	3.57E-04	1.02E-04
1.62E+03	3.46E-04	9.68E-05
1.64E+03	3.36E-04	9.18E-05
1.67E+03	3.26E-04	8.70E-05
1.70E+03	3.16E-04	8.25E-05
1.72E+03	3.06E-04	7.82E-05
1.75E+03	2.97E-04	7.41E-05
1.78E+03	2.87E-04	7.02E-05
1.81E+03	2.79E-04	6.65E-05
1.84E+03	2.70E-04	6.30E-05
1.87E+03	2.61E-04	5.97E-05
1.90E+03	2.53E-04	5.66E-05
1.93E+03	2.45E-04	5.36E-05
1.96E+03	2.38E-04	5.08E-05
1.99E+03	2.30E-04	4.81E-05
2.03E+03	2.23E-04	4.56E-05
2.06E+03	2.16E-04	4.32E-05
2.09E+03	2.09E-04	4.09E-05
2.13E+03	2.02E-04	3.87E-05
2.16E+03	1.96E-04	3.66E-05
2.19E+03	1.90E-04	3.47E-05
2.23E+03	1.84E-04	3.28E-05
2.27E+03	1.78E-04	3.11E-05
2.30E+03	1.72E-04	2.94E-05
2.34E+03	1.66E-04	2.78E-05
2.38E+03	1.61E-04	2.63E-05
2.42E+03	1.56E-04	2.49E-05
2.46E+03	1.51E-04	2.36E-05
2.49E+03	1.46E-04	2.23E-05
2.54E+03	1.41E-04	2.11E-05
2.58E+03	1.36E-04	1.99E-05
2.62E+03	1.32E-04	1.89E-05
2.66E+03	1.27E-04	1.78E-05
2.70E+03	1.23E-04	1.69E-05
2.75E+03	1.19E-04	1.59E-05
2.79E+03	1.15E-04	1.51E-05
2.84E+03	1.11E-04	1.42E-05
2.88E+03	1.08E-04	1.35E-05
2.93E+03	1.04E-04	1.27E-05
2.98E+03	1.00E-04	1.20E-05
3.02E+03	9.69E-05	1.14E-05
3.07E+03	9.35E-05	1.07E-05
3.12E+03	9.02E-05	1.01E-05
3.17E+03	8.70E-05	9.56E-06
3.23E+03	8.39E-05	9.03E-06
3.28E+03	8.09E-05	8.52E-06
3.33E+03	7.79E-05	8.04E-06
3.38E+03	7.50E-05	7.59E-06
3.44E+03	7.21E-05	7.16E-06
3.49E+03	6.92E-05	6.75E-06
3.55E+03	6.62E-05	6.37E-06
3.61E+03	6.32E-05	6.01E-06
3.67E+03	5.98E-05	5.66E-06
3.73E+03	5.29E-05	5.34E-06
3.73E+03	4.66E-05	5.32E-06
3.73E+03	4.66E-05	1.06E-05
3.79E+03	5.51E-05	1.01E-05
3.85E+03	5.39E-05	9.51E-06
3.91E+03	5.16E-05	8.98E-06
3.94E+03	4.66E-05	8.75E-06
3.94E+03	4.66E-05	1.11E-05
3.97E+03	5.01E-05	1.08E-05
4.04E+03	4.89E-05	1.02E-05
4.10E+03	4.63E-05	9.61E-06
4.13E+03	3.81E-05	9.36E-06
4.13E+03	3.81E-05	1.35E-05
4.17E+03	4.53E-05	1.31E-05
4.24E+03	4.41E-05	1.24E-05
4.24E+03	4.34E-05	1.24E-05
4.24E+03	4.34E-05	1.34E-05
4.30E+03	4.46E-05	1.27E-05
4.37E+03	4.26E-05	1.20E-05
4.38E+03	4.01E-05	1.19E-05
4.38E+03	4.01E-05	1.38E-05
4.45E+03	4.33E-05	1.31E-05
4.52E+03	4.28E-05	1.24E-05
4.59E+03	4.21E-05	1.17E-05
4.66E+03	4.10E-05	1.11E-05
4.70E+03	3.92E-05	1.08E-05
4.70E+03	3.92E-05	1.16E-05
4.74E+03	4.02E-05	1.12E-05
4.82E+03	3.96E-05	1.06E-05
4.89E+03	3.88E-05	1.00E-05
4.97E+03	3.79E-05	9.48E-06
5.05E+03	3.70E-05	8.96E-06
5.14E+03	3.61E-05	8.46E-06
5.22E+03	3.52E-05	7.99E-06
5.30E+03	3.43E-05	7.55E-06
5.39E+03	3.33E-05	7.13E-06
5.48E+03	3.24E-05	6.73E-06
5.56E+03	3.15E-05	6.36E-06
5.65E+03	3.07E-05	6.00E-06
5.75E+03	2.98E-05	5.67E-06
5.84E+03	2.89E-05	5.35E-06
5.93E+03	2.81E-05	5.05E-06
6.03E+03	2.73E-05	4.77E-06
6.13E+03	2.65E-05	4.50E-06
6.23E+03	2.57E-05	4.24E-06
6.33E+03	2.50E-05	4.00E-06
6.43E+03	2.42E-05	3.78E-06
6.53E+03	2.35E-05	3.56E-06
6.64E+03	2.28E-05	3.36E-06
6.75E+03	2.21E-05	3.17E-06
6.86E+03	2.14E-05	2.99E-06
6.97E+03	2.08E-05	2.82E-06
7.08E+03	2.01E-05	2.66E-06
7.19E+03	1.95E-05	2.51E-06
7.31E+03	1.89E-05	2.36E-06
7.43E+03	1.83E-05	2.23E-06
7.55E+03	1.78E-05	2.10E-06
7.67E+03	1.72E-05	1.98E-06
7.79E+03	1.67E-05	1.87E-06
7.92E+03	1.62E-05	1.76E-06
8.05E+03	1.56E-05	1.66E-06
8.18E+03	1.52E-05	1.56E-06
8.31E+03	1.47E-05	1.47E-06
8.45E+03	1.42E-05	1.39E-06
8.58E+03	1.38E-05	1.31E-06
8.72E+03	1.33E-05	1.23E-06
8.86E+03	1.29E-05	1.16E-06
9.01E+03	1.25E-05	1.10E-06
9.15E+03	1.21E-05	1.03E-06
9.30E+03	1.17E-05	9.73E-07
9.45E+03	1.14E-05	9.17E-07
9.60E+03	1.10E-05	8.64E-07
9.76E+03	1.07E-05	8.14E-07
9.92E+03	1.03E-05	7.67E-07
1.01E+04	9.99E-06	7.22E-07
1.02E+04	9.67E-06	6.80E-07
1.04E+04	9.36E-06	6.41E-07
1.06E+04	9.07E-06	6.04E-07
1.07E+04	8.78E-06	5.69E-07
1.09E+04	8.50E-06	5.36E-07
1.11E+04	8.23E-06	5.05E-07
1.13E+04	7.96E-06	4.75E-07
1.15E+04	7.71E-06	4.48E-07
1.16E+04	7.46E-06	4.22E-07
1.18E+04	7.22E-06	3.97E-07
1.20E+04	6.99E-06	3.74E-07
1.22E+04	6.77E-06	3.52E-07
1.24E+04	6.55E-06	3.32E-07
1.26E+04	6.34E-06	3.12E-07
1.28E+04	6.14E-06	2.94E-07
1.30E+04	5.94E-06	2.77E-07
1.32E+04	5.75E-06	2.61E-07
1.34E+04	5.57E-06	2.46E-07
1.37E+04	5.39E-06	2.31E-07
1.39E+04	5.22E-06	2.18E-07
1.41E+04	5.05E-06	2.05E-07
1.43E+04	4.89E-06	1.93E-07
1.46E+04	4.73E-06	1.82E-07
1.48E+04	4.58E-06	1.71E-07
1.50E+04	4.43E-06	1.61E-07
1.53E+04	4.29E-06	1.52E-07
1.55E+04	4.15E-06	1.43E-07
1.58E+04	4.02E-06	1.35E-07
1.60E+04	3.89E-06	1.27E-07
1.63E+04	3.77E-06	1.19E-07
1.66E+04	3.65E-06	1.12E-07
1.68E+04	3.53E-06	1.06E-07
1.71E+04	3.42E-06	9.95E-08
1.74E+04	3.31E-06	9.37E-08
1.77E+04	3.20E-06	8.82E-08
1.80E+04	3.10E-06	8.30E-08
1.82E+04	3.00E-06	7.82E-08
1.85E+04	2.90E-06	7.36E-08
1.88E+04	2.81E-06	6.93E-08
1.91E+04	2.72E-06	6.52E-08
1.95E+04	2.63E-06	6.14E-08
1.98E+04	2.55E-06	5.78E-08
2.01E+04	2.46E-06	5.44E-08
2.04E+04	2.38E-06	5.12E-08
2.07E+04	2.31E-06	4.82E-08
2.11E+04	2.23E-06	4.54E-08
2.14E+04	2.16E-06	4.27E-08
2.18E+04	2.09E-06	4.02E-08
2.21E+04	2.02E-06	3.78E-08
2.25E+04	1.96E-06	3.56E-08
2.28E+04	1.89E-06	3.35E-08
2.32E+04	1.83E-06	3.15E-08
2.36E+04	1.77E-06	2.97E-08
2.40E+04	1.71E-06	2.79E-08
2.44E+04	1.66E-06	2.63E-08
2.47E+04	1.60E-06	2.47E-08
2.51E+04	1.55E-06	2.33E-08
2.56E+04	1.50E-06	2.19E-08
2.60E+04	1.45E-06	2.06E-08
2.64E+04	1.40E-06	1.94E-08
2.68E+04	1.35E-06	1.83E-08
2.72E+04	1.30E-06	1.72E-08
2.77E+04	1.24E-06	1.62E-08
2.79E+04	1.13E-06	1.56E-08
2.79E+04	1.13E-06	5.40E-08
2.81E+04	1.20E-06	5.26E-08
2.86E+04	1.18E-06	4.97E-08
2.91E+04	1.14E-06	4.69E-08
2.95E+04	1.11E-06	4.43E-08
3.00E+04	1.07E-06	4.18E-08
3.00E+04	1.07E-06	4.20E-08
3.00E+04	1.07E-06	4.20E-08
3.01E+04	1.06E-06	4.20E-08
3.01E+04	1.06E-06	4.20E-08
3.01E+04	1.06E-06	4.19E-08
3.01E+04	1.06E-06	4.18E-08
3.01E+04	1.06E-06	4.18E-08
3.02E+04	1.05E-06	4.17E-08
3.02E+04	1.05E-06	4.16E-08
3.02E+04	1.05E-06	4.15E-08
3.02E+04	1.05E-06	4.14E-08
3.02E+04	1.05E-06	4.14E-08
3.02E+04	1.05E-06	4.13E-08
3.03E+04	1.04E-06	4.12E-08
3.03E+04	1.04E-06	4.11E-08
3.03E+04	1.04E-06	4.10E-08
3.03E+04	1.04E-06	4.10E-08
3.03E+04	1.04E-06	4.09E-08
3.03E+04	1.04E-06	4.09E-08
3.03E+04	1.04E-06	4.08E-08
3.03E+04	1.03E-06	4.08E-08
3.03E+04	1.03E-06	4.07E-08
3.04E+04	1.03E-06	4.07E-08
3.04E+04	1.03E-06	4.06E-08
3.04E+04	1.03E-06	4.06E-08
3.04E+04	1.03E-06	4.05E-08
3.04E+04	1.03E-06	4.05E-08
3.04E+04	1.02E-06	4.05E-08
3.04E+04	1.02E-06	4.04E-08
3.04E+04	1.02E-06	4.04E-08
3.04E+04	1.02E-06	4.04E-08
3.04E+04	1.02E-06	4.04E-08
3.04E+04	1.02E-06	4.04E-08
3.04E+04	1.02E-06	4.03E-08
3.04E+04	1.02E-06	4.03E-08
3.04E+04	1.02E-06	4.03E-08
3.04E+04	1.01E-06	4.03E-08
3.04E+04	1.01E-06	4.03E-08
3.04E+04	1.01E-06	4.03E-08
3.04E+04	1.01E-06	4.02E-08
3.04E+04	1.01E-06	4.02E-08
3.04E+04	1.01E-06	4.02E-08
3.05E+04	1.01E-06	4.02E-08
3.05E+04	1.01E-06	4.02E-08
3.05E+04	1.00E-06	4.02E-08
3.05E+04	1.00E-06	4.02E-08
3.05E+04	9.99E-07	4.02E-08
3.05E+04	9.97E-07	4.01E-08
3.05E+04	9.94E-07	4.01E-08
3.05E+04	9.91E-07	4.01E-08
3.05E+04	9.87E-07	4.01E-08
3.05E+04	9.82E-07	4.01E-08
3.05E+04	9.78E-07	4.01E-08
3.05E+04	9.74E-07	4.01E-08
3.05E+04	9.66E-07	4.01E-08
3.05E+04	9.50E-07	4.01E-08
3.05E+04	9.24E-07	4.01E-08
3.05E+04	8.37E-07	4.01E-08
3.05E+04	8.41E-07	1.15E-07
3.05E+04	8.68E-07	1.91E-07
3.05E+04	8.95E-07	2.66E-07
3.05E+04	1.00E-06	5.67E-07
3.05E+04	1.15E-06	4.01E-08
3.05E+04	1.08E-06	4.01E-08
3.05E+04	1.05E-06	4.01E-08
3.05E+04	1.03E-06	4.01E-08
3.05E+04	1.02E-06	4.01E-08
3.05E+04	1.01E-06	4.01E-08
3.05E+04	1.00E-06	4.01E-08
3.05E+04	9.95E-07	4.01E-08
3.05E+04	9.79E-07	4.01E-08
3.05E+04	9.81E-07	5.30E-08
3.05E+04	9.87E-07	7.88E-08
3.05E+04	9.95E-07	1.18E-07
3.05E+04	1.01E-06	4.01E-08
3.05E+04	1.01E-06	4.01E-08
3.05E+04	1.00E-06	4.01E-08
3.05E+04	1.00E-06	4.01E-08
3.05E+04	1.00E-06	4.01E-08
3.05E+04	1.01E-06	4.90E-08
3.05E+04	1.01E-06	4.26E-08
3.05E+04	9.93E-07	5.31E-08
3.05E+04	9.91E-07	6.54E-08
3.05E+04	9.93E-07	7.00E-08
3.05E+04	9.98E-07	7.00E-08
3.05E+04	9.99E-07	7.00E-08
3.05E+04	1.00E-06	7.01E-08
3.05E+04	1.00E-06	7.01E-08
3.05E+04	1.00E-06	7.01E-08
3.05E+04	1.00E-06	7.01E-08
3.05E+04	1.00E-06	7.02E-08
3.05E+04	1.00E-06	7.02E-08
3.05E+04	1.00E-06	7.02E-08
3.05E+04	1.00E-06	7.03E-08
3.05E+04	1.00E-06	7.03E-08
3.05E+04	1.00E-06	7.03E-08
3.05E+04	1.00E-06	7.04E-08
3.05E+04	1.00E-06	7.04E-08
3.05E+04	1.00E-06	7.05E-08
3.05E+04	1.00E-06	7.05E-08
3.05E+04	1.00E-06	7.07E-08
3.05E+04	1.00E-06	7.08E-08
3.05E+04	1.01E-06	7.09E-08
3.05E+04	1.01E-06	7.10E-08
3.05E+04	1.01E-06	7.11E-08
3.05E+04	1.01E-06	7.12E-08
3.05E+04	1.01E-06	7.15E-08
3.05E+04	1.01E-06	7.16E-08
3.05E+04	1.01E-06	7.18E-08
3.05E+04	1.01E-06	7.19E-08
3.05E+04	1.01E-06	7.20E-08
3.05E+04	1.01E-06	7.21E-08
3.05E+04	1.01E-06	7.21E-08
3.05E+04	1.01E-06	7.21E-08
3.05E+04	1.01E-06	7.21E-08
3.05E+04	1.01E-06	7.21E-08
3.05E+04	1.01E-06	7.21E-08
3.05E+04	1.01E-06	7.21E-08
3.05E+04	1.01E-06	7.20E-08
3.05E+04	1.01E-06	7.20E-08
3.05E+04	1.01E-06	7.19E-08
3.05E+04	1.01E-06	7.18E-08
3.05E+04	1.01E-06	7.17E-08
3.05E+04	1.01E-06	7.16E-08
3.05E+04	1.01E-06	7.15E-08
3.05E+04	1.01E-06	7.15E-08
3.05E+04	1.02E-06	7.14E-08
3.06E+04	1.02E-06	7.14E-08
3.06E+04	1.02E-06	7.14E-08
3.06E+04	1.02E-06	7.14E-08
3.06E+04	1.02E-06	7.14E-08
3.06E+04	1.02E-06	7.14E-08
3.06E+04	1.02E-06	7.14E-08
3.06E+04	1.02E-06	7.13E-08
3.06E+04	1.02E-06	7.13E-08
3.06E+04	1.02E-06	7.12E-08
3.06E+04	1.02E-06	7.11E-08
3.06E+04	1.02E-06	7.11E-08
3.06E+04	1.02E-06	7.10E-08
3.06E+04	1.02E-06	7.09E-08
3.06E+04	1.02E-06	7.08E-08
3.07E+04	1.02E-06	7.08E-08
3.07E+04	1.02E-06	7.07E-08
3.07E+04	1.02E-06	7.07E-08
3.07E+04	1.02E-06	7.05E-08
3.07E+04	1.02E-06	7.04E-08
3.07E+04	1.02E-06	7.03E-08
3.07E+04	1.02E-06	7.03E-08
3.07E+04	1.02E-06	7.01E-08
3.08E+04	1.02E-06	7.00E-08
3.08E+04	1.02E-06	6.99E-08
3.08E+04	1.02E-06	6.98E-08
3.08E+04	1.01E-06	6.96E-08
3.08E+04	1.01E-06	6.95E-08
3.08E+04	1.01E-06	6.93E-08
3.09E+04	1.01E-06	6.92E-08
3.09E+04	1.01E-06	6.90E-08
3.09E+04	1.01E-06	6.89E-08
3.09E+04	1.01E-06	6.88E-08
3.09E+04	1.01E-06	6.87E-08
3.10E+04	1.01E-06	6.84E-08
3.10E+04	1.01E-06	6.82E-08
3.10E+04	1.01E-06	6.80E-08
3.10E+04	1.01E-06	6.79E-08
3.11E+04	1.00E-06	6.76E-08
3.11E+04	1.00E-06	6.73E-08
3.11E+04	1.00E-06	6.70E-08
3.12E+04	9.99E-07	6.67E-08
3.12E+04	9.98E-07	6.65E-08
3.12E+04	9.98E-07	6.64E-08
3.13E+04	9.96E-07	6.61E-08
3.13E+04	9.95E-07	6.60E-08
3.13E+04	9.94E-07	6.59E-08
3.13E+04	9.93E-07	6.56E-08
3.14E+04	9.91E-07	6.54E-08
3.14E+04	9.91E-07	6.53E-08
3.14E+04	9.89E-07	6.50E-08
3.14E+04	9.88E-07	6.49E-08
3.14E+04	9.87E-07	6.48E-08
3.15E+04	9.85E-07	6.45E-08
3.15E+04	9.84E-07	6.43E-08
3.15E+04	9.83E-07	6.42E-08
3.16E+04	9.81E-07	6.39E-08
3.16E+04	9.79E-07	6.36E-08
3.16E+04	9.79E-07	6.35E-08
3.16E+04	9.77E-07	6.33E-08
3.17E+04	9.76E-07	6.30E-08
3.17E+04	9.74E-07	6.27E-08
3.18E+04	9.71E-07	6.24E-08
3.18E+04	9.69E-07	6.20E-08
3.19E+04	9.66E-07	6.17E-08
3.19E+04	9.64E-07	6.13E-08
3.20E+04	9.61E-07	6.10E-08
3.20E+04	9.59E-07	6.06E-08
3.21E+04	9.56E-07	6.03E-08
3.21E+04	9.53E-07	5.99E-08
3.22E+04	9.49E-07	5.94E-08
3.22E+04	9.48E-07	5.93E-08
3.23E+04	9.46E-07	5.89E-08
3.23E+04	9.43E-07	5.86E-08
3.23E+04	9.42E-07	5.84E-08
3.24E+04	9.38E-07	5.80E-08
3.25E+04	9.36E-07	5.76E-08
3.25E+04	9.34E-07	5.75E-08
3.26E+04	9.31E-07	5.70E-08
3.26E+04	9.28E-07	5.67E-08
3.26E+04	9.26E-07	5.65E-08
3.27E+04	9.23E-07	5.61E-08
3.28E+04	9.19E-07	5.57E-08
3.28E+04	9.18E-07	5.55E-08
3.29E+04	9.15E-07	5.52E-08
3.29E+04	9.13E-07	5.49E-08
3.29E+04	9.12E-07	5.48E-08
3.30E+04	9.08E-07	5.43E-08
3.31E+04	9.03E-07	5.37E-08
3.32E+04	8.98E-07	5.31E-08
3.33E+04	8.93E-07	5.26E-08
3.34E+04	8.88E-07	5.20E-08
3.35E+04	8.83E-07	5.14E-08
3.36E+04	8.79E-07	5.09E-08
3.37E+04	8.74E-07	5.03E-08
3.38E+04	8.69E-07	4.98E-08
3.39E+04	8.65E-07	4.94E-08
3.40E+04	8.62E-07	4.90E-08
3.40E+04	8.58E-07	4.86E-08
3.41E+04	8.55E-07	4.82E-08
3.42E+04	8.50E-07	4.77E-08
3.43E+04	8.46E-07	4.72E-08
3.44E+04	8.41E-07	4.67E-08
3.45E+04	8.37E-07	4.62E-08
3.46E+04	8.32E-07	4.57E-08
3.47E+04	8.28E-07	4.52E-08
3.48E+04	8.23E-07	4.48E-08
3.49E+04	8.19E-07	4.43E-08
3.50E+04	8.14E-07	4.38E-08
3.51E+04	8.10E-07	4.34E-08
3.52E+04	8.06E-07	4.29E-08
3.53E+04	8.01E-07	4.25E-08
3.55E+04	7.93E-07	4.16E-08
3.57E+04	7.84E-07	4.08E-08
3.59E+04	7.76E-07	4.00E-08
3.60E+04	7.71E-07	3.94E-08
3.62E+04	7.65E-07	3.89E-08
3.63E+04	7.60E-07	3.84E-08
3.64E+04	7.56E-07	3.80E-08
3.65E+04	7.52E-07	3.76E-08
3.67E+04	7.46E-07	3.71E-08
3.68E+04	7.40E-07	3.65E-08
3.69E+04	7.36E-07	3.62E-08
3.70E+04	7.32E-07	3.58E-08
3.72E+04	7.27E-07	3.53E-08
3.73E+04	7.21E-07	3.48E-08
3.74E+04	7.17E-07	3.44E-08
3.75E+04	7.14E-07	3.41E-08
3.77E+04	7.08E-07	3.36E-08
3.78E+04	7.03E-07	3.31E-08
3.79E+04	6.99E-07	3.28E-08
3.80E+04	6.96E-07	3.25E-08
3.82E+04	6.90E-07	3.20E-08
3.83E+04	6.85E-07	3.16E-08
3.84E+04	6.82E-07	3.13E-08
3.85E+04	6.78E-07	3.10E-08
3.87E+04	6.73E-07	3.06E-08
3.88E+04	6.68E-07	3.01E-08
3.89E+04	6.65E-07	2.98E-08
3.90E+04	6.62E-07	2.96E-08
3.92E+04	6.57E-07	2.91E-08
3.93E+04	6.52E-07	2.87E-08
3.94E+04	6.49E-07	2.85E-08
3.95E+04	6.45E-07	2.82E-08
3.97E+04	6.41E-07	2.78E-08
3.98E+04	6.36E-07	2.74E-08
3.99E+04	6.33E-07	2.72E-08
4.00E+04	6.30E-07	2.69E-08
4.01E+04	6.27E-07	2.67E-08
4.02E+04	6.24E-07	2.65E-08
4.03E+04	6.21E-07	2.62E-08
4.04E+04	6.18E-07	2.60E-08
4.06E+04	6.12E-07	2.55E-08
4.08E+04	6.06E-07	2.50E-08
4.10E+04	6.01E-07	2.47E-08
4.11E+04	5.97E-07	2.44E-08
4.13E+04	5.92E-07	2.40E-08
4.15E+04	5.86E-07	2.35E-08
4.17E+04	5.80E-07	2.31E-08
4.19E+04	5.75E-07	2.27E-08
4.21E+04	5.70E-07	2.23E-08
4.23E+04	5.64E-07	2.19E-08
4.25E+04	5.61E-07	2.16E-08
4.26E+04	5.57E-07	2.14E-08
4.28E+04	5.52E-07	2.10E-08
4.30E+04	5.46E-07	2.06E-08
4.32E+04	5.42E-07	2.03E-08
4.34E+04	5.37E-07	1.99E-08
4.36E+04	5.32E-07	1.96E-08
4.38E+04	5.27E-07	1.93E-08
4.41E+04	5.20E-07	1.88E-08
4.45E+04	5.11E-07	1.82E-08
4.49E+04	5.02E-07	1.76E-08
4.53E+04	4.93E-07	1.70E-08
4.56E+04	4.87E-07	1.66E-08
4.60E+04	4.78E-07	1.60E-08
4.63E+04	4.72E-07	1.57E-08
4.65E+04	4.68E-07	1.54E-08
4.70E+04	4.58E-07	1.48E-08
4.75E+04	4.49E-07	1.42E-08
4.80E+04	4.40E-07	1.37E-08
4.85E+04	4.31E-07	1.32E-08
4.90E+04	4.22E-07	1.27E-08
4.95E+04	4.14E-07	1.22E-08
5.00E+04	4.05E-07	1.18E-08
5.05E+04	3.97E-07	1.13E-08
5.10E+04	3.90E-07	1.09E-08
5.15E+04	3.82E-07	1.05E-08
5.20E+04	3.75E-07	1.02E-08
5.25E+04	3.68E-07	9.80E-09
5.30E+04	3.61E-07	9.45E-09
5.35E+04	3.54E-07	9.13E-09
5.40E+04	3.48E-07	8.81E-09
5.50E+04	3.35E-07	8.23E-09
5.60E+04	3.23E-07	7.69E-09
5.68E+04	3.14E-07	7.29E-09
5.75E+04	3.07E-07	6.94E-09
5.80E+04	3.02E-07	6.73E-09
5.85E+04	2.96E-07	6.52E-09
5.95E+04	2.86E-07	6.10E-09
5.98E+04	2.84E-07	6.00E-09
6.00E+04	2.82E-07	5.92E-09
6.08E+04	2.74E-07	5.63E-09
6.15E+04	2.68E-07	5.39E-09
6.23E+04	2.61E-07	5.14E-09
6.30E+04	2.56E-07	4.92E-09
6.40E+04	2.48E-07	4.64E-09
6.50E+04	2.40E-07	4.37E-09
6.59E+04	2.34E-07	4.15E-09
6.68E+04	2.27E-07	3.93E-09
6.74E+04	2.23E-07	3.81E-09
6.80E+04	2.19E-07	3.68E-09
6.90E+04	2.13E-07	3.48E-09
7.00E+04	2.07E-07	3.30E-09
7.10E+04	2.01E-07	3.12E-09
7.20E+04	1.96E-07	2.96E-09
7.28E+04	1.91E-07	2.84E-09
7.35E+04	1.88E-07	2.74E-09
7.42E+04	1.84E-07	2.64E-09
7.50E+04	1.80E-07	2.54E-09
7.55E+04	1.78E-07	2.47E-09
7.60E+04	1.76E-07	2.41E-09
7.71E+04	1.71E-07	2.28E-09
7.86E+04	1.64E-07	2.12E-09
7.93E+04	1.61E-07	2.05E-09
8.00E+04	1.58E-07	1.98E-09
8.15E+04	1.53E-07	1.84E-09
8.30E+04	1.47E-07	1.72E-09
8.40E+04	1.44E-07	1.64E-09
8.50E+04	1.40E-07	1.57E-09
8.65E+04	1.35E-07	1.46E-09
8.80E+04	1.31E-07	1.37E-09
8.90E+04	1.28E-07	1.31E-09
9.00E+04	1.25E-07	1.26E-09
9.15E+04	1.21E-07	1.18E-09
9.30E+04	1.17E-07	1.11E-09
9.40E+04	1.15E-07	1.06E-09
9.50E+04	1.12E-07	1.02E-09
9.65E+04	1.09E-07	9.60E-10
9.80E+04	1.05E-07	9.05E-10
9.90E+04	1.03E-07	8.70E-10
9.95E+04	1.02E-07	8.53E-10
1.00E+05	1.01E-07	8.37E-10
1.02E+05	9.83E-08	7.90E-10
1.03E+05	9.54E-08	7.46E-10
1.04E+05	9.36E-08	7.19E-10
1.05E+05	9.18E-08	6.92E-10
1.07E+05	8.92E-08	6.55E-10
1.08E+05	8.67E-08	6.21E-10
1.09E+05	8.52E-08	5.99E-10
1.10E+05	8.36E-08	5.78E-10
1.12E+05	8.14E-08	5.49E-10
1.13E+05	7.92E-08	5.21E-10
1.14E+05	7.78E-08	5.03E-10
1.15E+05	7.65E-08	4.87E-10
1.17E+05	7.45E-08	4.63E-10
1.18E+05	7.26E-08	4.40E-10
1.19E+05	7.14E-08	4.26E-10
1.20E+05	7.02E-08	4.13E-10
1.22E+05	6.79E-08	3.87E-10
1.24E+05	6.57E-08	3.63E-10
1.26E+05	6.42E-08	3.47E-10
1.27E+05	6.27E-08	3.31E-10
1.29E+05	6.12E-08	3.16E-10
1.30E+05	5.98E-08	3.02E-10
1.32E+05	5.84E-08	2.89E-10
1.33E+05	5.71E-08	2.77E-10
1.35E+05	5.59E-08	2.65E-10
1.36E+05	5.46E-08	2.54E-10
1.38E+05	5.34E-08	2.43E-10
1.39E+05	5.23E-08	2.33E-10
1.41E+05	5.12E-08	2.24E-10
1.42E+05	5.01E-08	2.15E-10
1.44E+05	4.87E-08	2.03E-10
1.45E+05	4.78E-08	1.96E-10
1.46E+05	4.74E-08	1.93E-10
1.47E+05	4.69E-08	1.89E-10
1.48E+05	4.61E-08	1.83E-10
1.49E+05	4.55E-08	1.78E-10
1.50E+05	4.52E-08	1.76E-10
1.50E+05	4.49E-08	1.74E-10
1.52E+05	4.37E-08	1.65E-10
1.54E+05	4.26E-08	1.57E-10
1.56E+05	4.15E-08	1.49E-10
1.58E+05	4.04E-08	1.42E-10
1.60E+05	3.94E-08	1.35E-10
1.62E+05	3.85E-08	1.29E-10
1.64E+05	3.78E-08	1.24E-10
1.65E+05	3.71E-08	1.20E-10
1.67E+05	3.62E-08	1.15E-10
1.69E+05	3.53E-08	1.09E-10
1.71E+05	3.45E-08	1.05E-10
1.73E+05	3.37E-08	1.00E-10
1.75E+05	3.30E-08	9.56E-11
1.77E+05	3.22E-08	9.15E-11
1.79E+05	3.17E-08	8.86E-11
1.80E+05	3.11E-08	8.58E-11
1.83E+05	3.01E-08	8.05E-11
1.85E+05	2.95E-08	7.72E-11
1.88E+05	2.85E-08	7.26E-11
1.90E+05	2.79E-08	6.97E-11
1.93E+05	2.71E-08	6.56E-11
1.95E+05	2.65E-08	6.31E-11
1.98E+05	2.57E-08	5.95E-11
2.00E+05	2.52E-08	5.72E-11
2.03E+05	2.45E-08	5.41E-11
2.05E+05	2.40E-08	5.21E-11
2.08E+05	2.33E-08	4.93E-11
2.10E+05	2.29E-08	4.75E-11
2.13E+05	2.22E-08	4.50E-11
2.15E+05	2.18E-08	4.34E-11
2.18E+05	2.12E-08	4.12E-11
2.20E+05	2.08E-08	3.97E-11
2.23E+05	2.03E-08	3.77E-11
2.26E+05	1.97E-08	3.59E-11
2.29E+05	1.92E-08	3.41E-11
2.32E+05	1.87E-08	3.24E-11
2.35E+05	1.83E-08	3.09E-11
2.38E+05	1.78E-08	2.94E-11
2.41E+05	1.74E-08	2.81E-11
2.45E+05	1.68E-08	2.65E-11
2.48E+05	1.64E-08	2.52E-11
2.52E+05	1.59E-08	2.37E-11
2.56E+05	1.54E-08	2.23E-11
2.60E+05	1.49E-08	2.10E-11
2.65E+05	1.44E-08	1.95E-11
2.70E+05	1.38E-08	1.82E-11
2.75E+05	1.33E-08	1.69E-11
2.79E+05	1.29E-08	1.60E-11
2.82E+05	1.27E-08	1.54E-11
2.85E+05	1.24E-08	1.48E-11
2.90E+05	1.20E-08	1.38E-11
2.95E+05	1.16E-08	1.29E-11
2.98E+05	1.13E-08	1.25E-11
3.00E+05	1.12E-08	1.21E-11
3.02E+05	1.10E-08	1.18E-11
3.04E+05	1.09E-08	1.16E-11
3.08E+05	1.06E-08	1.10E-11
3.12E+05	1.03E-08	1.05E-11
3.17E+05	1.01E-08	9.96E-12
3.18E+05	9.96E-09	9.79E-12
3.20E+05	9.83E-09	9.55E-12
3.26E+05	9.48E-09	8.93E-12
3.32E+05	9.14E-09	8.35E-12
3.38E+05	8.82E-09	7.82E-12
3.41E+05	8.66E-09	7.57E-12
3.44E+05	8.50E-09	7.30E-12
3.51E+05	8.18E-09	6.80E-12
3.57E+05	7.90E-09	6.39E-12
3.64E+05	7.60E-09	5.95E-12
3.70E+05	7.36E-09	5.60E-12
3.78E+05	7.05E-09	5.18E-12
3.85E+05	6.79E-09	4.84E-12
3.93E+05	6.52E-09	4.49E-12
4.00E+05	6.29E-09	4.21E-12
4.03E+05	6.20E-09	4.09E-12
4.06E+05	6.11E-09	3.98E-12
4.11E+05	5.96E-09	3.80E-12
4.12E+05	5.94E-09	3.78E-12
4.16E+05	5.82E-09	3.64E-12
4.21E+05	5.68E-09	3.49E-12
4.26E+05	5.55E-09	3.34E-12
4.30E+05	5.45E-09	3.23E-12
4.37E+05	5.27E-09	3.04E-12
4.41E+05	5.18E-09	2.94E-12
4.44E+05	5.11E-09	2.87E-12
4.47E+05	5.04E-09	2.80E-12
4.50E+05	4.97E-09	2.73E-12
4.56E+05	4.84E-09	2.61E-12
4.62E+05	4.72E-09	2.49E-12
4.68E+05	4.60E-09	2.38E-12
4.74E+05	4.48E-09	2.28E-12
4.80E+05	4.37E-09	2.18E-12
4.90E+05	4.19E-09	2.03E-12
4.95E+05	4.11E-09	1.96E-12
5.00E+05	4.03E-09	1.89E-12
5.08E+05	3.90E-09	1.79E-12
5.15E+05	3.80E-09	1.70E-12
5.23E+05	3.68E-09	1.62E-12
5.30E+05	3.58E-09	1.54E-12
5.40E+05	3.45E-09	1.45E-12
5.50E+05	3.33E-09	1.36E-12
5.58E+05	3.23E-09	1.29E-12
5.65E+05	3.15E-09	1.23E-12
5.73E+05	3.07E-09	1.18E-12
5.80E+05	2.99E-09	1.13E-12
5.90E+05	2.89E-09	1.06E-12
5.95E+05	2.84E-09	1.03E-12
6.00E+05	2.80E-09	1.00E-12
6.04E+05	2.76E-09	9.79E-13
6.08E+05	2.72E-09	9.58E-13
6.15E+05	2.66E-09	9.23E-13
6.30E+05	2.54E-09	8.52E-13
6.46E+05	2.41E-09	7.85E-13
6.62E+05	2.30E-09	7.25E-13
6.71E+05	2.24E-09	6.92E-13
6.80E+05	2.18E-09	6.63E-13
6.90E+05	2.11E-09	6.31E-13
7.00E+05	2.05E-09	6.02E-13
7.12E+05	1.99E-09	5.69E-13
7.23E+05	1.92E-09	5.41E-13
7.37E+05	1.85E-09	5.08E-13
7.50E+05	1.79E-09	4.80E-13
7.64E+05	1.72E-09	4.52E-13
7.79E+05	1.66E-09	4.24E-13
7.89E+05	1.62E-09	4.06E-13
7.95E+05	1.59E-09	3.96E-13
8.00E+05	1.57E-09	3.88E-13
8.15E+05	1.52E-09	3.66E-13
8.30E+05	1.46E-09	3.46E-13
8.50E+05	1.39E-09	3.21E-13
8.67E+05	1.34E-09	3.02E-13
8.78E+05	1.31E-09	2.91E-13
8.89E+05	1.27E-09	2.79E-13
9.00E+05	1.24E-09	2.69E-13
9.15E+05	1.20E-09	2.56E-13
9.30E+05	1.16E-09	2.43E-13
9.50E+05	1.12E-09	2.27E-13
9.64E+05	1.08E-09	2.17E-13
9.80E+05	1.05E-09	2.06E-13
1.00E+06	1.01E-09	1.94E-13
1.00E+06	1.00E-09	1.93E-13
1.00E+06	9.97E-10	1.91E-13
1.01E+06	9.85E-10	1.87E-13
1.02E+06	9.73E-10	1.83E-13
1.02E+06	9.60E-10	1.79E-13
1.03E+06	9.49E-10	1.76E-13
1.04E+06	9.31E-10	1.71E-13
1.05E+06	9.13E-10	1.66E-13
1.07E+06	8.79E-10	1.57E-13
1.09E+06	8.54E-10	1.50E-13
1.10E+06	8.32E-10	1.44E-13
1.12E+06	8.02E-10	1.36E-13
1.12E+06	8.01E-10	1.36E-13
1.15E+06	7.61E-10	1.25E-13
1.16E+06	7.45E-10	1.21E-13
1.17E+06	7.31E-10	1.18E-13
1.19E+06	7.14E-10	1.13E-13
1.20E+06	6.99E-10	1.10E-13
1.21E+06	6.87E-10	1.07E-13
1.22E+06	6.76E-10	1.04E-13
1.25E+06	6.44E-10	9.70E-14
1.27E+06	6.20E-10	9.14E-14
1.30E+06	5.96E-10	8.60E-14
1.33E+06	5.67E-10	7.96E-14
1.37E+06	5.36E-10	7.31E-14
1.41E+06	5.08E-10	6.71E-14
1.45E+06	4.79E-10	6.12E-14
1.48E+06	4.59E-10	5.73E-14
1.49E+06	4.53E-10	5.61E-14
1.50E+06	4.47E-10	5.49E-14
1.55E+06	4.19E-10	4.97E-14
1.60E+06	3.93E-10	4.50E-14
1.65E+06	3.70E-10	4.09E-14
1.68E+06	3.57E-10	3.87E-14
1.70E+06	3.48E-10	3.73E-14
1.74E+06	3.32E-10	3.47E-14
1.78E+06	3.18E-10	3.23E-14
1.82E+06	3.04E-10	3.01E-14
1.85E+06	2.94E-10	2.86E-14
1.89E+06	2.82E-10	2.67E-14
1.93E+06	2.70E-10	2.50E-14
1.97E+06	2.59E-10	2.34E-14
2.00E+06	2.52E-10	2.23E-14
2.03E+06	2.44E-10	2.13E-14
2.05E+06	2.39E-10	2.06E-14
2.08E+06	2.33E-10	1.97E-14
2.10E+06	2.28E-10	1.92E-14
2.15E+06	2.18E-10	1.78E-14
2.20E+06	2.08E-10	1.66E-14
2.28E+06	1.94E-10	1.49E-14
2.35E+06	1.82E-10	1.36E-14
2.43E+06	1.70E-10	1.22E-14
2.50E+06	1.61E-10	1.12E-14
2.55E+06	1.55E-10	1.05E-14
2.60E+06	1.49E-10	9.91E-15
2.65E+06	1.43E-10	9.34E-15
2.70E+06	1.38E-10	8.81E-15
2.78E+06	1.30E-10	8.03E-15
2.85E+06	1.24E-10	7.43E-15
2.93E+06	1.17E-10	6.81E-15
2.97E+06	1.14E-10	6.52E-15
3.00E+06	1.12E-10	6.32E-15
3.03E+06	1.10E-10	6.13E-15
3.05E+06	1.08E-10	6.01E-15
3.10E+06	1.05E-10	5.71E-15
3.15E+06	1.01E-10	5.44E-15
3.20E+06	9.83E-11	5.19E-15
3.28E+06	9.35E-11	4.81E-15
3.35E+06	8.97E-11	4.51E-15
3.43E+06	8.55E-11	4.19E-15
3.50E+06	8.22E-11	3.94E-15
3.60E+06	7.77E-11	3.61E-15
3.70E+06	7.35E-11	3.31E-15
3.78E+06	7.04E-11	3.10E-15
3.85E+06	6.79E-11	2.93E-15
3.93E+06	6.52E-11	2.75E-15
4.00E+06	6.29E-11	2.60E-15
4.05E+06	6.14E-11	2.50E-15
4.10E+06	5.99E-11	2.41E-15
4.20E+06	5.70E-11	2.24E-15
4.35E+06	5.32E-11	2.01E-15
4.50E+06	4.97E-11	1.81E-15
4.60E+06	4.76E-11	1.70E-15
4.70E+06	4.56E-11	1.59E-15
4.85E+06	4.28E-11	1.44E-15
5.00E+06	4.03E-11	1.31E-15
5.01E+06	4.00E-11	1.30E-15
5.02E+06	4.00E-11	1.30E-15
5.16E+06	3.78E-11	1.19E-15
5.30E+06	3.58E-11	1.10E-15
5.40E+06	3.45E-11	1.04E-15
5.50E+06	3.33E-11	9.80E-16
5.60E+06	3.21E-11	9.28E-16
5.70E+06	3.10E-11	8.79E-16
5.85E+06	2.94E-11	8.11E-16
6.00E+06	2.80E-11	7.50E-16
6.10E+06	2.70E-11	7.14E-16
6.20E+06	2.62E-11	6.79E-16
6.50E+06	2.38E-11	5.88E-16
6.70E+06	2.24E-11	5.36E-16
7.00E+06	2.05E-11	4.69E-16
7.20E+06	1.94E-11	4.30E-16
7.50E+06	1.79E-11	3.80E-16
7.70E+06	1.70E-11	3.51E-16
8.00E+06	1.57E-11	3.12E-16
8.20E+06	1.50E-11	2.90E-16
8.50E+06	1.39E-11	2.60E-16
8.70E+06	1.33E-11	2.42E-16
9.00E+06	1.24E-11	2.18E-16
9.20E+06	1.19E-11	2.04E-16
9.50E+06	1.12E-11	1.85E-16
9.70E+06	1.07E-11	1.74E-16
1.00E+07	1.01E-11	1.58E-16
