0.1	-27.5	60.6
0.15	-14.3	45.2
0.2	-8.69	35.3
0.25	-5.85	28.8
0.3	-4.16	24.3
0.35	-3.11	20.8
0.4	-2.42	18.1
0.45	-2.05	15.8
0.5	-1.98	14.1
0.6	-1.79	11.6
0.7	-1.93	9.78
0.8	-2.14	8.61
0.9	-2.19	7.88
1	-2.15	7.31
1.1	-2.04	6.84
1.2	-1.96	6.41
1.3	-1.85	6.07
1.4	-1.72	5.74
1.5	-1.65	5.39
1.6	-1.68	5.08
1.7	-1.69	4.92
1.8	-1.64	4.81
1.9	-1.57	4.68
2	-1.5	4.57
2.1	-1.4	4.48
2.2	-1.29	4.38
2.3	-1.18	4.26
2.4	-1.07	4.14
2.5	-0.98	4
2.6	-0.91	3.86
2.7	-0.85	3.73
2.8	-0.81	3.61
2.9	-0.77	3.51
3	-0.73	3.43
3.1	-0.68	3.35
3.2	-0.62	3.26
3.3	-0.57	3.15
3.4	-0.53	3.05
3.5	-0.5	2.93
3.6	-0.52	2.81
3.7	-0.57	2.72
3.8	-0.61	2.69
3.9	-0.64	2.67
4	-0.64	2.68
4.1	-0.62	2.7
4.2	-0.58	2.71
4.3	-0.51	2.7
4.4	-0.45	2.68
4.5	-0.37	2.65
4.6	-0.31	2.6
4.7	-0.24	2.56
4.8	-0.18	2.49
4.9	-0.13	2.42
5	-0.1	2.35
5.1	-0.07	2.29
5.2	-0.04	2.22
5.3	-0.02	2.15
5.4	0	2.09
5.5	0.01	2.03
5.6	0.02	1.98
5.7	0.03	1.92
5.8	0.04	1.86
5.9	0.03	1.82
6	0.05	1.78
6.1	0.06	1.73
6.2	0.06	1.68
6.3	0.06	1.63
6.4	0.06	1.59
6.5	0.05	1.54
6.6	0.06	1.5
6.7	0.05	1.46
6.8	0.05	1.42
6.9	0.04	1.38
7	0.03	1.34
7.1	0.02	1.3
7.2	0.01	1.27
7.3	0	1.23
7.4	-0.02	1.2
7.5	-0.03	1.18
7.6	-0.03	1.14
7.7	-0.05	1.1
7.8	-0.08	1.06
7.9	-0.11	1.05
8	-0.13	1.03
8.1	-0.15	1.01
8.2	-0.18	1
8.3	-0.2	0.99
8.4	-0.22	0.98
8.5	-0.24	0.97
8.6	-0.26	0.96
8.7	-0.27	0.95
8.8	-0.29	0.95
8.9	-0.31	0.94
9	-0.33	0.94
9.1	-0.35	0.94
9.2	-0.36	0.95
9.3	-0.38	0.95
9.4	-0.39	0.95
9.5	-0.4	0.96
9.6	-0.42	0.97
9.7	-0.43	0.98
9.8	-0.44	0.99
9.9	-0.44	1
10	-0.45	1.01
10.2	-0.45	1.04
10.4	-0.44	1.07
10.6	-0.43	1.09
10.8	-0.41	1.12
11	-0.38	1.13
11.2	-0.34	1.14
11.4	-0.31	1.13
11.6	-0.28	1.12
11.8	-0.25	1.1
12	-0.24	1.08
12.4	-0.21	1.05
12.8	-0.19	1.01
13.2	-0.18	0.96
13.6	-0.17	0.95
14	-0.16	0.91
14.4	-0.17	0.88
14.8	-0.18	0.87
15.2	-0.19	0.84
15.6	-0.2	0.83
16	-0.21	0.83
16.4	-0.23	0.82
16.8	-0.25	0.82
17.2	-0.28	0.83
17.6	-0.3	0.87
18	-0.3	0.93
18.4	-0.27	0.97
18.8	-0.24	1
19.2	-0.2	1.03
19.6	-0.15	1.05
20	-0.1	1.06
20.5	-0.04	1.05
21	0.01	1.04
21.5	0.06	1.02
22	0.11	1
22.5	0.16	0.99
23	0.21	0.96
23.5	0.24	0.92
24	0.27	0.87
24.5	0.3	0.83
25	0.31	0.79
25.5	0.32	0.76
26	0.33	0.72
26.5	0.33	0.69
27	0.34	0.66
27.5	0.34	0.63
28	0.34	0.61
28.5	0.34	0.59
29	0.35	0.57
29.3	0.379244945	0.541972453
29.7739	0.381874293	0.521821997
30.2555	0.383187172	0.497999117
30.7449	0.381755223	0.475263685
31.2421	0.379258399	0.453569715
31.7475	0.376712142	0.432861722
32.2609	0.375411575	0.410871244
32.7827	0.371146506	0.384914251
33.313	0.362214715	0.360595393
33.8518	0.35044146	0.337814843
34.3993	0.335948048	0.319890151
34.9557	0.323443646	0.304135867
35.5211	0.31101556	0.289157008
36.0956	0.29787613	0.274916751
36.6794	0.283445434	0.263702574
37.2727	0.271066113	0.254576378
37.8755	0.259810807	0.245767564
38.4882	0.248998661	0.237260993
39.1107	0.238136188	0.229050757
39.7432	0.226943645	0.221356525
40.3861	0.216170274	0.215958289
41.0393	0.206567404	0.210693048
41.7031	0.197468455	0.205555776
42.3776	0.18863228	0.200543981
43.063	0.179693827	0.195654524
43.7595	0.170477468	0.191466776
44.4673	0.161793793	0.187726234
45.1865	0.15304208	0.184059133
45.9174	0.14360783	0.180463
46.66	0.132985401	0.177648244
47.4147	0.11824874	0.17528643
48.1816	0.097289731	0.184062641
48.9609	0.092022066	0.203467722
49.7528	0.100766735	0.225895635
50.5576	0.116167419	0.220490736
51.3753	0.122262778	0.215215748
52.2062	0.125421342	0.210068453
53.0506	0.127113639	0.205043201
53.9087	0.127895078	0.200137191
54.7806	0.12803843	0.195350029
55.6667	0.127683123	0.190675897
56.567	0.126887934	0.186113623
57.482	0.1256227	0.181661656
58.4117	0.123661781	0.177315803
59.3564	0.120268625	0.173958259
60.3165	0.117770743	0.173310695
61.2921	0.116415098	0.172664749
62.2834	0.115270337	0.172527578
63.2908	0.115877237	0.174257465
64.3145	0.119044426	0.176005694
65.3547	0.12568724	0.175205927
66.4118	0.131249105	0.172351667
67.4859	0.138553752	0.16895798
68.5775	0.14484964	0.159832665
69.6867	0.148855874	0.151199229
70.8138	0.152989147	0.141244522
71.9591	0.153707357	0.129961085
73.123	0.152460391	0.119578837
74.3057	0.150060215	0.110026266
75.5076	0.146894041	0.10146975
76.7289	0.143301268	0.093603974
77.9699	0.139331886	0.086348204
79.231	0.135025103	0.079654003
80.5125	0.130365049	0.073479589
81.8147	0.125112363	0.067919535
83.138	0.12010545	0.063988352
84.4827	0.115654351	0.060284751
85.8491	0.111483659	0.056795672
87.2377	0.10746207	0.053508267
88.6487	0.103548322	0.050411239
90.0825	0.099692293	0.047493477
91.5395	0.095799683	0.044744679
93.0201	0.09203777	0.042520066
94.5246	0.088551335	0.040429099
96.0535	0.085231511	0.03844086
97.6071	0.082040729	0.036550406
99.1858	0.078959139	0.034752949
100.79	0.075975637	0.033043934
102.42	0.073091878	0.031411892
104.077	0.070261315	0.029816342
105.76	0.067470138	0.028302286
107.471	0.064711694	0.026864665
109.209	0.06196068	0.02550046
110.975	0.059124749	0.024319214
112.77	0.056476895	0.023332951
114.594	0.053948043	0.022386658
116.448	0.051446084	0.021478609
118.331	0.048795342	0.020741297
120.245	0.046410317	0.020289514
122.19	0.044226163	0.019847544
124.166	0.042133677	0.019415314
126.175	0.040044927	0.018992223
128.215	0.038011938	0.018792198
130.289	0.036186648	0.018668341
132.397	0.034498452	0.018545177
134.538	0.032911577	0.018423131
136.714	0.031405372	0.018301785
138.925	0.029957795	0.018181297
141.172	0.028512639	0.018103151
143.456	0.027197109	0.018123484
145.776	0.025989217	0.018144074
148.134	0.024865858	0.018164573
150.53	0.023817711	0.018185119
152.964	0.022843685	0.018203815
155.439	0.021928804	0.018213201
157.953	0.021069782	0.018222836
160.507	0.020267936	0.018232628
163.103	0.019522493	0.018242267
165.742	0.018836653	0.018251753
168.422	0.018262776	0.018247241
171.146	0.017695477	0.018137223
173.915	0.017114869	0.018027769
176.727	0.016547576	0.017919279
179.586	0.015993966	0.01781108
182.491	0.015445339	0.017703664
185.442	0.014900083	0.017644316
188.442	0.01441403	0.017617876
191.489	0.013991716	0.017591895
194.587	0.01362801	0.017546612
197.734	0.013275702	0.017466399
200.932	0.012938637	0.017386451
204.182	0.012622946	0.017306865
207.485	0.012331561	0.017227605
210.84	0.012066197	0.017148955
214.251	0.011828841	0.017070374
217.716	0.011636657	0.016992397
221.237	0.011483999	0.016876705
224.816	0.011324098	0.016726786
228.452	0.011167104	0.016578354
232.147	0.011022642	0.016431214
235.902	0.010896856	0.01628533
239.717	0.010795897	0.016140881
243.595	0.010729179	0.015997553
247.535	0.010771354	0.01580317
251.538	0.010763336	0.015483049
255.607	0.010682202	0.015169314
259.741	0.010583823	0.014862055
263.942	0.010474112	0.014560936
268.211	0.010357944	0.014265894
272.549	0.010242648	0.013974839
276.957	0.010122359	0.01368259
281.437	0.009997324	0.013396324
285.989	0.009874504	0.013116074
290.615	0.009759422	0.012830613
295.315	0.009634429	0.012535957
300.092	0.009496405	0.012248003
304.945	0.009352932	0.01196677
309.878	0.009203263	0.01169188
314.89	0.009039161	0.011423353
319.983	0.008878757	0.011192575
325.158	0.008732725	0.010969906
330.418	0.00859764	0.010751652
335.762	0.008469948	0.010537769
341.192	0.008349256	0.010328156
346.711	0.008235984	0.010122654
352.319	0.008131693	0.00992125
358.017	0.008045113	0.009723908
363.808	0.007964636	0.009500554
369.692	0.007873948	0.009272253
375.672	0.007774457	0.009049406
381.748	0.007673525	0.008831919
387.922	0.007572544	0.008619702
394.197	0.007472615	0.008412531
400.573	0.007374782	0.008210321
407.052	0.007280268	0.008013024
413.635	0.007190907	0.007820483
420.326	0.007112431	0.007632495
427.124	0.007045981	0.007428556
434.032	0.006968896	0.007209089
441.052	0.00687548	0.006996091
448.186	0.006777963	0.006789366
455.435	0.006677612	0.006588756
462.802	0.006575528	0.006394047
470.287	0.00647263	0.006205139
477.894	0.006369457	0.006021784
485.623	0.006266598	0.005843866
493.478	0.006164395	0.005671177
501.459	0.006063309	0.005503629
509.57	0.005963707	0.005341007
517.812	0.005866014	0.005183207
526.187	0.005770772	0.005030053
534.698	0.005678631	0.004881427
543.346	0.005590505	0.0047372
552.134	0.005512683	0.004597228
561.065	0.005445353	0.004452743
570.139	0.005373348	0.004283087
579.361	0.005285492	0.004119875
588.732	0.005191891	0.00396287
598.254	0.005095057	0.003811869
607.93	0.004996266	0.003666611
617.763	0.004896367	0.003526898
627.755	0.004795927	0.0033925
637.908	0.004695434	0.003263234
648.226	0.004595191	0.00313888
658.711	0.004495491	0.00301927
669.365	0.004396583	0.002904219
680.191	0.004298616	0.002793552
691.193	0.004201762	0.002687093
702.372	0.00410617	0.002584706
713.733	0.004011927	0.002486212
725.277	0.003919163	0.002391468
737.008	0.00382796	0.002300342
748.928	0.003738417	0.002212686
761.042	0.003650592	0.002128366
773.351	0.003564602	0.002047267
785.859	0.003480545	0.001969254
798.57	0.003398524	0.001894215
811.486	0.00331874	0.001822035
824.611	0.003241438	0.001752602
837.949	0.003167034	0.001685818
851.502	0.003095792	0.00162158
865.274	0.003042328	0.00155979
879.269	0.002989627	0.00145166
893.491	0.002890376	0.00138857
907.943	0.002810109	0.001328193
922.628	0.002734576	0.001270428
937.551	0.002661691	0.001213692
952.715	0.002589943	0.001159113
968.124	0.002519464	0.001106668
983.783	0.00245033	0.001056573
999.695	0.002382725	0.001008611
1015.86	0.002316794	0.000962699
1032.29	0.00225223	0.000917761
1048.99	0.002188359	0.00087476
1065.96	0.002125549	0.00083362
1083.2	0.002063892	0.000794406
1100.72	0.002003458	0.000757017
1118.52	0.001944291	0.000721378
1136.61	0.001886402	0.000687413
1155	0.001829797	0.000655025
1173.68	0.001774504	0.000624153
1192.66	0.001720514	0.000594733
1211.95	0.001667816	0.000566684
1231.55	0.001616439	0.000539943
1251.47	0.001566348	0.000514326
1271.72	0.001517461	0.000489774
1292.29	0.001469633	0.000466228
1313.19	0.001422849	0.000443797
1334.43	0.001377134	0.000422439
1356.01	0.0013325	0.000402106
1377.94	0.001288922	0.000382739
1400.23	0.001246367	0.000364296
1422.88	0.001204824	0.000346739
1445.89	0.001164287	0.000330021
1469.28	0.001124704	0.000314079
1493.04	0.001086055	0.000298879
1517.19	0.001048263	0.000284302
1541.73	0.001011218	0.000270424
1566.67	0.000974927	0.000257223
1592.01	0.000939359	0.00024465
1617.76	0.000904454	0.000232688
1643.92	0.000870161	0.000221311
1670.51	0.000836404	0.000210491
1697.53	0.000803121	0.000200191
1724.99	0.000770212	0.000190384
1752.89	0.000737547	0.000180938
1781.24	0.000704861	0.00017192
1810.05	0.000671946	0.000163317
1839.32	0.000638513	0.000155139
1869.07	0.000604109	0.00014737
1899.3	0.00056804	0.000139994
1930.02	0.000529074	0.000132982
1961.24	0.000484739	0.000126318
1992.96	0.000428748	0.000119985
2025.2	0.00033173	0.000114029
2040.3	-7.70086E-06	0.000111372
2040.5	-7.70077E-06	0.000317865
2057.95	0.000319243	0.000309099
2091.24	0.000345393	0.000293234
2116	0.000133264	0.000282116
2116.2	0.000133577	0.000415735
2125.06	0.000329664	0.000409825
2159.43	0.000408479	0.000387907
2194.36	0.000436677	0.000367162
2229.85	0.000450598	0.000347526
2265.92	0.000456968	0.000328946
2302.57	0.000458507	0.000311354
2339.81	0.000456622	0.000294718
2377.66	0.000452111	0.000278969
2416.11	0.000445382	0.000264064
2455.19	0.00043645	0.000249963
2494.9	0.00042456	0.000236618
2535.26	0.000403955	0.000223987
2550.6	0.000345173	0.000219415
2550.8	0.000345164	0.000254735
2576.26	0.000403792	0.000246023
2617.93	0.000406953	0.000232572
2660.27	0.00040377	0.000219858
2703.3	0.000398153	0.000207853
2747.03	0.000391109	0.000196504
2791.46	0.000383002	0.000185782
2836.61	0.000373847	0.000175649
2882.49	0.000362677	0.000166075
2908.6	0.000340219	0.000160924
2908.8	0.000340187	0.000171045
2929.11	0.000353885	0.000167008
2976.48	0.000349352	0.000158059
3024.63	0.000342377	0.000149593
3073.55	0.000334542	0.000141589
3123.26	0.000325967	0.000134014
3173.6	0.000309111	0.000126869
3173.8	0.000309082	0.000131484
3225.11	0.000310551	0.000124646
3277.27	0.000303803	0.000118148
3330.28	0.000296649	0.000111971
3384.15	0.000289365	0.000106101
3438.88	0.000282051	0.000100524
3494.5	0.000274758	9.52275E-05
3551.02	0.000267516	9.0193E-05
3608.46	0.000260352	8.54184E-05
3666.82	0.000253283	8.08835E-05
3726.13	0.000246318	7.65827E-05
3786.4	0.000239466	7.24962E-05
3847.64	0.000232735	6.8624E-05
3909.87	0.000226134	6.49526E-05
3973.11	0.000219665	6.14706E-05
4037.38	0.000213328	5.81658E-05
4102.68	0.000207133	5.50387E-05
4169.03	0.000201077	5.20704E-05
4236.46	0.000195159	4.92577E-05
4304.98	0.00018938	4.65927E-05
4374.62	0.000183741	4.40682E-05
4445.37	0.000178243	4.16768E-05
4517.27	0.000172882	3.94119E-05
4590.33	0.000167659	3.72674E-05
4664.58	0.000162571	3.5236E-05
4740.03	0.000157618	3.33132E-05
4816.69	0.000152798	3.14933E-05
4894.6	0.000148107	2.97704E-05
4973.77	0.000143545	2.81396E-05
5054.21	0.00013911	2.65969E-05
5135.96	0.000134798	2.5137E-05
5219.03	0.000130607	2.37557E-05
5303.44	0.000126536	2.24489E-05
5389.22	0.00012258	2.12129E-05
5476.39	0.000118739	2.00439E-05
5564.97	0.000115009	1.89385E-05
5654.98	0.000111388	1.78931E-05
5746.44	0.000107873	1.69045E-05
5839.39	0.000104462	1.59699E-05
5933.83	0.000101153	1.50863E-05
6029.81	9.7941E-05	1.42509E-05
6127.33	9.4826E-05	1.34614E-05
6226.44	9.18042E-05	1.27151E-05
6327.15	8.88734E-05	1.20099E-05
6429.48	8.60317E-05	1.13435E-05
6533.48	8.32758E-05	1.07136E-05
6639.15	8.06042E-05	1.01184E-05
6746.54	7.80137E-05	9.55606E-06
6855.65	7.5503E-05	9.02477E-06
6966.54	7.30686E-05	8.52252E-06
7079.22	7.0709E-05	8.04822E-06
7193.72	6.8422E-05	7.60017E-06
7310.07	6.62053E-05	7.17705E-06
7428.31	6.40568E-05	6.77721E-06
7548.45	6.19747E-05	6.39963E-06
7670.54	5.99565E-05	6.04306E-06
7794.61	5.80005E-05	5.70612E-06
7920.68	5.61047E-05	5.38791E-06
8048.79	5.42672E-05	5.08745E-06
8178.98	5.24857E-05	4.80359E-06
8311.26	5.07589E-05	4.53565E-06
8445.69	4.90845E-05	4.28256E-06
8582.29	4.74611E-05	4.04369E-06
8721.11	4.58864E-05	3.81793E-06
8862.16	4.43589E-05	3.6049E-06
9005.5	4.28765E-05	3.40363E-06
9151.16	4.14374E-05	3.21367E-06
9299.17	4.00396E-05	3.03425E-06
9449.58	3.86809E-05	2.8649E-06
9602.42	3.73593E-05	2.70494E-06
9757.73	3.6072E-05	2.55402E-06
9915.55	3.4817E-05	2.4115E-06
10075.9	3.35893E-05	2.27543E-06
10238.9	3.23831E-05	2.14715E-06
10404.5	3.11924E-05	2.02623E-06
10572.8	3.00053E-05	1.91223E-06
10743.8	2.88003E-05	1.80478E-06
10917.6	2.75236E-05	1.70348E-06
11094.2	2.59591E-05	1.60799E-06
11215.1	2.00058E-05	1.54652E-06
11215.3	2.00055E-05	3.96654E-06
11273.6	2.46385E-05	3.88836E-06
11455.9	2.49118E-05	3.65604E-06
11641.2	2.45102E-05	3.43758E-06
11829.5	2.39454E-05	3.23218E-06
12020.8	2.33058E-05	3.03908E-06
12215.3	2.26182E-05	2.85745E-06
12412.8	2.18849E-05	2.68676E-06
12613.6	2.10662E-05	2.52621E-06
12817.6	1.94086E-05	2.37528E-06
12824	1.81286E-05	2.37074E-06
12824.2	1.81281E-05	3.32114E-06
13025	1.98386E-05	3.14118E-06
13235.6	1.9412E-05	2.96558E-06
13418.4	1.82117E-05	2.82323E-06
13418.6	1.82116E-05	3.20082E-06
13449.7	1.8755E-05	3.17527E-06
13667.2	1.85267E-05	3.00367E-06
13888.3	1.8117E-05	2.84088E-06
14112.9	1.76732E-05	2.68656E-06
14341.2	1.7217E-05	2.54025E-06
14573.1	1.67576E-05	2.40161E-06
14808.9	1.62991E-05	2.27018E-06
15048.4	1.58452E-05	2.14572E-06
15291.8	1.53972E-05	2.02783E-06
15539.1	1.49565E-05	1.9162E-06
15790.4	1.45241E-05	1.81051E-06
16045.8	1.41003E-05	1.71045E-06
16305.4	1.36855E-05	1.61573E-06
16569.1	1.32804E-05	1.52613E-06
16837.1	1.28849E-05	1.44134E-06
17109.4	1.24991E-05	1.36113E-06
17386.1	1.21231E-05	1.28528E-06
17667.4	1.17566E-05	1.21352E-06
17953.1	1.13999E-05	1.14569E-06
18243.5	1.10527E-05	1.08155E-06
18538.6	1.0715E-05	1.02091E-06
18838.4	1.03867E-05	9.63609E-07
19143.1	1.00674E-05	9.09449E-07
19452.7	9.75727E-06	8.58272E-07
19767.4	9.45584E-06	8.09909E-07
20087.1	9.16314E-06	7.64225E-07
20412	8.87891E-06	7.21068E-07
20742.1	8.60301E-06	6.80308E-07
21077.6	8.33516E-06	6.41808E-07
21418.5	8.07525E-06	6.05451E-07
21765	7.82299E-06	5.71116E-07
22117	7.57833E-06	5.38703E-07
22474.7	7.34101E-06	5.08102E-07
22838.2	7.11082E-06	4.79211E-07
23207.6	6.88757E-06	4.51941E-07
23583	6.67109E-06	4.262E-07
23964.4	6.46124E-06	4.01908E-07
24352	6.25778E-06	3.78982E-07
24745.9	6.06054E-06	3.57347E-07
25146.2	5.86934E-06	3.36931E-07
25552.9	5.68407E-06	3.17671E-07
25966.2	5.50451E-06	2.99499E-07
26386.1	5.33052E-06	2.82357E-07
26812.9	5.1619E-06	2.66184E-07
27246.6	4.99852E-06	2.50928E-07
27687.3	4.84023E-06	2.36538E-07
28135.1	4.68688E-06	2.22966E-07
28590.2	4.5383E-06	2.10164E-07
29052.6	4.39443E-06	1.98093E-07
29522.5	4.25555E-06	1.86708E-07
30000	4.11842E-06	1.75973E-07
30400	4.00782E-06	1.69044E-07
30800	3.90381E-06	1.6106E-07
31200	3.80378E-06	1.5355E-07
31500	3.73122E-06	1.48207E-07
31900	3.63764E-06	1.41444E-07
32300	3.54752E-06	1.3507E-07
32600	3.4821E-06	1.30526E-07
33000	3.39763E-06	1.24766E-07
33400	3.31617E-06	1.19302E-07
33800	3.23758E-06	1.14138E-07
34100	3.18044E-06	1.1045E-07
34500	3.10656E-06	1.05765E-07
34900	3.03521E-06	1.0133E-07
35300	2.96628E-06	9.71209E-08
35700	2.89964E-06	9.31295E-08
36030	2.84633E-06	8.99923E-08
36500	2.77289E-06	8.57515E-08
37000	2.69782E-06	8.15147E-08
37500	2.62574E-06	7.75396E-08
38000	2.55649E-06	7.38073E-08
38500	2.48993E-06	7.02982E-08
39000	2.42592E-06	6.69978E-08
39500	2.36433E-06	6.38916E-08
40000	2.30505E-06	6.09656E-08
40500	2.24795E-06	5.81986E-08
41000	2.19294E-06	5.55891E-08
41500	2.13991E-06	5.3126E-08
42000	2.08876E-06	5.07996E-08
42700	2.02017E-06	4.77552E-08
43400	1.95487E-06	4.49383E-08
44100	1.89268E-06	4.23289E-08
44877	1.82703E-06	3.96529E-08
45100	1.80881E-06	3.89241E-08
45400	1.78473E-06	3.79692E-08
45700	1.76113E-06	3.70439E-08
46000	1.73799E-06	3.61467E-08
46500	1.7004E-06	3.47119E-08
47000	1.66402E-06	3.33486E-08
47500	1.62878E-06	3.20523E-08
48000	1.59465E-06	3.08193E-08
48500	1.56156E-06	2.96457E-08
49000	1.52949E-06	2.85282E-08
49500	1.49839E-06	2.74635E-08
50000	1.46822E-06	2.64486E-08
51000	1.41052E-06	2.45489E-08
52000	1.35612E-06	2.28189E-08
53000	1.30478E-06	2.12403E-08
54000	1.25626E-06	1.97973E-08
55000	1.21037E-06	1.84763E-08
56000	1.1669E-06	1.72636E-08
56800	1.13377E-06	1.63651E-08
57530	1.10473E-06	1.55965E-08
58000	1.08661E-06	1.51255E-08
58500	1.06781E-06	1.46442E-08
59540	1.03019E-06	1.37035E-08
59800	1.02109E-06	1.34804E-08
60000	1.01417E-06	1.33119E-08
60800	9.87163E-07	1.26625E-08
61500	9.64376E-07	1.21269E-08
62300	9.39256E-07	1.15494E-08
62600	9.30078E-07	1.13426E-08
63000	9.18042E-07	1.10723E-08
63500	9.03308E-07	1.07483E-08
64000	8.88909E-07	1.04331E-08
64500	8.74834E-07	1.01325E-08
65000	8.61072E-07	9.83992E-09
65500	8.47612E-07	9.56042E-09
65900	8.37056E-07	9.34208E-09
66400	8.24114E-07	9.08033E-09
66830	8.13204E-07	8.86064E-09
67100	8.06453E-07	8.72716E-09
67400	7.99041E-07	8.58102E-09
67700	7.91721E-07	8.43875E-09
68000	7.8449E-07	8.29864E-09
68500	7.72629E-07	8.0733E-09
68800	7.65624E-07	7.94081E-09
69000	7.60999E-07	7.8536E-09
69300	7.54127E-07	7.72684E-09
69500	7.4959E-07	7.64338E-09
69800	7.42845E-07	7.51973E-09
70000	7.3839E-07	7.43833E-09
70300	7.31764E-07	7.31979E-09
70500	7.27386E-07	7.24173E-09
70800	7.20873E-07	7.12606E-09
71000	7.16567E-07	7.0499E-09
71300	7.10157E-07	6.9391E-09
71500	7.05916E-07	6.86613E-09
71800	6.99599E-07	6.75799E-09
72000	6.95416E-07	6.68677E-09
72200	6.91254E-07	6.61737E-09
72400	6.8711E-07	6.54865E-09
72600	6.82983E-07	6.48058E-09
72800	6.78872E-07	6.41315E-09
73000	6.74774E-07	6.34726E-09
73200	6.70684E-07	6.282E-09
73350	6.67622E-07	6.23345E-09
73500	6.64562E-07	6.18525E-09
73700	6.60481E-07	6.1223E-09
73900	6.56395E-07	6.05994E-09
74050	6.53324E-07	6.01355E-09
74130	6.51682E-07	5.98895E-09
74200	6.50242E-07	5.9675E-09
74300	6.48181E-07	5.93736E-09
74400	6.46111E-07	5.90737E-09
74500	6.44032E-07	5.87751E-09
74600	6.41942E-07	5.84778E-09
74700	6.39837E-07	5.81821E-09
74800	6.37717E-07	5.78876E-09
74880	6.36007E-07	5.76531E-09
74960	6.34282E-07	5.74194E-09
74990	6.33631E-07	5.73328E-09
75030	6.32759E-07	5.72176E-09
75100	6.31222E-07	5.70163E-09
75150	6.30113E-07	5.68731E-09
75200	6.28995E-07	5.67301E-09
75250	6.27866E-07	5.65875E-09
75300	6.26725E-07	5.64452E-09
75350	6.25572E-07	5.63041E-09
75400	6.24404E-07	5.61634E-09
75450	6.23218E-07	5.60229E-09
75500	6.22015E-07	5.58829E-09
75550	6.20791E-07	5.57432E-09
75600	6.19542E-07	5.56037E-09
75650	6.18265E-07	5.54646E-09
75700	6.16956E-07	5.53257E-09
75740	6.15881E-07	5.52159E-09
75780	6.14779E-07	5.51063E-09
75810	6.13932E-07	5.50242E-09
75850	6.12771E-07	5.49149E-09
75880	6.11872E-07	5.48331E-09
75920	6.10631E-07	5.47242E-09
75940	6.09991E-07	5.46698E-09
75960	6.09333E-07	5.46155E-09
75980	6.08658E-07	5.45611E-09
76000	6.07963E-07	5.45069E-09
76020	6.07247E-07	5.44527E-09
76050	6.06124E-07	5.43716E-09
76070	6.05338E-07	5.43174E-09
76085	6.04726E-07	5.4277E-09
76100	6.04092E-07	5.42364E-09
76115	6.03433E-07	5.4196E-09
76130	6.02746E-07	5.41556E-09
76140	6.0227E-07	5.41287E-09
76150	6.01778E-07	5.41017E-09
76165	6.01008E-07	5.40613E-09
76180	6.00191E-07	5.4021E-09
76190	5.99617E-07	5.39941E-09
76200	5.99014E-07	5.39672E-09
76210	5.9838E-07	5.39404E-09
76220	5.97709E-07	5.39136E-09
76230	5.96997E-07	5.38867E-09
76240	5.96234E-07	5.38599E-09
76248	5.9558E-07	5.38384E-09
76255	5.94972E-07	5.38197E-09
76263	5.94229E-07	5.37983E-09
76270	5.93527E-07	5.37795E-09
76275	5.9299E-07	5.37661E-09
76280	5.92422E-07	5.37527E-09
76285	5.91815E-07	5.37393E-09
76290	5.91163E-07	5.3726E-09
76295	5.90458E-07	5.37126E-09
76300	5.89691E-07	5.36993E-09
76305	5.88846E-07	5.36859E-09
76310	5.87905E-07	5.36725E-09
76313	5.87282E-07	5.36645E-09
76315	5.86839E-07	5.36591E-09
76318	5.86125E-07	5.36511E-09
76320	5.8561E-07	5.36458E-09
76323	5.84771E-07	5.36378E-09
76325	5.84157E-07	5.36324E-09
76328	5.83136E-07	5.36244E-09
76330	5.82374E-07	5.36191E-09
76332	5.8153E-07	5.36138E-09
76334	5.80581E-07	5.36084E-09
76336	5.79504E-07	5.36031E-09
76337	5.78908E-07	5.36003E-09
76338	5.78255E-07	5.35977E-09
76339	5.77551E-07	5.3595E-09
76340	5.76769E-07	5.35924E-09
76341	5.75907E-07	5.35897E-09
76342	5.74924E-07	5.3587E-09
76343	5.738E-07	5.35844E-09
76344	5.72439E-07	5.35817E-09
76344.8	5.71084E-07	5.35796E-09
76345.5	5.69446E-07	5.35777E-09
76345.6	5.6935E-07	5.774E-09
76345.7	5.69362E-07	6.19023E-09
76345.9	5.6933E-07	7.02268E-09
76346.3	5.69248E-07	8.68754E-09
76347.1	5.68968E-07	1.20172E-08
76348.6	5.67593E-07	5.35695E-09
76349.9	5.62242E-07	5.3566E-09
76351.1	5.54932E-07	5.35629E-09
76352.4	5.43606E-07	9.4095E-09
76353.6	5.28644E-07	1.76207E-08
76354.4	5.44827E-07	2.61539E-08
76355.2	5.62953E-07	1.23031E-07
76356.2	5.86976E-07	2.75175E-08
76356.5	5.94144E-07	2.75175E-08
76356.7	5.98585E-07	2.75176E-08
76357.8	5.90971E-07	3.99428E-08
76359.3	5.90603E-07	2.74432E-08
76360.1	5.88385E-07	2.73935E-08
76361	5.87124E-07	2.73377E-08
76362	5.86403E-07	2.72756E-08
76363	5.86051E-07	2.72135E-08
76364	5.85886E-07	2.71424E-08
76365	5.85846E-07	2.70713E-08
76366	5.85868E-07	2.70002E-08
76367	5.85944E-07	2.69291E-08
76368	5.86043E-07	2.68653E-08
76369	5.86165E-07	2.68014E-08
76370	5.8629E-07	2.67375E-08
76371	5.86427E-07	2.66737E-08
76373	5.86708E-07	2.65668E-08
76375	5.8698E-07	2.64603E-08
76377	5.87244E-07	2.63871E-08
76379	5.87499E-07	2.63144E-08
76380.5	5.87676E-07	2.62755E-08
76382	5.8785E-07	2.62366E-08
76384	5.88076E-07	2.62012E-08
76386	5.88285E-07	2.61659E-08
76388	5.8849E-07	2.61488E-08
76390	5.88685E-07	2.61317E-08
76395	5.89146E-07	2.61371E-08
76400	5.8958E-07	2.61717E-08
76405	5.89996E-07	2.62234E-08
76410	5.90398E-07	2.62835E-08
76415	5.9079E-07	2.63399E-08
76420	5.91168E-07	2.63961E-08
76425	5.9153E-07	2.64321E-08
76430	5.9188E-07	2.64681E-08
76435	5.92211E-07	2.64816E-08
76440	5.92523E-07	2.6495E-08
76445	5.92819E-07	2.64912E-08
76450	5.93091E-07	2.64873E-08
76455	5.93345E-07	2.64699E-08
76460	5.93578E-07	2.64526E-08
76470	5.93995E-07	2.64174E-08
76478	5.94285E-07	2.6395E-08
76485	5.94508E-07	2.63755E-08
76493	5.94752E-07	2.63658E-08
76500	5.9495E-07	2.63573E-08
76510	5.95205E-07	2.63533E-08
76520	5.95438E-07	2.63492E-08
76535	5.95764E-07	2.63491E-08
76550	5.96061E-07	2.63491E-08
76560	5.96237E-07	2.6342E-08
76570	5.96401E-07	2.63349E-08
76585	5.96619E-07	2.63075E-08
76600	5.96799E-07	2.62801E-08
76615	5.96953E-07	2.62634E-08
76630	5.97088E-07	2.62466E-08
76650	5.97241E-07	2.62243E-08
76680	5.97418E-07	2.61909E-08
76700	5.97507E-07	2.61686E-08
76730	5.97599E-07	2.61327E-08
76750	5.97642E-07	2.61088E-08
76770	5.97663E-07	2.60849E-08
76800	5.97664E-07	2.60491E-08
76820	5.97651E-07	2.60233E-08
76850	5.97607E-07	2.59846E-08
76880	5.97539E-07	2.5946E-08
76900	5.97481E-07	2.59203E-08
76920	5.97414E-07	2.58956E-08
76950	5.97298E-07	2.58586E-08
76980	5.97165E-07	2.58216E-08
77010	5.97015E-07	2.57847E-08
77030	5.96907E-07	2.576E-08
77060	5.9675E-07	2.57232E-08
77080	5.96616E-07	2.56987E-08
77110	5.96426E-07	2.56619E-08
77160	5.96087E-07	2.56033E-08
77210	5.9572E-07	2.55447E-08
77260	5.95333E-07	2.54863E-08
77300	5.95012E-07	2.54397E-08
77350	5.94596E-07	2.53815E-08
77400	5.94168E-07	2.53235E-08
77450	5.93725E-07	2.52655E-08
77500	5.93267E-07	2.52078E-08
77550	5.928E-07	2.51501E-08
77600	5.92322E-07	2.50926E-08
77700	5.91337E-07	2.49779E-08
77800	5.90312E-07	2.48638E-08
77900	5.89255E-07	2.47501E-08
78000	5.88165E-07	2.46393E-08
78100	5.87052E-07	2.45291E-08
78200	5.85926E-07	2.44193E-08
78300	5.84783E-07	2.43099E-08
78380	5.83859E-07	2.42228E-08
78450	5.83045E-07	2.41469E-08
78600	5.81286E-07	2.39849E-08
78700	5.80105E-07	2.38847E-08
78800	5.78917E-07	2.3785E-08
78900	5.77724E-07	2.36858E-08
79000	5.76529E-07	2.35869E-08
79150	5.74727E-07	2.34312E-08
79300	5.72913E-07	2.32765E-08
79500	5.70486E-07	2.3066E-08
79700	5.68049E-07	2.28573E-08
79850	5.66211E-07	2.26978E-08
79920	5.65351E-07	2.26237E-08
80000	5.64366E-07	2.25393E-08
80200	5.61904E-07	2.23407E-08
80400	5.59444E-07	2.21439E-08
80600	5.56985E-07	2.19487E-08
80800	5.5453E-07	2.17551E-08
81000	5.52079E-07	2.15632E-08
81200	5.49634E-07	2.13729E-08
81350	5.47804E-07	2.12313E-08
81500	5.45977E-07	2.10906E-08
81700	5.43549E-07	2.09081E-08
81900	5.41128E-07	2.07272E-08
82100	5.38716E-07	2.05479E-08
82300	5.36313E-07	2.037E-08
82500	5.33919E-07	2.01936E-08
82700	5.31536E-07	2.00186E-08
82850	5.29755E-07	1.98883E-08
83000	5.27979E-07	1.97589E-08
83300	5.24447E-07	1.951E-08
83500	5.22107E-07	1.93458E-08
83800	5.1862E-07	1.91021E-08
84000	5.1631E-07	1.89412E-08
84300	5.12868E-07	1.8704E-08
84500	5.10588E-07	1.85474E-08
84800	5.07191E-07	1.83149E-08
85000	5.04943E-07	1.81614E-08
85200	5.02708E-07	1.8009E-08
85400	5.00483E-07	1.78578E-08
85600	4.9827E-07	1.77077E-08
85800	4.96068E-07	1.7559E-08
86200	4.91703E-07	1.72649E-08
86500	4.88463E-07	1.70475E-08
86900	4.84184E-07	1.67625E-08
87300	4.79951E-07	1.64821E-08
87700	4.75765E-07	1.62061E-08
88000	4.72656E-07	1.60019E-08
88300	4.69574E-07	1.58052E-08
88500	4.67535E-07	1.56753E-08
88800	4.64498E-07	1.54824E-08
89000	4.62489E-07	1.5355E-08
89300	4.59496E-07	1.51683E-08
89500	4.57515E-07	1.5045E-08
89800	4.54566E-07	1.48619E-08
90000	4.52614E-07	1.47409E-08
90400	4.48745E-07	1.45076E-08
90800	4.44922E-07	1.42778E-08
91200	4.41145E-07	1.40515E-08
91500	4.38341E-07	1.3884E-08
91900	4.34642E-07	1.36677E-08
92300	4.30986E-07	1.34548E-08
92700	4.27374E-07	1.32449E-08
93000	4.24692E-07	1.30895E-08
93300	4.22034E-07	1.29392E-08
93500	4.20275E-07	1.284E-08
94000	4.15924E-07	1.25949E-08
94500	4.11638E-07	1.23573E-08
94800	4.09096E-07	1.22168E-08
95000	4.07414E-07	1.2124E-08
95400	4.04079E-07	1.19436E-08
95800	4.00785E-07	1.17658E-08
96200	3.97528E-07	1.15905E-08
96500	3.95112E-07	1.14607E-08
96900	3.91922E-07	1.12928E-08
97300	3.88769E-07	1.11272E-08
97700	3.85653E-07	1.0964E-08
98000	3.8334E-07	1.08431E-08
98500	3.79529E-07	1.0647E-08
99000	3.75774E-07	1.04542E-08
99500	3.72072E-07	1.0267E-08
99800	3.69876E-07	1.01562E-08
100000	3.68423E-07	1.0083E-08
100400	3.65542E-07	9.93932E-09
100800	3.62694E-07	9.79754E-09
101200	3.59877E-07	9.65773E-09
101500	3.57785E-07	9.5541E-09
101900	3.55024E-07	9.41992E-09
102300	3.52294E-07	9.28754E-09
102700	3.49594E-07	9.15693E-09
103000	3.47589E-07	9.06012E-09
103500	3.44285E-07	8.90318E-09
104000	3.41028E-07	8.74883E-09
104500	3.37815E-07	8.59786E-09
105000	3.34646E-07	8.44937E-09
105800	3.29666E-07	8.22006E-09
106500	3.25397E-07	8.02424E-09
107300	3.20617E-07	7.80947E-09
108000	3.16519E-07	7.62603E-09
108500	3.1364E-07	7.4984E-09
109000	3.10798E-07	7.37278E-09
109500	3.07994E-07	7.25052E-09
110000	3.05227E-07	7.13017E-09
110800	3.00876E-07	6.94407E-09
111500	2.97143E-07	6.78498E-09
112300	2.92961E-07	6.60959E-09
113000	2.89372E-07	6.45966E-09
113500	2.86848E-07	6.35573E-09
114000	2.84356E-07	6.25337E-09
115000	2.79468E-07	6.05542E-09
115800	2.75646E-07	5.90379E-09
116500	2.72364E-07	5.77404E-09
117300	2.68685E-07	5.63128E-09
118000	2.65526E-07	5.50913E-09
119000	2.61107E-07	5.34105E-09
120000	2.56797E-07	5.17943E-09
121000	2.52591E-07	5.02475E-09
122000	2.48487E-07	4.87445E-09
123000	2.44481E-07	4.7315E-09
124000	2.40571E-07	4.59251E-09
125500	2.34877E-07	4.39496E-09
127000	2.29382E-07	4.20811E-09
128500	2.24076E-07	4.03122E-09
130000	2.18952E-07	3.86374E-09
131500	2.14E-07	3.70399E-09
133000	2.09213E-07	3.55256E-09
134500	2.04584E-07	3.4089E-09
136000	2.00105E-07	3.27256E-09
137500	1.95771E-07	3.14308E-09
139000	1.91576E-07	3.02004E-09
140500	1.87514E-07	2.90301E-09
142000	1.83578E-07	2.79164E-09
144000	1.7852E-07	2.65144E-09
145400	1.75102E-07	2.5586E-09
146000	1.73667E-07	2.52007E-09
146700	1.72015E-07	2.47606E-09
148000	1.69008E-07	2.39689E-09
149000	1.66749E-07	2.33815E-09
149500	1.65636E-07	2.30947E-09
150000	1.64534E-07	2.28123E-09
152000	1.60234E-07	2.17267E-09
154000	1.561E-07	2.07058E-09
156000	1.52124E-07	1.9745E-09
158000	1.48297E-07	1.88404E-09
160000	1.44612E-07	1.79877E-09
162000	1.41062E-07	1.71835E-09
163500	1.38485E-07	1.66102E-09
165000	1.35978E-07	1.6061E-09
167000	1.32738E-07	1.53641E-09
169000	1.29613E-07	1.47053E-09
171000	1.26597E-07	1.40819E-09
173000	1.23685E-07	1.34918E-09
175000	1.20871E-07	1.29327E-09
177000	1.18153E-07	1.24028E-09
180000	1.14243E-07	1.16586E-09
183000	1.10524E-07	1.09715E-09
185000	1.08145E-07	1.05419E-09
188000	1.04717E-07	9.93723E-10
190000	1.02521E-07	9.55859E-10
193000	9.93549E-08	9.02476E-10
195000	9.73246E-08	8.68984E-10
198000	9.43937E-08	8.21654E-10
200000	9.25128E-08	7.91913E-10
203000	8.97948E-08	7.49936E-10
205000	8.80488E-08	7.23518E-10
208000	8.55235E-08	6.86071E-10
210000	8.38999E-08	6.62471E-10
213000	8.15497E-08	6.28999E-10
215000	8.00373E-08	6.07879E-10
218000	7.78463E-08	5.77861E-10
220000	7.64352E-08	5.58893E-10
223000	7.43894E-08	5.31902E-10
226000	7.24245E-08	5.0655E-10
229000	7.05364E-08	4.82717E-10
232000	6.87211E-08	4.60313E-10
235000	6.69751E-08	4.39228E-10
238000	6.52946E-08	4.19357E-10
241000	6.36766E-08	4.00617E-10
244700	6.17624E-08	3.78949E-10
248000	6.01272E-08	3.60868E-10
252000	5.82305E-08	3.40394E-10
256000	5.64222E-08	3.21372E-10
260000	5.46967E-08	3.03683E-10
265000	5.2649E-08	2.83278E-10
270000	5.07141E-08	2.64588E-10
275000	4.88838E-08	2.47439E-10
279200	4.74218E-08	2.3411E-10
282000	4.64832E-08	2.25719E-10
285000	4.55082E-08	2.17153E-10
290000	4.395E-08	2.03783E-10
295000	4.24703E-08	1.91444E-10
298000	4.16181E-08	1.84495E-10
300000	4.10641E-08	1.8004E-10
302000	4.05211E-08	1.75852E-10
304000	3.99888E-08	1.71788E-10
308000	3.89551E-08	1.64016E-10
312000	3.79612E-08	1.56688E-10
316500	3.68878E-08	1.48939E-10
318000	3.65401E-08	1.46465E-10
320100	3.60615E-08	1.4309E-10
326000	3.47662E-08	1.34126E-10
332000	3.35192E-08	1.25736E-10
338000	3.23381E-08	1.18006E-10
341000	3.17708E-08	1.1437E-10
344300	3.11639E-08	1.10535E-10
351000	2.9984E-08	1.03254E-10
357000	2.89833E-08	9.72551E-11
364000	2.78779E-08	9.08119E-11
370000	2.698E-08	8.57194E-11
378000	2.58487E-08	7.94849E-11
385000	2.49161E-08	7.44996E-11
393000	2.39109E-08	6.92826E-11
400000	2.30804E-08	6.50966E-11
403000	2.27376E-08	6.34059E-11
406000	2.24025E-08	6.1771E-11
411100	2.18494E-08	5.91144E-11
411800	2.17751E-08	5.87611E-11
421000	2.08328E-08	5.4362E-11
430000	1.99689E-08	5.04595E-11
437000	1.93336E-08	4.76699E-11
444000	1.87281E-08	4.50755E-11
450000	1.82314E-08	4.30349E-11
456000	1.77543E-08	4.11567E-11
462000	1.72957E-08	3.93827E-11
468050	1.6851E-08	3.76928E-11
474000	1.64302E-08	3.61216E-11
480000	1.60216E-08	3.4622E-11
490000	1.53737E-08	3.22973E-11
495000	1.50645E-08	3.12106E-11
500000	1.47644E-08	3.01711E-11
508000	1.43027E-08	2.86059E-11
515000	1.39162E-08	2.73218E-11
523000	1.34934E-08	2.59444E-11
530000	1.3139E-08	2.48121E-11
540000	1.26565E-08	2.33035E-11
550000	1.22001E-08	2.19123E-11
558000	1.18526E-08	2.08776E-11
565000	1.15605E-08	2.00232E-11
573000	1.12397E-08	1.91012E-11
580000	1.09698E-08	1.83393E-11
590000	1.06009E-08	1.73178E-11
600000	1.02502E-08	1.6369E-11
608000	9.98207E-09	1.56601E-11
615000	9.75598E-09	1.50724E-11
623000	9.50687E-09	1.44351E-11
630000	9.29664E-09	1.3906E-11
638000	9.06481E-09	1.33317E-11
642000	8.95213E-09	1.30562E-11
646000	8.84154E-09	1.27919E-11
650000	8.73298E-09	1.25432E-11
654000	8.62641E-09	1.23008E-11
661600	8.42923E-09	1.18569E-11
671000	8.19457E-09	1.13366E-11
680000	7.97897E-09	1.08661E-11
690000	7.74926E-09	1.03753E-11
700000	7.52931E-09	9.9134E-12
712000	7.27753E-09	9.39432E-12
723300	7.0518E-09	8.93802E-12
737000	6.79196E-09	8.42313E-12
750000	6.55845E-09	7.97008E-12
764000	6.32019E-09	7.51741E-12
778900	6.08058E-09	7.07208E-12
789000	5.92584E-09	6.7898E-12
800000	5.76394E-09	6.499E-12
815000	5.55365E-09	6.12931E-12
830000	5.35466E-09	5.78682E-12
850000	5.10555E-09	5.36832E-12
867400	4.9027E-09	5.03608E-12
878000	4.78499E-09	4.84688E-12
889200	4.66517E-09	4.657E-12
895000	4.60488E-09	4.56277E-12
900000	4.55384E-09	4.48548E-12
915000	4.40571E-09	4.26377E-12
930000	4.2647E-09	4.05635E-12
950000	4.08697E-09	3.80009E-12
964000	3.96909E-09	3.63337E-12
980000	3.84051E-09	3.45439E-12
1000000	3.68839E-09	3.24611E-12
1004800	3.65323E-09	3.19928E-12
1030000	3.47662E-09	2.96764E-12
1050000	3.34541E-09	2.8005E-12
1070000	3.22149E-09	2.64471E-12
1085800	3.1284E-09	2.52906E-12
1100000	3.04814E-09	2.43034E-12
1120500	2.9376E-09	2.29599E-12
1121100	2.93446E-09	2.2922E-12
1150000	2.7888E-09	2.11823E-12
1173200	2.67958E-09	1.99017E-12
1200000	2.56121E-09	1.85388E-12
1220000	2.47791E-09	1.7596E-12
1235000	2.41808E-09	1.69276E-12
1250000	2.36038E-09	1.62902E-12
1262000	2.3157E-09	1.58165E-12
1274500	2.27049E-09	1.5341E-12
1287000	2.22659E-09	1.48832E-12
1300000	2.18228E-09	1.4425E-12
1332500	2.07711E-09	1.33543E-12
1370000	1.96494E-09	1.22392E-12
1408000	1.8603E-09	1.12256E-12
1450000	1.75408E-09	1.02247E-12
1480000	1.68368E-09	9.57767E-13
1490000	1.66115E-09	9.37349E-13
1500000	1.63907E-09	9.17474E-13
1550000	1.53502E-09	8.28726E-13
1600000	1.44057E-09	7.50571E-13
1650000	1.35458E-09	6.81524E-13
1680000	1.30663E-09	6.43939E-13
1700000	1.27606E-09	6.20336E-13
1740000	1.21806E-09	5.76331E-13
1780000	1.16393E-09	5.36214E-13
1820000	1.11332E-09	4.99576E-13
1850000	1.0775E-09	4.74165E-13
1890000	1.03237E-09	4.4278E-13
1930000	9.90023E-10	4.13989E-13
1970000	9.50223E-10	3.87534E-13
1985000	9.35915E-10	3.78169E-13
2000000	9.21928E-10	3.69091E-13
2030000	8.94878E-10	3.52061E-13
2050000	8.77501E-10	3.41358E-13
2080000	8.52369E-10	3.26387E-13
2100000	8.36209E-10	3.16871E-13
2150000	7.97765E-10	2.94592E-13
2200000	7.61912E-10	2.74284E-13
2240000	7.34942E-10	2.59315E-13
2280000	7.09379E-10	2.45378E-13
2320000	6.85127E-10	2.32389E-13
2350000	6.67746E-10	2.23221E-13
2390000	6.4558E-10	2.11706E-13
2430000	6.24499E-10	2.00941E-13
2500000	5.90015E-10	1.83739E-13
2550000	5.67103E-10	1.72594E-13
2600000	5.455E-10	1.62303E-13
2650000	5.25108E-10	1.52786E-13
2700000	5.05839E-10	1.43972E-13
2780000	4.77143E-10	1.31183E-13
2850000	4.53991E-10	1.21165E-13
2930000	4.29537E-10	1.10885E-13
2970000	4.18044E-10	1.06165E-13
3000000	4.09725E-10	1.02792E-13
3030000	4.01651E-10	9.96783E-14
3050000	3.96401E-10	9.767E-14
3100000	3.83716E-10	9.28733E-14
3150000	3.71631E-10	8.83769E-14
3200000	3.60108E-10	8.41579E-14
3280000	3.42755E-10	7.79331E-14
3350000	3.2858E-10	7.2967E-14
3430000	3.13431E-10	6.77804E-14
3500000	3.01018E-10	6.36265E-14
3550000	2.92598E-10	6.08594E-14
3600000	2.84527E-10	5.82457E-14
3650000	2.76785E-10	5.5775E-14
3700000	2.69354E-10	5.34384E-14
3780000	2.58073E-10	4.99559E-14
3850000	2.48774E-10	4.7146E-14
3930000	2.38748E-10	4.41792E-14
4000000	2.30465E-10	4.17784E-14
4050000	2.24809E-10	4.02055E-14
4100000	2.1936E-10	3.87089E-14
4200000	2.09038E-10	3.59257E-14
4280000	2.01296E-10	3.38838E-14
4350000	1.9487E-10	3.22189E-14
4430000	1.87895E-10	3.04439E-14
4500000	1.82095E-10	2.89938E-14
4600000	1.74263E-10	2.70736E-14
4700000	1.66927E-10	2.53154E-14
4850000	1.56761E-10	2.29459E-14
5000000	1.47496E-10	2.08563E-14
5020000	1.46323E-10	2.06013E-14
5038180	1.45269E-10	2.03727E-14
5170000	1.37955E-10	1.88115E-14
5300000	1.3127E-10	1.74211E-14
5400000	1.26454E-10	1.64415E-14
5500000	1.21897E-10	1.55323E-14
5600000	1.17582E-10	1.46876E-14
5700000	1.13493E-10	1.39017E-14
5850000	1.07747E-10	1.28224E-14
6000000	1.02427E-10	1.18497E-14
6100000	9.90962E-11	1.1262E-14
6200000	9.59253E-11	1.07118E-14
6350000	9.14468E-11	9.95055E-15
6500000	8.72749E-11	9.2584E-15
6600000	8.46501E-11	8.83157E-15
6700000	8.21421E-11	8.43008E-15
6850000	7.85839E-11	7.87137E-15
7000000	7.52521E-11	7.36004E-15
7100000	7.31473E-11	7.04619E-15
7200000	7.11294E-11	6.74962E-15
7350000	6.82558E-11	6.33466E-15
7500000	6.55529E-11	5.95244E-15
7700000	6.21917E-11	5.4884E-15
7850000	5.98376E-11	5.17101E-15
8000000	5.76147E-11	4.8772E-15
8100000	5.62009E-11	4.69473E-15
8200000	5.48385E-11	4.52109E-15
8500000	5.10358E-11	4.04818E-15
8700000	4.87163E-11	3.76843E-15
9000000	4.55226E-11	3.39445E-15
9200000	4.35649E-11	3.17305E-15
9500000	4.08568E-11	2.87517E-15
9700000	3.91894E-11	2.69672E-15
10000000	3.68732E-11	2.45531E-15
