1.000000E-01	-1.750000E+01	6.850000E+01
1.100000E-01	-1.460000E+01	6.310000E+01
1.200000E-01	-1.240000E+01	5.840000E+01
1.300000E-01	-1.040000E+01	5.440000E+01
1.400000E-01	-8.960000E+00	5.070000E+01
1.500000E-01	-7.780000E+00	4.750000E+01
1.600000E-01	-6.740000E+00	4.470000E+01
1.700000E-01	-5.900000E+00	4.220000E+01
1.800000E-01	-5.210000E+00	3.990000E+01
1.900000E-01	-4.610000E+00	3.780000E+01
2.000000E-01	-4.100000E+00	3.600000E+01
2.100000E-01	-3.650000E+00	3.430000E+01
2.200000E-01	-3.260000E+00	3.270000E+01
2.300000E-01	-2.920000E+00	3.130000E+01
2.400000E-01	-2.610000E+00	3.000000E+01
2.500000E-01	-2.360000E+00	2.880000E+01
2.600000E-01	-2.140000E+00	2.760000E+01
2.700000E-01	-1.920000E+00	2.660000E+01
2.800000E-01	-1.740000E+00	2.560000E+01
2.900000E-01	-1.580000E+00	2.470000E+01
3.000000E-01	-1.440000E+00	2.380000E+01
3.400000E-01	-9.900000E-01	2.080000E+01
3.800000E-01	-7.000000E-01	1.840000E+01
4.200000E-01	-5.700000E-01	1.650000E+01
4.600000E-01	-4.600000E-01	1.490000E+01
5.000000E-01	-3.700000E-01	1.350000E+01
5.400000E-01	-3.500000E-01	1.240000E+01
5.800000E-01	-3.400000E-01	1.130000E+01
6.200000E-01	-3.800000E-01	1.040000E+01
6.600000E-01	-4.300000E-01	9.670000E+00
7.000000E-01	-4.800000E-01	8.990000E+00
7.400000E-01	-5.200000E-01	8.380000E+00
7.800000E-01	-6.000000E-01	7.830000E+00
8.200000E-01	-6.400000E-01	7.350000E+00
8.600000E-01	-7.000000E-01	6.900000E+00
9.000000E-01	-7.400000E-01	6.480000E+00
1.000000E+00	-9.400000E-01	5.580000E+00
1.100000E+00	-1.160000E+00	4.850000E+00
1.200000E+00	-1.440000E+00	4.220000E+00
1.300000E+00	-1.770000E+00	3.740000E+00
1.400000E+00	-2.150000E+00	3.400000E+00
1.500000E+00	-2.530000E+00	3.300000E+00
1.600000E+00	-2.770000E+00	3.410000E+00
1.700000E+00	-2.840000E+00	3.510000E+00
1.800000E+00	-2.810000E+00	3.580000E+00
1.900000E+00	-2.740000E+00	3.580000E+00
2.000000E+00	-2.680000E+00	3.520000E+00
2.100000E+00	-2.680000E+00	3.450000E+00
2.200000E+00	-2.760000E+00	3.410000E+00
2.300000E+00	-2.790000E+00	3.610000E+00
2.400000E+00	-2.590000E+00	3.780000E+00
2.500000E+00	-2.360000E+00	3.730000E+00
2.600000E+00	-2.220000E+00	3.610000E+00
2.700000E+00	-2.130000E+00	3.510000E+00
2.800000E+00	-2.080000E+00	3.420000E+00
2.900000E+00	-2.050000E+00	3.330000E+00
3.000000E+00	-2.040000E+00	3.270000E+00
3.100000E+00	-2.030000E+00	3.220000E+00
3.200000E+00	-2.050000E+00	3.180000E+00
3.300000E+00	-2.060000E+00	3.180000E+00
3.400000E+00	-2.060000E+00	3.190000E+00
3.500000E+00	-2.060000E+00	3.210000E+00
3.600000E+00	-2.050000E+00	3.240000E+00
3.700000E+00	-2.040000E+00	3.270000E+00
3.800000E+00	-2.040000E+00	3.310000E+00
3.900000E+00	-2.040000E+00	3.400000E+00
4.000000E+00	-2.010000E+00	3.510000E+00
4.100000E+00	-1.910000E+00	3.670000E+00
4.200000E+00	-1.770000E+00	3.770000E+00
4.300000E+00	-1.590000E+00	3.860000E+00
4.400000E+00	-1.390000E+00	3.880000E+00
4.500000E+00	-1.210000E+00	3.870000E+00
4.600000E+00	-1.060000E+00	3.840000E+00
4.700000E+00	-9.000000E-01	3.810000E+00
4.800000E+00	-7.500000E-01	3.760000E+00
4.900000E+00	-6.100000E-01	3.700000E+00
5.000000E+00	-4.600000E-01	3.620000E+00
5.100000E+00	-3.300000E-01	3.530000E+00
5.200000E+00	-2.200000E-01	3.420000E+00
5.300000E+00	-1.300000E-01	3.310000E+00
5.400000E+00	-6.000000E-02	3.200000E+00
5.500000E+00	0.000000E+00	3.090000E+00
5.600000E+00	4.100000E-02	2.990000E+00
5.700000E+00	7.600000E-02	2.890000E+00
5.800000E+00	1.050000E-01	2.800000E+00
5.900000E+00	1.270000E-01	2.720000E+00
6.000000E+00	1.500000E-01	2.640000E+00
6.100000E+00	1.640000E-01	2.570000E+00
6.200000E+00	1.870000E-01	2.500000E+00
6.300000E+00	2.020000E-01	2.430000E+00
6.400000E+00	2.110000E-01	2.360000E+00
6.500000E+00	2.170000E-01	2.300000E+00
6.600000E+00	2.210000E-01	2.240000E+00
6.700000E+00	2.230000E-01	2.180000E+00
6.800000E+00	2.160000E-01	2.120000E+00
6.900000E+00	2.090000E-01	2.080000E+00
7.000000E+00	2.020000E-01	2.040000E+00
7.100000E+00	1.920000E-01	2.000000E+00
7.200000E+00	1.870000E-01	1.980000E+00
7.300000E+00	1.840000E-01	1.960000E+00
7.400000E+00	1.920000E-01	1.950000E+00
7.500000E+00	2.190000E-01	1.930000E+00
7.600000E+00	2.550000E-01	1.900000E+00
7.700000E+00	2.740000E-01	1.850000E+00
7.800000E+00	2.890000E-01	1.810000E+00
7.900000E+00	3.030000E-01	1.770000E+00
8.000000E+00	3.150000E-01	1.730000E+00
8.200000E+00	3.280000E-01	1.650000E+00
8.400000E+00	3.410000E-01	1.570000E+00
8.600000E+00	3.510000E-01	1.490000E+00
8.800000E+00	3.530000E-01	1.410000E+00
9.000000E+00	3.480000E-01	1.330000E+00
9.200000E+00	3.300000E-01	1.250000E+00
9.400000E+00	3.150000E-01	1.190000E+00
9.600000E+00	2.930000E-01	1.120000E+00
9.800000E+00	2.650000E-01	1.050000E+00
1.000000E+01	2.300000E-01	9.870000E-01
1.020000E+01	1.880000E-01	9.300000E-01
1.040000E+01	1.410000E-01	8.810000E-01
1.060000E+01	9.100000E-02	8.350000E-01
1.080000E+01	2.300000E-02	7.910000E-01
1.100000E+01	-5.000000E-02	7.740000E-01
1.120000E+01	-1.200000E-01	7.820000E-01
1.140000E+01	-1.800000E-01	8.020000E-01
1.160000E+01	-2.300000E-01	8.450000E-01
1.180000E+01	-2.500000E-01	8.860000E-01
1.200000E+01	-2.600000E-01	9.210000E-01
1.220000E+01	-2.600000E-01	9.530000E-01
1.240000E+01	-2.500000E-01	9.750000E-01
1.260000E+01	-2.400000E-01	9.930000E-01
1.280000E+01	-2.300000E-01	1.010000E+00
1.300000E+01	-2.100000E-01	1.020000E+00
1.320000E+01	-2.000000E-01	1.030000E+00
1.340000E+01	-1.800000E-01	1.020000E+00
1.360000E+01	-1.700000E-01	1.020000E+00
1.380000E+01	-1.500000E-01	1.020000E+00
1.400000E+01	-1.500000E-01	1.010000E+00
1.420000E+01	-1.400000E-01	1.010000E+00
1.440000E+01	-1.300000E-01	9.970000E-01
1.460000E+01	-1.300000E-01	9.900000E-01
1.480000E+01	-1.400000E-01	9.870000E-01
1.500000E+01	-1.400000E-01	9.870000E-01
1.520000E+01	-1.400000E-01	9.890000E-01
1.540000E+01	-1.500000E-01	9.940000E-01
1.560000E+01	-1.500000E-01	1.010000E+00
1.580000E+01	-1.500000E-01	1.020000E+00
1.600000E+01	-1.400000E-01	1.040000E+00
1.620000E+01	-1.300000E-01	1.060000E+00
1.640000E+01	-1.200000E-01	1.080000E+00
1.660000E+01	-1.000000E-01	1.100000E+00
1.680000E+01	-7.000000E-02	1.110000E+00
1.700000E+01	-4.000000E-02	1.120000E+00
1.720000E+01	-1.000000E-02	1.130000E+00
1.740000E+01	2.200000E-02	1.140000E+00
1.760000E+01	6.000000E-02	1.140000E+00
1.780000E+01	9.700000E-02	1.130000E+00
1.800000E+01	1.340000E-01	1.120000E+00
1.820000E+01	1.670000E-01	1.110000E+00
1.840000E+01	2.010000E-01	1.100000E+00
1.860000E+01	2.340000E-01	1.080000E+00
1.880000E+01	2.630000E-01	1.050000E+00
1.900000E+01	2.880000E-01	1.020000E+00
1.920000E+01	3.090000E-01	9.960000E-01
1.940000E+01	3.260000E-01	9.680000E-01
1.960000E+01	3.400000E-01	9.400000E-01
1.980000E+01	3.520000E-01	9.130000E-01
2.000000E+01	3.610000E-01	8.870000E-01
2.020000E+01	3.680000E-01	8.620000E-01
2.040000E+01	3.740000E-01	8.380000E-01
2.060000E+01	3.790000E-01	8.150000E-01
2.080000E+01	3.840000E-01	7.940000E-01
2.100000E+01	3.880000E-01	7.730000E-01
2.120000E+01	3.900000E-01	7.520000E-01
2.140000E+01	3.910000E-01	7.330000E-01
2.160000E+01	3.920000E-01	7.150000E-01
2.180000E+01	3.930000E-01	7.000000E-01
2.200000E+01	3.980000E-01	6.850000E-01
2.220000E+01	4.040000E-01	6.680000E-01
2.240000E+01	4.060000E-01	6.500000E-01
2.260000E+01	4.110000E-01	6.330000E-01
2.280000E+01	4.140000E-01	6.140000E-01
2.300000E+01	4.180000E-01	5.950000E-01
2.320000E+01	4.210000E-01	5.750000E-01
2.340000E+01	4.210000E-01	5.530000E-01
2.360000E+01	4.210000E-01	5.320000E-01
2.380000E+01	4.190000E-01	5.110000E-01
2.400000E+01	4.170000E-01	4.910000E-01
2.420000E+01	4.120000E-01	4.680000E-01
2.440000E+01	4.040000E-01	4.470000E-01
2.460000E+01	3.970000E-01	4.290000E-01
2.480000E+01	3.880000E-01	4.100000E-01
2.500000E+01	3.760000E-01	3.930000E-01
2.520000E+01	3.640000E-01	3.800000E-01
2.540000E+01	3.550000E-01	3.670000E-01
2.560000E+01	3.440000E-01	3.530000E-01
2.580000E+01	3.340000E-01	3.410000E-01
2.600000E+01	3.200000E-01	3.290000E-01
2.625000E+01	3.060000E-01	3.190000E-01
2.650000E+01	2.940000E-01	3.080000E-01
2.675000E+01	2.790000E-01	2.980000E-01
2.700000E+01	2.660000E-01	2.890000E-01
2.725000E+01	2.500000E-01	2.810000E-01
2.750000E+01	2.360000E-01	2.760000E-01
2.775000E+01	2.240000E-01	2.720000E-01
2.800000E+01	2.120000E-01	2.690000E-01
2.825000E+01	2.010000E-01	2.650000E-01
2.850000E+01	1.890000E-01	2.630000E-01
2.875000E+01	1.780000E-01	2.610000E-01
2.900000E+01	1.680000E-01	2.590000E-01
2.975000E+01	6.699242E-02	2.560155E-01
3.023100E+01	3.969640E-02	2.627655E-01
3.072000E+01	1.824194E-02	2.785028E-01
3.100000E+01	9.454838E-03	2.880223E-01
3.125000E+01	5.444643E-03	2.980226E-01
3.175000E+01	-2.551214E-04	3.150081E-01
3.200000E+01	1.248318E-03	3.229893E-01
3.240000E+01	5.355125E-03	3.311171E-01
3.280000E+01	9.768325E-03	3.301471E-01
3.320000E+01	4.497076E-03	3.231367E-01
3.340000E+01	-2.997046E-03	3.209007E-01
3.350000E+01	-8.756301E-03	3.220477E-01
3.380000E+01	-2.094772E-02	3.340747E-01
3.400000E+01	-2.416290E-02	3.439515E-01
3.455000E+01	-2.069338E-02	3.658938E-01
3.460000E+01	-1.900359E-02	3.679452E-01
3.480000E+01	-1.506705E-02	3.730769E-01
3.500000E+01	-1.333731E-02	3.749509E-01
3.556600E+01	-6.185742E-03	3.826527E-01
3.614100E+01	-9.832401E-04	3.905115E-01
3.672600E+01	4.907438E-03	3.985248E-01
3.732000E+01	1.209571E-02	4.066975E-01
3.792400E+01	2.110835E-02	4.150529E-01
3.853700E+01	3.163854E-02	4.224318E-01
3.916000E+01	4.500851E-02	4.289870E-01
3.979400E+01	6.344286E-02	4.356070E-01
4.043700E+01	8.207284E-02	4.339031E-01
4.109100E+01	9.777766E-02	4.282266E-01
4.311800E+01	1.348853E-01	4.116313E-01
4.381500E+01	1.490839E-01	4.062496E-01
4.452400E+01	1.630190E-01	3.972441E-01
4.524400E+01	1.744817E-01	3.871812E-01
4.671900E+01	1.944374E-01	3.678108E-01
4.747500E+01	2.051402E-01	3.585008E-01
4.824300E+01	2.162605E-01	3.476705E-01
5.062200E+01	2.446231E-01	3.069071E-01
5.227200E+01	2.600844E-01	2.727332E-01
5.311800E+01	2.658826E-01	2.568561E-01
5.397700E+01	2.697739E-01	2.347474E-01
5.485000E+01	2.708938E-01	2.138512E-01
5.573700E+01	2.677964E-01	1.948230E-01
5.663900E+01	2.633525E-01	1.774809E-01
5.848600E+01	2.517174E-01	1.472986E-01
5.943200E+01	2.449050E-01	1.341867E-01
6.050000E+01	2.356715E-01	1.209892E-01
6.075000E+01	2.346687E-01	1.253655E-01
6.100000E+01	2.388463E-01	1.201646E-01
6.125000E+01	2.350298E-01	1.090048E-01
6.150000E+01	2.292367E-01	1.108431E-01
6.175000E+01	2.304519E-01	1.116965E-01
6.200000E+01	2.292861E-01	1.031363E-01
6.225000E+01	2.245550E-01	1.018961E-01
6.250000E+01	2.228638E-01	1.032091E-01
6.275000E+01	2.252840E-01	1.022696E-01
6.300000E+01	2.237776E-01	9.423749E-02
6.325000E+01	2.203020E-01	9.224172E-02
6.350000E+01	2.175636E-01	9.197222E-02
6.375000E+01	2.171965E-01	8.899104E-02
6.400000E+01	2.160525E-01	8.868079E-02
6.425000E+01	2.114447E-01	7.964115E-02
6.450000E+01	2.107106E-01	9.042096E-02
6.475000E+01	2.138558E-01	8.045520E-02
6.500000E+01	2.101141E-01	7.630635E-02
6.525000E+01	2.066825E-01	7.488196E-02
6.550000E+01	2.039452E-01	7.298012E-02
6.575000E+01	2.028873E-01	7.403124E-02
6.599900E+01	2.022206E-01	7.071540E-02
6.625000E+01	2.007013E-01	6.936800E-02
6.675000E+01	1.982803E-01	6.598679E-02
6.750000E+01	1.932883E-01	5.881187E-02
6.775000E+01	1.920856E-01	5.779589E-02
6.800000E+01	1.906472E-01	5.510459E-02
6.850000E+01	1.867641E-01	5.168326E-02
6.875000E+01	1.848760E-01	4.936938E-02
6.900000E+01	1.826395E-01	4.771619E-02
6.925000E+01	1.806605E-01	4.680162E-02
6.950000E+01	1.787691E-01	4.470553E-02
6.975000E+01	1.765191E-01	4.396103E-02
7.000000E+01	1.746119E-01	4.262697E-02
7.025000E+01	1.730315E-01	4.229013E-02
7.050000E+01	1.719663E-01	4.084245E-02
7.075000E+01	1.701095E-01	3.894679E-02
7.100000E+01	1.683532E-01	3.810823E-02
7.125000E+01	1.662001E-01	3.626404E-02
7.150000E+01	1.638743E-01	3.557142E-02
7.175000E+01	1.621084E-01	3.549116E-02
7.200000E+01	1.609250E-01	3.445497E-02
7.225000E+01	1.593143E-01	3.364872E-02
7.250000E+01	1.577305E-01	3.247150E-02
7.275000E+01	1.559310E-01	3.213112E-02
7.325000E+01	1.532666E-01	3.026750E-02
7.350000E+01	1.515639E-01	2.985687E-02
7.375000E+01	1.503433E-01	2.912649E-02
7.400000E+01	1.487731E-01	2.822956E-02
7.425000E+01	1.472685E-01	2.767870E-02
7.450000E+01	1.459080E-01	2.740338E-02
7.500000E+01	1.433727E-01	2.576487E-02
7.600000E+01	1.385012E-01	2.318695E-02
7.700000E+01	1.335647E-01	2.064257E-02
7.725000E+01	1.322874E-01	2.000399E-02
7.750000E+01	1.311046E-01	1.949153E-02
7.850000E+01	1.261167E-01	1.732556E-02
7.875000E+01	1.249970E-01	1.688192E-02
7.950000E+01	1.213926E-01	1.544888E-02
8.100000E+01	1.145566E-01	1.318531E-02
8.175000E+01	1.113613E-01	1.228865E-02
8.200000E+01	1.102698E-01	1.195454E-02
8.225000E+01	1.092808E-01	1.173191E-02
8.275000E+01	1.071971E-01	1.121282E-02
8.425000E+01	1.014924E-01	9.973879E-03
8.500000E+01	9.894561E-02	9.487684E-03
8.525000E+01	9.797743E-02	9.127838E-03
8.600000E+01	9.533900E-02	8.736573E-03
8.650000E+01	9.371497E-02	8.445320E-03
8.675000E+01	9.285301E-02	8.383810E-03
8.700000E+01	9.213353E-02	8.237142E-03
8.725000E+01	9.131059E-02	8.158695E-03
8.750000E+01	9.050707E-02	7.993379E-03
8.925000E+01	8.550750E-02	7.311720E-03
9.000100E+01	8.346524E-02	6.987496E-03
9.100100E+01	8.081478E-02	6.658877E-03
9.125000E+01	8.021000E-02	6.598731E-03
9.150000E+01	7.957195E-02	6.511055E-03
9.175000E+01	7.898685E-02	6.456220E-03
9.225000E+01	7.774912E-02	6.274390E-03
9.250000E+01	7.717466E-02	6.217306E-03
9.275000E+01	7.656421E-02	6.128421E-03
9.325000E+01	7.540017E-02	5.996887E-03
9.375000E+01	7.424650E-02	5.895426E-03
9.400000E+01	7.370723E-02	5.821148E-03
9.425000E+01	7.312791E-02	5.775401E-03
9.500000E+01	7.151319E-02	5.591645E-03
9.550000E+01	7.043239E-02	5.524536E-03
9.600000E+01	6.939889E-02	5.420681E-03
9.700000E+01	6.737020E-02	5.280874E-03
9.725000E+01	6.689826E-02	5.264959E-03
9.775000E+01	6.594308E-02	5.187676E-03
9.950000E+01	6.274327E-02	5.033104E-03
1.000000E+02	6.187905E-02	4.962153E-03
1.010000E+02	6.020978E-02	4.978179E-03
1.015000E+02	5.941239E-02	4.885552E-03
1.020000E+02	5.859801E-02	4.849651E-03
1.025000E+02	5.781345E-02	4.913786E-03
1.030000E+02	5.709541E-02	4.842896E-03
1.035000E+02	5.636380E-02	4.893873E-03
1.040000E+02	5.568847E-02	4.814282E-03
1.045000E+02	5.495070E-02	4.789341E-03
1.050000E+02	5.426846E-02	4.794282E-03
1.055000E+02	5.358080E-02	4.765998E-03
1.060000E+02	5.292330E-02	4.761997E-03
1.065000E+02	5.228744E-02	4.778876E-03
1.070000E+02	5.168040E-02	4.721595E-03
1.075000E+02	5.105181E-02	4.718263E-03
1.080000E+02	5.042883E-02	4.661431E-03
1.085000E+02	4.981514E-02	4.701431E-03
1.090000E+02	4.926258E-02	4.693319E-03
1.095000E+02	4.871064E-02	4.643193E-03
1.115000E+02	4.646759E-02	4.562260E-03
1.120000E+02	4.593751E-02	4.518801E-03
1.125000E+02	4.541848E-02	4.522318E-03
1.135000E+02	4.435785E-02	4.488551E-03
1.140000E+02	4.387450E-02	4.516513E-03
1.145000E+02	4.338778E-02	4.484560E-03
1.155000E+02	4.243790E-02	4.526025E-03
1.160000E+02	4.199740E-02	4.499229E-03
1.165000E+02	4.155963E-02	4.494515E-03
1.170000E+02	4.110522E-02	4.468757E-03
1.180000E+02	4.024980E-02	4.499216E-03
1.185000E+02	3.983227E-02	4.462585E-03
1.190000E+02	3.943279E-02	4.476593E-03
1.195000E+02	3.901696E-02	4.466720E-03
1.200000E+02	3.867717E-02	4.480458E-03
1.215000E+02	3.758156E-02	4.392339E-03
1.220000E+02	3.719704E-02	4.314596E-03
1.230000E+02	3.640795E-02	4.260771E-03
1.240000E+02	3.567381E-02	4.230219E-03
1.250000E+02	3.493300E-02	4.223542E-03
1.260000E+02	3.424725E-02	4.181512E-03
1.280000E+02	3.302644E-02	4.240983E-03
1.290000E+02	3.240233E-02	4.098831E-03
1.300000E+02	3.173859E-02	4.077803E-03
1.310000E+02	3.115043E-02	4.108122E-03
1.320000E+02	3.059411E-02	4.054220E-03
1.340000E+02	2.947626E-02	3.994327E-03
1.350000E+02	2.892010E-02	3.930527E-03
1.360000E+02	2.840568E-02	3.953122E-03
1.380000E+02	2.734725E-02	3.883175E-03
1.390000E+02	2.688664E-02	3.911802E-03
1.400000E+02	2.643411E-02	3.879314E-03
1.410000E+02	2.594726E-02	3.786741E-03
1.420000E+02	2.546488E-02	3.859244E-03
1.430000E+02	2.505169E-02	3.817113E-03
1.440000E+02	2.461556E-02	3.834740E-03
1.460000E+02	2.381118E-02	3.764979E-03
1.470000E+02	2.339232E-02	3.787260E-03
1.480000E+02	2.302085E-02	3.784818E-03
1.490000E+02	2.265523E-02	3.755062E-03
1.510000E+02	2.192549E-02	3.750525E-03
1.520000E+02	2.159591E-02	3.719487E-03
1.530000E+02	2.126174E-02	3.710057E-03
1.540000E+02	2.093998E-02	3.668359E-03
1.560000E+02	2.030493E-02	3.633485E-03
1.600000E+02	1.908857E-02	3.492876E-03
1.610000E+02	1.879088E-02	3.448770E-03
1.620000E+02	1.848897E-02	3.434075E-03
1.630000E+02	1.822294E-02	3.382765E-03
1.670000E+02	1.707872E-02	3.282324E-03
1.680000E+02	1.681814E-02	3.228665E-03
1.690000E+02	1.655479E-02	3.251305E-03
1.700000E+02	1.632089E-02	3.201712E-03
1.720000E+02	1.581374E-02	3.163942E-03
1.730000E+02	1.558721E-02	3.117736E-03
1.750000E+02	1.509748E-02	3.072680E-03
1.760000E+02	1.487511E-02	3.020620E-03
1.790000E+02	1.416440E-02	2.987308E-03
1.810000E+02	1.371702E-02	2.906026E-03
1.820000E+02	1.349608E-02	2.907093E-03
1.830000E+02	1.328308E-02	2.884239E-03
1.840000E+02	1.308564E-02	2.884003E-03
1.850000E+02	1.288407E-02	2.833693E-03
1.860000E+02	1.264919E-02	2.799222E-03
1.870000E+02	1.240256E-02	2.793473E-03
1.880000E+02	1.222638E-02	2.862119E-03
1.900000E+02	1.188365E-02	2.841185E-03
1.910000E+02	1.171889E-02	2.822159E-03
1.920000E+02	1.154337E-02	2.788408E-03
1.930000E+02	1.137228E-02	2.772148E-03
1.950000E+02	1.101077E-02	2.708030E-03
1.970000E+02	1.065754E-02	2.679028E-03
2.000000E+02	1.012095E-02	2.614819E-03
2.010000E+02	9.977447E-03	2.621423E-03
2.030000E+02	9.634966E-03	2.551601E-03
2.040000E+02	9.476038E-03	2.546799E-03
2.050000E+02	9.307037E-03	2.513190E-03
2.060000E+02	9.164681E-03	2.503203E-03
2.120000E+02	8.174690E-03	2.391016E-03
2.150000E+02	7.702842E-03	2.355312E-03
2.160000E+02	7.539916E-03	2.326742E-03
2.180000E+02	7.217934E-03	2.308394E-03
2.200000E+02	6.901070E-03	2.270444E-03
2.220000E+02	6.576580E-03	2.247990E-03
2.230000E+02	6.404294E-03	2.223525E-03
2.250000E+02	6.045335E-03	2.195157E-03
2.260000E+02	5.854116E-03	2.194527E-03
2.270000E+02	5.611374E-03	2.167953E-03
2.280000E+02	5.451707E-03	2.340704E-03
2.290000E+02	5.336610E-03	2.305744E-03
2.300000E+02	5.148625E-03	2.291328E-03
2.310000E+02	4.977668E-03	2.379563E-03
2.320000E+02	4.859076E-03	2.396899E-03
2.330000E+02	4.701191E-03	2.394093E-03
2.340000E+02	4.544774E-03	2.421396E-03
2.350000E+02	4.384449E-03	2.433283E-03
2.360000E+02	4.218431E-03	2.432518E-03
2.370000E+02	4.013717E-03	2.443703E-03
2.400000E+02	3.399885E-03	2.650741E-03
2.410000E+02	3.242383E-03	2.786633E-03
2.420000E+02	3.111029E-03	2.862234E-03
2.430000E+02	2.966025E-03	2.966324E-03
2.440000E+02	2.860803E-03	3.089151E-03
2.450000E+02	2.810363E-03	3.186642E-03
2.460000E+02	2.617760E-03	3.170998E-03
2.499800E+02	2.053694E-03	3.310209E-03
2.510000E+02	1.849763E-03	3.346556E-03
2.530000E+02	1.460878E-03	3.566929E-03
2.550000E+02	1.078624E-03	3.854401E-03
2.580000E+02	5.985320E-04	4.439074E-03
2.600000E+02	3.742318E-04	4.912730E-03
2.620000E+02	2.434343E-04	5.388052E-03
2.630000E+02	2.038407E-04	5.669097E-03
2.660000E+02	3.465290E-04	6.389224E-03
2.670000E+02	4.363542E-04	6.599025E-03
2.690000E+02	6.089948E-04	6.878847E-03
2.740000E+02	1.140114E-03	7.424966E-03
2.760000E+02	1.386078E-03	7.577336E-03
2.780000E+02	1.615106E-03	7.609201E-03
2.810000E+02	1.838392E-03	7.563867E-03
2.830000E+02	1.920962E-03	7.557089E-03
2.875800E+02	2.052881E-03	7.579818E-03
2.922300E+02	2.159048E-03	7.602565E-03
2.950000E+02	2.183969E-03	7.616174E-03
2.990000E+02	2.227288E-03	7.714437E-03
3.000000E+02	2.260576E-03	7.687615E-03
3.010000E+02	2.273106E-03	7.761826E-03
3.030000E+02	2.255842E-03	7.776046E-03
3.040000E+02	2.331438E-03	7.915063E-03
3.050000E+02	2.404145E-03	7.829083E-03
3.070000E+02	2.413340E-03	7.932067E-03
3.090000E+02	2.484873E-03	7.982272E-03
3.100000E+02	2.574141E-03	8.034201E-03
3.140000E+02	2.811338E-03	8.056442E-03
3.190000E+02	3.116405E-03	7.983708E-03
3.230000E+02	3.360771E-03	7.877310E-03
3.240000E+02	3.379918E-03	7.800167E-03
3.270000E+02	3.463406E-03	7.656463E-03
3.310000E+02	3.504612E-03	7.484617E-03
3.350000E+02	3.507122E-03	7.380496E-03
3.380000E+02	3.561243E-03	7.328881E-03
3.430000E+02	3.657356E-03	7.193304E-03
3.440000E+02	3.681741E-03	7.134759E-03
3.495600E+02	3.635052E-03	6.977147E-03
3.500000E+02	3.663752E-03	6.965020E-03
3.540000E+02	3.678285E-03	6.894098E-03
3.597300E+02	3.737019E-03	6.697710E-03
3.630000E+02	3.732970E-03	6.589978E-03
3.670000E+02	3.694971E-03	6.505115E-03
3.700000E+02	3.706228E-03	6.420367E-03
3.707500E+02	3.653356E-03	6.320239E-03
3.710100E+02	3.671967E-03	6.351788E-03
3.715000E+02	3.634143E-03	6.336323E-03
3.717500E+02	3.663751E-03	6.346328E-03
3.722500E+02	3.634485E-03	6.303490E-03
3.727500E+02	3.626965E-03	6.284049E-03
3.735000E+02	3.570331E-03	6.294907E-03
3.752500E+02	3.571589E-03	6.254825E-03
3.760000E+02	3.513332E-03	6.249879E-03
3.762500E+02	3.535792E-03	6.231599E-03
3.765000E+02	3.466330E-03	6.251662E-03
3.785100E+02	3.504170E-03	6.236892E-03
3.787500E+02	3.437576E-03	6.256375E-03
3.795000E+02	3.460779E-03	6.215427E-03
3.797400E+02	3.394575E-03	6.249814E-03
3.802500E+02	3.423635E-03	6.237029E-03
3.804900E+02	3.373584E-03	6.274287E-03
3.809900E+02	3.342233E-03	6.250531E-03
3.830000E+02	3.379762E-03	6.268147E-03
3.835000E+02	3.361051E-03	6.226603E-03
3.837600E+02	3.294757E-03	6.264924E-03
3.860000E+02	3.344910E-03	6.243970E-03
3.865000E+02	3.264755E-03	6.242895E-03
3.867400E+02	3.268082E-03	6.271743E-03
3.877500E+02	3.199409E-03	6.261131E-03
3.882500E+02	3.167455E-03	6.279568E-03
3.887500E+02	3.119591E-03	6.267806E-03
3.895000E+02	3.031652E-03	6.327483E-03
3.900000E+02	2.973099E-03	6.338838E-03
3.912500E+02	2.744906E-03	6.527637E-03
3.917500E+02	2.650153E-03	6.669172E-03
3.922500E+02	2.569673E-03	6.873939E-03
3.927500E+02	2.511713E-03	7.148607E-03
3.930000E+02	2.538640E-03	7.357856E-03
3.932500E+02	2.596209E-03	7.538595E-03
3.934900E+02	2.725289E-03	7.770006E-03
3.937500E+02	2.932966E-03	7.937684E-03
3.939900E+02	3.162278E-03	8.042042E-03
3.942600E+02	3.415786E-03	8.092935E-03
3.945000E+02	3.652139E-03	8.104929E-03
3.947500E+02	3.887151E-03	8.072573E-03
3.952500E+02	4.318088E-03	7.842515E-03
3.955000E+02	4.459367E-03	7.684175E-03
3.957600E+02	4.528754E-03	7.491184E-03
3.967500E+02	4.615821E-03	6.962288E-03
3.970000E+02	4.629613E-03	6.878747E-03
3.972500E+02	4.612320E-03	6.756252E-03
3.977500E+02	4.572831E-03	6.604798E-03
3.990000E+02	4.376762E-03	6.367737E-03
4.002600E+02	4.221136E-03	6.251116E-03
4.014900E+02	4.076197E-03	6.220814E-03
4.017600E+02	4.073455E-03	6.236247E-03
4.022500E+02	4.033256E-03	6.230338E-03
4.032500E+02	3.984505E-03	6.282537E-03
4.035000E+02	3.997733E-03	6.311625E-03
4.037500E+02	3.994408E-03	6.312746E-03
4.040000E+02	4.032195E-03	6.344690E-03
4.047500E+02	4.101329E-03	6.348142E-03
4.055000E+02	4.128585E-03	6.286026E-03
4.062500E+02	4.145181E-03	6.232081E-03
4.065000E+02	4.128331E-03	6.232698E-03
4.075000E+02	4.128827E-03	6.148452E-03
4.085000E+02	4.047271E-03	6.109393E-03
4.092600E+02	3.986136E-03	6.147599E-03
4.095100E+02	3.962320E-03	6.141148E-03
4.102600E+02	3.916376E-03	6.299927E-03
4.112600E+02	4.100651E-03	6.588234E-03
4.117700E+02	4.308392E-03	6.603164E-03
4.124900E+02	4.539811E-03	6.464173E-03
4.129900E+02	4.663138E-03	6.339579E-03
4.132500E+02	4.692681E-03	6.240367E-03
4.145000E+02	4.657484E-03	5.939198E-03
4.147500E+02	4.643147E-03	5.915361E-03
4.150000E+02	4.591935E-03	5.846983E-03
4.167500E+02	4.471364E-03	5.659983E-03
4.177400E+02	4.406184E-03	5.627876E-03
4.180000E+02	4.400704E-03	5.600162E-03
4.197500E+02	4.250600E-03	5.578114E-03
4.200000E+02	4.235533E-03	5.594746E-03
4.205000E+02	4.228961E-03	5.583446E-03
4.207500E+02	4.234409E-03	5.653608E-03
4.210000E+02	4.223653E-03	5.594597E-03
4.215000E+02	4.241713E-03	5.622077E-03
4.227500E+02	4.307801E-03	5.592090E-03
4.230000E+02	4.302958E-03	5.542312E-03
4.232500E+02	4.292209E-03	5.561392E-03
4.235000E+02	4.293787E-03	5.534647E-03
4.240000E+02	4.296434E-03	5.542962E-03
4.245000E+02	4.277501E-03	5.492435E-03
4.247500E+02	4.298890E-03	5.514352E-03
4.250100E+02	4.302673E-03	5.473886E-03
4.257500E+02	4.291138E-03	5.426383E-03
4.270000E+02	4.258789E-03	5.405069E-03
4.272500E+02	4.222130E-03	5.381335E-03
4.292500E+02	4.151975E-03	5.352626E-03
4.295000E+02	4.173702E-03	5.362668E-03
4.317500E+02	4.134576E-03	5.315681E-03
4.320000E+02	4.138780E-03	5.325850E-03
4.322500E+02	4.114622E-03	5.308115E-03
4.325000E+02	4.142194E-03	5.356253E-03
4.327500E+02	4.144245E-03	5.307641E-03
4.330000E+02	4.177600E-03	5.295158E-03
4.342500E+02	4.106770E-03	5.300764E-03
4.350000E+02	4.110115E-03	5.278302E-03
4.352500E+02	4.077436E-03	5.298103E-03
4.360000E+02	4.082228E-03	5.281052E-03
4.375000E+02	4.100865E-03	5.287333E-03
4.377500E+02	4.079598E-03	5.270239E-03
4.392500E+02	4.072830E-03	5.304539E-03
4.450000E+02	4.230385E-03	5.262627E-03
4.490000E+02	4.320212E-03	5.148916E-03
4.500000E+02	4.370347E-03	5.154830E-03
4.510000E+02	4.375293E-03	5.032390E-03
4.530000E+02	4.403854E-03	4.960089E-03
4.540000E+02	4.412743E-03	4.901429E-03
4.550000E+02	4.376097E-03	4.810189E-03
4.560000E+02	4.367539E-03	4.823716E-03
4.580000E+02	4.349257E-03	4.772210E-03
4.600000E+02	4.349276E-03	4.693047E-03
4.610000E+02	4.348290E-03	4.680393E-03
4.620000E+02	4.314597E-03	4.626859E-03
4.670000E+02	4.270264E-03	4.452821E-03
4.680000E+02	4.268358E-03	4.435022E-03
4.690000E+02	4.227099E-03	4.384022E-03
4.700000E+02	4.216124E-03	4.419137E-03
4.710000E+02	4.248977E-03	4.409147E-03
4.720000E+02	4.212368E-03	4.313611E-03
4.750000E+02	4.194345E-03	4.254795E-03
4.760000E+02	4.144597E-03	4.216482E-03
4.780000E+02	4.102839E-03	4.205033E-03
4.790000E+02	4.116699E-03	4.248478E-03
4.800000E+02	4.167573E-03	4.167382E-03
4.840000E+02	4.022849E-03	4.081261E-03
4.850000E+02	4.019600E-03	4.044933E-03
4.860000E+02	4.031294E-03	4.121929E-03
4.870000E+02	4.044719E-03	4.012336E-03
4.880000E+02	4.022043E-03	4.049474E-03
4.890000E+02	4.024438E-03	3.988997E-03
4.900000E+02	4.035972E-03	3.991851E-03
4.930000E+02	3.966843E-03	3.900194E-03
4.960000E+02	3.908955E-03	3.882222E-03
4.970000E+02	3.897172E-03	3.861969E-03
4.980000E+02	3.891325E-03	3.858399E-03
4.990000E+02	3.867768E-03	3.837987E-03
5.010000E+02	3.838004E-03	3.846445E-03
5.020000E+02	3.846024E-03	3.863364E-03
5.030000E+02	3.849414E-03	3.805974E-03
5.040000E+02	3.819209E-03	3.826681E-03
5.050000E+02	3.839580E-03	3.823137E-03
5.060000E+02	3.830625E-03	3.800456E-03
5.070000E+02	3.799216E-03	3.754055E-03
5.080000E+02	3.783076E-03	3.830967E-03
5.090000E+02	3.812351E-03	3.788329E-03
5.100000E+02	3.808107E-03	3.801488E-03
5.110000E+02	3.809275E-03	3.769890E-03
5.130000E+02	3.785166E-03	3.748099E-03
5.150000E+02	3.769803E-03	3.756157E-03
5.160000E+02	3.789190E-03	3.802784E-03
5.170000E+02	3.825574E-03	3.745812E-03
5.180000E+02	3.813943E-03	3.742714E-03
5.190000E+02	3.817777E-03	3.720440E-03
5.210000E+02	3.862185E-03	3.729982E-03
5.220000E+02	3.849021E-03	3.656416E-03
5.230000E+02	3.845128E-03	3.687631E-03
5.240000E+02	3.850239E-03	3.648652E-03
5.250000E+02	3.844714E-03	3.645015E-03
5.260000E+02	3.862016E-03	3.665948E-03
5.270000E+02	3.877093E-03	3.609296E-03
5.280000E+02	3.910236E-03	3.643294E-03
5.290000E+02	3.907139E-03	3.515967E-03
5.300000E+02	3.841497E-03	3.520783E-03
5.310000E+02	3.869308E-03	3.598799E-03
5.320000E+02	3.919498E-03	3.528515E-03
5.330000E+02	3.947842E-03	3.502391E-03
5.340000E+02	3.926878E-03	3.421023E-03
5.350000E+02	3.861630E-03	3.374936E-03
5.360000E+02	3.894094E-03	3.520294E-03
5.370000E+02	3.954607E-03	3.361477E-03
5.380000E+02	3.911097E-03	3.334353E-03
5.390000E+02	3.872441E-03	3.284313E-03
5.400000E+02	3.849030E-03	3.323474E-03
5.410000E+02	3.851554E-03	3.289633E-03
5.420000E+02	3.870861E-03	3.327390E-03
5.430100E+02	3.909318E-03	3.249756E-03
5.440000E+02	3.914939E-03	3.215119E-03
5.450000E+02	3.823460E-03	3.055766E-03
5.460000E+02	3.902746E-03	3.199159E-03
5.490000E+02	3.839414E-03	3.134269E-03
5.500000E+02	3.812624E-03	3.058533E-03
5.510000E+02	3.763760E-03	3.087859E-03
5.540000E+02	3.816013E-03	3.016540E-03
5.550000E+02	3.753696E-03	2.964982E-03
5.560000E+02	3.734208E-03	2.966463E-03
5.570000E+02	3.716828E-03	2.995515E-03
5.580000E+02	3.730595E-03	2.916884E-03
5.590000E+02	3.679544E-03	2.947562E-03
5.600000E+02	3.663459E-03	2.895242E-03
5.620000E+02	3.658533E-03	2.956566E-03
5.629900E+02	3.666985E-03	2.899803E-03
5.640000E+02	3.647064E-03	2.932443E-03
5.650000E+02	3.674955E-03	2.880037E-03
5.660000E+02	3.636904E-03	2.873039E-03
5.670000E+02	3.641798E-03	2.848085E-03
5.690100E+02	3.576307E-03	2.835225E-03
5.700000E+02	3.597451E-03	2.837883E-03
5.720000E+02	3.557633E-03	2.871766E-03
5.800000E+02	3.649112E-03	2.632357E-03
5.820000E+02	3.558399E-03	2.624070E-03
5.840000E+02	3.508572E-03	2.569761E-03
5.860000E+02	3.453686E-03	2.588754E-03
5.899900E+02	3.415754E-03	2.588349E-03
6.000000E+02	3.410506E-03	2.514476E-03
6.020000E+02	3.388126E-03	2.480257E-03
6.040000E+02	3.378308E-03	2.470997E-03
6.100000E+02	3.364726E-03	2.404952E-03
6.120000E+02	3.354555E-03	2.374292E-03
6.140000E+02	3.343860E-03	2.355220E-03
6.200000E+02	3.301844E-03	2.277245E-03
6.480000E+02	3.111700E-03	2.026778E-03
6.520000E+02	3.090146E-03	1.989007E-03
6.560000E+02	3.063448E-03	1.960311E-03
6.579900E+02	3.056874E-03	1.937869E-03
6.620000E+02	3.025291E-03	1.910636E-03
6.640000E+02	3.021410E-03	1.890334E-03
6.747400E+02	2.944799E-03	1.814735E-03
6.940000E+02	2.852810E-03	1.684339E-03
7.020000E+02	2.822195E-03	1.623687E-03
7.039900E+02	2.806708E-03	1.603388E-03
7.100000E+02	2.767010E-03	1.559108E-03
7.120000E+02	2.763415E-03	1.552712E-03
7.140000E+02	2.754190E-03	1.530606E-03
7.220000E+02	2.692985E-03	1.474182E-03
7.240000E+02	2.679980E-03	1.471353E-03
7.280100E+02	2.647123E-03	1.442114E-03
7.440000E+02	2.574911E-03	1.357029E-03
7.500000E+02	2.545020E-03	1.330460E-03
7.680000E+02	2.464164E-03	1.232606E-03
7.700000E+02	2.455176E-03	1.226062E-03
7.720000E+02	2.452173E-03	1.212089E-03
7.740000E+02	2.440328E-03	1.203697E-03
7.760000E+02	2.441618E-03	1.184746E-03
7.885500E+02	2.353516E-03	1.123910E-03
8.060000E+02	2.266776E-03	1.046962E-03
8.159900E+02	2.217579E-03	1.015716E-03
8.300100E+02	2.164311E-03	9.651621E-04
8.320000E+02	2.152758E-03	9.606782E-04
8.340100E+02	2.148994E-03	9.501516E-04
8.360000E+02	2.137007E-03	9.439915E-04
8.380000E+02	2.131533E-03	9.336455E-04
8.400000E+02	2.116265E-03	9.296427E-04
8.620000E+02	2.038907E-03	8.527967E-04
8.719900E+02	1.997913E-03	8.170563E-04
8.800000E+02	1.963190E-03	7.925602E-04
8.820000E+02	1.952651E-03	7.893671E-04
8.880000E+02	1.930663E-03	7.682685E-04
8.960000E+02	1.900739E-03	7.501023E-04
8.979900E+02	1.892762E-03	7.424571E-04
8.999900E+02	1.883215E-03	7.400874E-04
9.060000E+02	1.864120E-03	7.240096E-04
9.079900E+02	1.855744E-03	7.151645E-04
9.160000E+02	1.826798E-03	6.986083E-04
9.180000E+02	1.819737E-03	6.920583E-04
9.200100E+02	1.811220E-03	6.894027E-04
9.220000E+02	1.805332E-03	6.830030E-04
9.240000E+02	1.799438E-03	6.838235E-04
9.260000E+02	1.795894E-03	6.717616E-04
9.280100E+02	1.784535E-03	6.682397E-04
9.582700E+02	1.684138E-03	5.970935E-04
9.737700E+02	1.631043E-03	5.662731E-04
1.005500E+03	1.535796E-03	5.160359E-04
1.125100E+03	1.242013E-03	3.562257E-04
1.299800E+03	9.359130E-04	2.208356E-04
1.575800E+03	6.325094E-04	1.152126E-04
1.850100E+03	4.492514E-04	6.631352E-05
2.069900E+03	3.484393E-04	4.494828E-05
2.207200E+03	2.974320E-04	3.594226E-05
2.316000E+03	2.602600E-04	3.039645E-05
2.353500E+03	2.474582E-04	2.874301E-05
2.391500E+03	2.339996E-04	2.718238E-05
2.430200E+03	2.190950E-04	2.570471E-05
2.469500E+03	2.007051E-04	2.430826E-05
2.493000E+03	1.850574E-04	2.351977E-05
2.520100E+03	8.177488E-05	2.265038E-05
2.520300E+03	8.176885E-05	7.785656E-05
2.526000E+03	1.522649E-04	7.724963E-05
2.566900E+03	1.796801E-04	7.309258E-05
2.592000E+03	1.793311E-04	7.067864E-05
2.625000E+03	1.351543E-04	6.766363E-05
2.625200E+03	1.351721E-04	9.286239E-05
2.626000E+03	1.528585E-04	9.276742E-05
2.668500E+03	1.840358E-04	8.784627E-05
2.711600E+03	1.874227E-04	8.319092E-05
2.755500E+03	1.871954E-04	7.877658E-05
2.800100E+03	1.848431E-04	7.459254E-05
2.839000E+03	1.807434E-04	7.117688E-05
2.865400E+03	1.629292E-04	6.897358E-05
2.865600E+03	1.629226E-04	7.838132E-05
2.876000E+03	1.764429E-04	7.741524E-05
2.922500E+03	1.789141E-04	7.327107E-05
2.969800E+03	1.775844E-04	6.934419E-05
3.066600E+03	1.723937E-04	6.211600E-05
3.217900E+03	1.622329E-04	5.265674E-05
3.431100E+03	1.474820E-04	4.211682E-05
3.717700E+03	1.289855E-04	3.173334E-05
4.093400E+03	1.085999E-04	2.251790E-05
4.729400E+03	8.265180E-05	1.336858E-05
5.733500E+03	5.663344E-05	6.594792E-06
6.731300E+03	4.106557E-05	3.641884E-06
1.005300E+04	1.819598E-05	8.138443E-07
1.679900E+04	6.335474E-06	1.176284E-07
1.849700E+04	5.144023E-06	8.174602E-08
1.910000E+04	4.770387E-06	7.240215E-08
1.940900E+04	4.575529E-06	6.813496E-08
1.972300E+04	4.351230E-06	6.411957E-08
2.000000E+04	3.358899E-06	6.081971E-08
2.000000E+04	3.358899E-06	4.099338E-07
2.004200E+04	4.014155E-06	4.068989E-07
2.036600E+04	4.128912E-06	3.842329E-07
2.069500E+04	4.070407E-06	3.627862E-07
2.137000E+04	3.889433E-06	3.232576E-07
2.278700E+04	3.485778E-06	2.562352E-07
2.549500E+04	2.828272E-06	1.698973E-07
3.000000E+04	2.061654E-06	9.289876E-08
3.020000E+04	2.034452E-06	8.973508E-08
3.040000E+04	2.008216E-06	8.754570E-08
3.060000E+04	1.982465E-06	8.544105E-08
3.080000E+04	1.957188E-06	8.338351E-08
3.100000E+04	1.932383E-06	8.140439E-08
3.120000E+04	1.908033E-06	7.946900E-08
3.150000E+04	1.872348E-06	7.668493E-08
3.170000E+04	1.849095E-06	7.489456E-08
3.190000E+04	1.826259E-06	7.314336E-08
3.210000E+04	1.803834E-06	7.145642E-08
3.230000E+04	1.781810E-06	6.980594E-08
3.260000E+04	1.749504E-06	6.742895E-08
3.300000E+04	1.707746E-06	6.441640E-08
3.340000E+04	1.667439E-06	6.158216E-08
3.380000E+04	1.628523E-06	5.890420E-08
3.410000E+04	1.600207E-06	5.699205E-08
3.450000E+04	1.563572E-06	5.456303E-08
3.490000E+04	1.528164E-06	5.226383E-08
3.530000E+04	1.493933E-06	5.008470E-08
3.570000E+04	1.460824E-06	4.801901E-08
3.603000E+04	1.434323E-06	4.639539E-08
3.650000E+04	1.397791E-06	4.420137E-08
3.700000E+04	1.360426E-06	4.199919E-08
3.750000E+04	1.324522E-06	3.993405E-08
3.800000E+04	1.290008E-06	3.799566E-08
3.850000E+04	1.256811E-06	3.616529E-08
3.900000E+04	1.224867E-06	3.444471E-08
3.950000E+04	1.194114E-06	3.282145E-08
4.000000E+04	1.164489E-06	3.129374E-08
4.080000E+04	1.119315E-06	2.902642E-08
4.150000E+04	1.081892E-06	2.721049E-08
4.230000E+04	1.041356E-06	2.530710E-08
4.300000E+04	1.007716E-06	2.377768E-08
4.380000E+04	9.712149E-07	2.217012E-08
4.450000E+04	9.408712E-07	2.087464E-08
4.530000E+04	9.078900E-07	1.950715E-08
4.600000E+04	8.804333E-07	1.839980E-08
4.650000E+04	8.615704E-07	1.765709E-08
4.700000E+04	8.433047E-07	1.695183E-08
4.750000E+04	8.256111E-07	1.628177E-08
4.800000E+04	8.084679E-07	1.564478E-08
4.850000E+04	7.918487E-07	1.503583E-08
4.900000E+04	7.757360E-07	1.445648E-08
4.950000E+04	7.601059E-07	1.390500E-08
5.000000E+04	7.449445E-07	1.337977E-08
5.050000E+04	7.302263E-07	1.287791E-08
5.100000E+04	7.159393E-07	1.239953E-08
5.150000E+04	7.020685E-07	1.194333E-08
5.200000E+04	6.885945E-07	1.150808E-08
5.300000E+04	6.627780E-07	1.069591E-08
5.400000E+04	6.383853E-07	9.954317E-09
5.500000E+04	6.153093E-07	9.276355E-09
5.600000E+04	5.934584E-07	8.653888E-09
5.680000E+04	5.768043E-07	8.193396E-09
5.753000E+04	5.622096E-07	7.799820E-09
5.800000E+04	5.531047E-07	7.558980E-09
5.850000E+04	5.436568E-07	7.312950E-09
5.954000E+04	5.247655E-07	6.832685E-09
5.980000E+04	5.201962E-07	6.718880E-09
6.000000E+04	5.167218E-07	6.632953E-09
6.080000E+04	5.031655E-07	6.301053E-09
6.150000E+04	4.917357E-07	6.027620E-09
6.230000E+04	4.791425E-07	5.733147E-09
6.300000E+04	4.685162E-07	5.490181E-09
6.400000E+04	4.539366E-07	5.165120E-09
6.500000E+04	4.400267E-07	4.863903E-09
6.590000E+04	4.280451E-07	4.611008E-09
6.683000E+04	4.161702E-07	4.366821E-09
6.740000E+04	4.091347E-07	4.225161E-09
6.800000E+04	4.019198E-07	4.082238E-09
6.900000E+04	3.903117E-07	3.857272E-09
7.000000E+04	3.791990E-07	3.647682E-09
7.100000E+04	3.685541E-07	3.451534E-09
7.200000E+04	3.583509E-07	3.268463E-09
7.280000E+04	3.504892E-07	3.130712E-09
7.350000E+04	3.438205E-07	3.016122E-09
7.420000E+04	3.373399E-07	2.906754E-09
7.496000E+04	3.305082E-07	2.793587E-09
7.550000E+04	3.257803E-07	2.716376E-09
7.600000E+04	3.214925E-07	2.647249E-09
7.711000E+04	3.122692E-07	2.501506E-09
7.860000E+04	3.005008E-07	2.321350E-09
7.930000E+04	2.952001E-07	2.242344E-09
8.000000E+04	2.900381E-07	2.166687E-09
8.150000E+04	2.794235E-07	2.014661E-09
8.300000E+04	2.693792E-07	1.875794E-09
8.400000E+04	2.629817E-07	1.789848E-09
8.500000E+04	2.568089E-07	1.708791E-09
8.650000E+04	2.479494E-07	1.595656E-09
8.800000E+04	2.395401E-07	1.491763E-09
8.900000E+04	2.341696E-07	1.427189E-09
9.000000E+04	2.289773E-07	1.366088E-09
9.150000E+04	2.215072E-07	1.280253E-09
9.300000E+04	2.143959E-07	1.201078E-09
9.400000E+04	2.098441E-07	1.151691E-09
9.500000E+04	2.054354E-07	1.104826E-09
9.650000E+04	1.990790E-07	1.038865E-09
9.800000E+04	1.930121E-07	9.777727E-10
9.900000E+04	1.891208E-07	9.395333E-10
9.950000E+04	1.872191E-07	9.211174E-10
1.000000E+05	1.853454E-07	9.031543E-10
1.015000E+05	1.798918E-07	8.516919E-10
1.030000E+05	1.746746E-07	8.038583E-10
1.040000E+05	1.713218E-07	7.738273E-10
1.050000E+05	1.680641E-07	7.451935E-10
1.065000E+05	1.633500E-07	7.046857E-10
1.080000E+05	1.588308E-07	6.669011E-10
1.090000E+05	1.559216E-07	6.431144E-10
1.100000E+05	1.530916E-07	6.203850E-10
1.115000E+05	1.489888E-07	5.881445E-10
1.130000E+05	1.450489E-07	5.579770E-10
1.140000E+05	1.425086E-07	5.389384E-10
1.150000E+05	1.400339E-07	5.207050E-10
1.165000E+05	1.364417E-07	4.947836E-10
1.180000E+05	1.329857E-07	4.704601E-10
1.190000E+05	1.307544E-07	4.550746E-10
1.200000E+05	1.285787E-07	4.403122E-10
1.220000E+05	1.243872E-07	4.125482E-10
1.240000E+05	1.203968E-07	3.869462E-10
1.255000E+05	1.175292E-07	3.690389E-10
1.270000E+05	1.147625E-07	3.521603E-10
1.285000E+05	1.120924E-07	3.362399E-10
1.300000E+05	1.095146E-07	3.212096E-10
1.315000E+05	1.070248E-07	3.070060E-10
1.330000E+05	1.046186E-07	2.935849E-10
1.345000E+05	1.022930E-07	2.808878E-10
1.360000E+05	1.000442E-07	2.688744E-10
1.375000E+05	9.786840E-08	2.574952E-10
1.390000E+05	9.576273E-08	2.467156E-10
1.405000E+05	9.372464E-08	2.364940E-10
1.420000E+05	9.175084E-08	2.268001E-10
1.440000E+05	8.921459E-08	2.146347E-10
1.454000E+05	8.750107E-08	2.066031E-10
1.460000E+05	8.678192E-08	2.032766E-10
1.467000E+05	8.595407E-08	1.994800E-10
1.480000E+05	8.444767E-08	1.926620E-10
1.490000E+05	8.331556E-08	1.876153E-10
1.495000E+05	8.275821E-08	1.851542E-10
1.500000E+05	8.220623E-08	1.827333E-10
1.520000E+05	8.005294E-08	1.734568E-10
1.540000E+05	7.798324E-08	1.647633E-10
1.560000E+05	7.599268E-08	1.566095E-10
1.580000E+05	7.407745E-08	1.489555E-10
1.600000E+05	7.223381E-08	1.417650E-10
1.620000E+05	7.045791E-08	1.350043E-10
1.635000E+05	6.916889E-08	1.301977E-10
1.650000E+05	6.791472E-08	1.256037E-10
1.670000E+05	6.629507E-08	1.197900E-10
1.690000E+05	6.473261E-08	1.143100E-10
1.710000E+05	6.322469E-08	1.091406E-10
1.730000E+05	6.176879E-08	1.042611E-10
1.750000E+05	6.036284E-08	9.965463E-11
1.770000E+05	5.900416E-08	9.530065E-11
1.785000E+05	5.801513E-08	9.219098E-11
1.800000E+05	5.705061E-08	8.920754E-11
1.830000E+05	5.519266E-08	8.360445E-11
1.850000E+05	5.400395E-08	8.011308E-11
1.880000E+05	5.229167E-08	7.521185E-11
1.900000E+05	5.119488E-08	7.215230E-11
1.930000E+05	4.961356E-08	6.785175E-11
1.950000E+05	4.859956E-08	6.516255E-11
1.980000E+05	4.713598E-08	6.137455E-11
2.000000E+05	4.619665E-08	5.900193E-11
2.030000E+05	4.483960E-08	5.569392E-11
2.050000E+05	4.396780E-08	5.361766E-11
2.080000E+05	4.270701E-08	5.068228E-11
2.100000E+05	4.189632E-08	4.883721E-11
2.130000E+05	4.072309E-08	4.622502E-11
2.150000E+05	3.996811E-08	4.458086E-11
2.180000E+05	3.887425E-08	4.224991E-11
2.200000E+05	3.816984E-08	4.078081E-11
2.230000E+05	3.714860E-08	3.869551E-11
2.260000E+05	3.616786E-08	3.674264E-11
2.290000E+05	3.522535E-08	3.491207E-11
2.320000E+05	3.431917E-08	3.319863E-11
2.350000E+05	3.344765E-08	3.159152E-11
2.380000E+05	3.260889E-08	3.008110E-11
2.410000E+05	3.180127E-08	2.866102E-11
2.447000E+05	3.084587E-08	2.702409E-11
2.480000E+05	3.002965E-08	2.566221E-11
2.520000E+05	2.908299E-08	2.412509E-11
2.560000E+05	2.818037E-08	2.270248E-11
2.600000E+05	2.731917E-08	2.138411E-11
2.650000E+05	2.629710E-08	1.986874E-11
2.700000E+05	2.533130E-08	1.848642E-11
2.750000E+05	2.441778E-08	1.722257E-11
2.792000E+05	2.368805E-08	1.624389E-11
2.820000E+05	2.321965E-08	1.562985E-11
2.850000E+05	2.273301E-08	1.500382E-11
2.900000E+05	2.195524E-08	1.402899E-11
2.950000E+05	2.121674E-08	1.313156E-11
2.980000E+05	2.079136E-08	1.262763E-11
3.000000E+05	2.051487E-08	1.230514E-11
3.020000E+05	2.024386E-08	1.200346E-11
3.040000E+05	1.997818E-08	1.171106E-11
3.080000E+05	1.946226E-08	1.115285E-11
3.120000E+05	1.896607E-08	1.062799E-11
3.165000E+05	1.843018E-08	1.007433E-11
3.180000E+05	1.825664E-08	9.897934E-12
3.201000E+05	1.801771E-08	9.657479E-12
3.260000E+05	1.737102E-08	9.020513E-12
3.320000E+05	1.674842E-08	8.426431E-12
3.380000E+05	1.615873E-08	7.881415E-12
3.410000E+05	1.587552E-08	7.625638E-12
3.443000E+05	1.557247E-08	7.356353E-12
3.510000E+05	1.498331E-08	6.846857E-12
3.570000E+05	1.448366E-08	6.428509E-12
3.640000E+05	1.393162E-08	5.980755E-12
3.700000E+05	1.348322E-08	5.628114E-12
3.780000E+05	1.291827E-08	5.197945E-12
3.850000E+05	1.245257E-08	4.855232E-12
3.930000E+05	1.195050E-08	4.497906E-12
4.000000E+05	1.153570E-08	4.212197E-12
4.030000E+05	1.136451E-08	4.096911E-12
4.060000E+05	1.119710E-08	3.985605E-12
4.111000E+05	1.092090E-08	3.805033E-12
4.118000E+05	1.088378E-08	3.781046E-12
4.160000E+05	1.066505E-08	3.641191E-12
4.210000E+05	1.041310E-08	3.483144E-12
4.260000E+05	1.017000E-08	3.333733E-12
4.300000E+05	9.981596E-09	3.220005E-12
4.370000E+05	9.664242E-09	3.032570E-12
4.410000E+05	9.489654E-09	2.931688E-12
4.440000E+05	9.361804E-09	2.858776E-12
4.470000E+05	9.236520E-09	2.788169E-12
4.500000E+05	9.113711E-09	2.722803E-12
4.560000E+05	8.875369E-09	2.598234E-12
4.620000E+05	8.646255E-09	2.480893E-12
4.680500E+05	8.424096E-09	2.369380E-12
4.740000E+05	8.213854E-09	2.265908E-12
4.800000E+05	8.009714E-09	2.167353E-12
4.900000E+05	7.686031E-09	2.014989E-12
4.950000E+05	7.531488E-09	1.943954E-12
5.000000E+05	7.381559E-09	1.876102E-12
5.080000E+05	7.150848E-09	1.774324E-12
5.150000E+05	6.957710E-09	1.691019E-12
5.230000E+05	6.746435E-09	1.601867E-12
5.300000E+05	6.569341E-09	1.528754E-12
5.400000E+05	6.328224E-09	1.431575E-12
5.500000E+05	6.100126E-09	1.342194E-12
5.580000E+05	5.926423E-09	1.275804E-12
5.650000E+05	5.780456E-09	1.221136E-12
5.730000E+05	5.620134E-09	1.162289E-12
5.800000E+05	5.485254E-09	1.113754E-12
5.900000E+05	5.300851E-09	1.048841E-12
5.950000E+05	5.212111E-09	1.018205E-12
6.000000E+05	5.125580E-09	9.887083E-13
6.040000E+05	5.057904E-09	9.671057E-13
6.080000E+05	4.991560E-09	9.461144E-13
6.150000E+05	4.878542E-09	9.107827E-13
6.300000E+05	4.648952E-09	8.406608E-13
6.460000E+05	4.421473E-09	7.734087E-13
6.616000E+05	4.215381E-09	7.144237E-13
6.710000E+05	4.098083E-09	6.818645E-13
6.800000E+05	3.990303E-09	6.524940E-13
6.900000E+05	3.875461E-09	6.217623E-13
7.000000E+05	3.765498E-09	5.928897E-13
7.120000E+05	3.639623E-09	5.605054E-13
7.233000E+05	3.526772E-09	5.320848E-13
7.370000E+05	3.396857E-09	5.000944E-13
7.500000E+05	3.280096E-09	4.720211E-13
7.640000E+05	3.160970E-09	4.440492E-13
7.789000E+05	3.041176E-09	4.166049E-13
7.890000E+05	2.963800E-09	3.992487E-13
7.950000E+05	2.919225E-09	3.893823E-13
8.000000E+05	2.882849E-09	3.814011E-13
8.150000E+05	2.777695E-09	3.598623E-13
8.300000E+05	2.678191E-09	3.398998E-13
8.500000E+05	2.553623E-09	3.154945E-13
8.674000E+05	2.452187E-09	2.961093E-13
8.780000E+05	2.393329E-09	2.850656E-13
8.892000E+05	2.333412E-09	2.740085E-13
9.000000E+05	2.277741E-09	2.638916E-13
9.150000E+05	2.203668E-09	2.506429E-13
9.300000E+05	2.133145E-09	2.382590E-13
9.500000E+05	2.044269E-09	2.229733E-13
9.640000E+05	1.985313E-09	2.130362E-13
9.800000E+05	1.921011E-09	2.023836E-13
1.000000E+06	1.844935E-09	1.900352E-13
1.002000E+06	1.837577E-09	1.887889E-13
1.004800E+06	1.827350E-09	1.870623E-13
1.011000E+06	1.805002E-09	1.833106E-13
1.017000E+06	1.783767E-09	1.797692E-13
1.024000E+06	1.759459E-09	1.758440E-13
1.030000E+06	1.739020E-09	1.727757E-13
1.040000E+06	1.705734E-09	1.678024E-13
1.050000E+06	1.673398E-09	1.629984E-13
1.070000E+06	1.611422E-09	1.538711E-13
1.085800E+06	1.564863E-09	1.470883E-13
1.100000E+06	1.524718E-09	1.412954E-13
1.120500E+06	1.469434E-09	1.334079E-13
1.121100E+06	1.467862E-09	1.331854E-13
1.150000E+06	1.395009E-09	1.229709E-13
1.162000E+06	1.366342E-09	1.190111E-13
1.173200E+06	1.340379E-09	1.154544E-13
1.200000E+06	1.281174E-09	1.076416E-13
1.220000E+06	1.239510E-09	1.024068E-13
1.250000E+06	1.180725E-09	9.513238E-14
1.274500E+06	1.135763E-09	8.965625E-14
1.300000E+06	1.091641E-09	8.436793E-14
1.332500E+06	1.039037E-09	7.818035E-14
1.370000E+06	9.829316E-10	7.173097E-14
1.408000E+06	9.305894E-10	6.586255E-14
1.450000E+06	8.774581E-10	6.006152E-14
1.480000E+06	8.422440E-10	5.630799E-14
1.490000E+06	8.309766E-10	5.512288E-14
1.500000E+06	8.199338E-10	5.396897E-14
1.550000E+06	7.678863E-10	4.881259E-14
1.600000E+06	7.206433E-10	4.426632E-14
1.650000E+06	6.776280E-10	4.024510E-14
1.700000E+06	6.383522E-10	3.667726E-14
1.740000E+06	6.093400E-10	3.410862E-14
1.780000E+06	5.822603E-10	3.176467E-14
1.820000E+06	5.569477E-10	2.962208E-14
1.850000E+06	5.390297E-10	2.813470E-14
1.890000E+06	5.164550E-10	2.629645E-14
1.930000E+06	4.952682E-10	2.460853E-14
1.970000E+06	4.753600E-10	2.305625E-14
2.000000E+06	4.612051E-10	2.197315E-14
2.030000E+06	4.476741E-10	2.097803E-14
2.050000E+06	4.389816E-10	2.035224E-14
2.080000E+06	4.264100E-10	1.947627E-14
2.100000E+06	4.183266E-10	1.891920E-14
2.150000E+06	3.990948E-10	1.761347E-14
2.200000E+06	3.811603E-10	1.642160E-14
2.280000E+06	3.548815E-10	1.472206E-14
2.350000E+06	3.340537E-10	1.341655E-14
2.430000E+06	3.124204E-10	1.210143E-14
2.500000E+06	2.951698E-10	1.108394E-14
2.550000E+06	2.837073E-10	1.042383E-14
2.600000E+06	2.729004E-10	9.813446E-15
2.650000E+06	2.626995E-10	9.248379E-15
2.700000E+06	2.530599E-10	8.724468E-15
2.780000E+06	2.387043E-10	7.963075E-15
2.850000E+06	2.271225E-10	7.365699E-15
2.930000E+06	2.148887E-10	6.751687E-15
3.000000E+06	2.049776E-10	6.267503E-15
3.050000E+06	1.983121E-10	5.961396E-15
3.100000E+06	1.919665E-10	5.674419E-15
3.200000E+06	1.801561E-10	5.152200E-15
3.280000E+06	1.714751E-10	4.778516E-15
3.350000E+06	1.643835E-10	4.479900E-15
3.430000E+06	1.568049E-10	4.167599E-15
3.500000E+06	1.505954E-10	3.917130E-15
3.600000E+06	1.423452E-10	3.592152E-15
3.700000E+06	1.347548E-10	3.301267E-15
3.850000E+06	1.244587E-10	2.919699E-15
3.930000E+06	1.194433E-10	2.739454E-15
4.000000E+06	1.152993E-10	2.593406E-15
4.050000E+06	1.124700E-10	2.497601E-15
4.100000E+06	1.097436E-10	2.406355E-15
4.200000E+06	1.045799E-10	2.236507E-15
4.350000E+06	9.749184E-11	2.009877E-15
4.500000E+06	9.110071E-11	1.812266E-15
4.600000E+06	8.718286E-11	1.694420E-15
4.700000E+06	8.351222E-11	1.586360E-15
4.850000E+06	7.842640E-11	1.440505E-15
5.000000E+06	7.379140E-11	1.311640E-15
5.009980E+06	7.349770E-11	1.303750E-15
5.300000E+06	6.567408E-11	1.099293E-15
5.500000E+06	6.098463E-11	9.821947E-16
5.700000E+06	5.678008E-11	8.808796E-16
6.000000E+06	5.124403E-11	7.530602E-16
6.200000E+06	4.799128E-11	6.818151E-16
6.500000E+06	4.366344E-11	5.906293E-16
6.700000E+06	4.109558E-11	5.385619E-16
7.000000E+06	3.764858E-11	4.711775E-16
7.200000E+06	3.558604E-11	4.326872E-16
7.500000E+06	3.279610E-11	3.823337E-16
7.700000E+06	3.111453E-11	3.529732E-16
8.000000E+06	2.882470E-11	3.142402E-16
8.200000E+06	2.743576E-11	2.916326E-16
8.500000E+06	2.553329E-11	2.615656E-16
8.700000E+06	2.437284E-11	2.437541E-16
9.000000E+06	2.277507E-11	2.199102E-16
9.500000E+06	2.044078E-11	1.867080E-16
1.000000E+07	1.844781E-11	1.597988E-16
