1.000000E-01	-8.540000E+00	4.580000E+01
1.100000E-01	-7.120000E+00	4.180000E+01
1.200000E-01	-6.110000E+00	3.830000E+01
1.300000E-01	-5.440000E+00	3.530000E+01
1.400000E-01	-4.830000E+00	3.280000E+01
1.500000E-01	-4.450000E+00	3.060000E+01
1.600000E-01	-4.000000E+00	2.860000E+01
1.700000E-01	-3.680000E+00	2.680000E+01
1.800000E-01	-3.450000E+00	2.520000E+01
1.900000E-01	-3.300000E+00	2.380000E+01
2.000000E-01	-3.120000E+00	2.250000E+01
2.200000E-01	-3.110000E+00	2.020000E+01
2.400000E-01	-3.160000E+00	1.840000E+01
2.600000E-01	-3.290000E+00	1.710000E+01
2.800000E-01	-3.300000E+00	1.600000E+01
3.000000E-01	-3.190000E+00	1.500000E+01
3.200000E-01	-3.120000E+00	1.420000E+01
3.400000E-01	-3.070000E+00	1.340000E+01
3.600000E-01	-3.000000E+00	1.270000E+01
3.800000E-01	-2.920000E+00	1.210000E+01
4.000000E-01	-2.840000E+00	1.140000E+01
4.500000E-01	-3.200000E+00	1.020000E+01
5.000000E-01	-3.030000E+00	9.640000E+00
5.500000E-01	-2.900000E+00	8.920000E+00
6.000000E-01	-2.840000E+00	8.350000E+00
6.500000E-01	-2.690000E+00	7.920000E+00
7.000000E-01	-2.590000E+00	7.480000E+00
7.500000E-01	-2.490000E+00	7.130000E+00
8.000000E-01	-2.380000E+00	6.820000E+00
8.500000E-01	-2.270000E+00	6.510000E+00
9.000000E-01	-2.180000E+00	6.230000E+00
9.500000E-01	-2.110000E+00	5.980000E+00
1.000000E+00	-2.060000E+00	5.740000E+00
1.050000E+00	-2.010000E+00	5.550000E+00
1.100000E+00	-1.970000E+00	5.380000E+00
1.150000E+00	-1.910000E+00	5.240000E+00
1.200000E+00	-1.850000E+00	5.100000E+00
1.250000E+00	-1.800000E+00	4.970000E+00
1.300000E+00	-1.740000E+00	4.850000E+00
1.350000E+00	-1.690000E+00	4.730000E+00
1.400000E+00	-1.650000E+00	4.630000E+00
1.450000E+00	-1.590000E+00	4.550000E+00
1.500000E+00	-1.530000E+00	4.470000E+00
1.550000E+00	-1.480000E+00	4.380000E+00
1.600000E+00	-1.430000E+00	4.310000E+00
1.650000E+00	-1.360000E+00	4.250000E+00
1.700000E+00	-1.280000E+00	4.180000E+00
1.750000E+00	-1.210000E+00	4.090000E+00
1.800000E+00	-1.140000E+00	4.000000E+00
1.850000E+00	-1.080000E+00	3.910000E+00
1.900000E+00	-1.020000E+00	3.820000E+00
1.950000E+00	-9.800000E-01	3.740000E+00
2.000000E+00	-9.300000E-01	3.650000E+00
2.100000E+00	-8.500000E-01	3.480000E+00
2.200000E+00	-8.000000E-01	3.330000E+00
2.300000E+00	-7.500000E-01	3.190000E+00
2.400000E+00	-7.100000E-01	3.060000E+00
2.500000E+00	-6.700000E-01	2.930000E+00
2.600000E+00	-6.600000E-01	2.810000E+00
2.700000E+00	-6.400000E-01	2.710000E+00
2.800000E+00	-6.200000E-01	2.610000E+00
2.900000E+00	-6.200000E-01	2.520000E+00
3.000000E+00	-6.100000E-01	2.440000E+00
3.100000E+00	-6.100000E-01	2.360000E+00
3.200000E+00	-6.100000E-01	2.300000E+00
3.300000E+00	-6.100000E-01	2.230000E+00
3.400000E+00	-6.200000E-01	2.170000E+00
3.500000E+00	-6.300000E-01	2.110000E+00
3.600000E+00	-6.400000E-01	2.070000E+00
3.700000E+00	-6.600000E-01	2.020000E+00
3.800000E+00	-6.900000E-01	1.990000E+00
3.900000E+00	-7.200000E-01	1.980000E+00
4.000000E+00	-7.300000E-01	1.980000E+00
4.100000E+00	-7.400000E-01	1.990000E+00
4.200000E+00	-7.400000E-01	2.010000E+00
4.300000E+00	-7.300000E-01	2.030000E+00
4.400000E+00	-7.100000E-01	2.060000E+00
4.500000E+00	-6.700000E-01	2.070000E+00
4.600000E+00	-6.300000E-01	2.090000E+00
4.700000E+00	-5.900000E-01	2.100000E+00
4.800000E+00	-5.300000E-01	2.110000E+00
4.900000E+00	-4.700000E-01	2.110000E+00
5.000000E+00	-4.000000E-01	2.100000E+00
5.100000E+00	-3.300000E-01	2.070000E+00
5.200000E+00	-2.700000E-01	2.040000E+00
5.300000E+00	-2.100000E-01	1.990000E+00
5.400000E+00	-1.600000E-01	1.940000E+00
5.500000E+00	-1.200000E-01	1.880000E+00
5.600000E+00	-9.000000E-02	1.830000E+00
5.700000E+00	-6.000000E-02	1.780000E+00
5.800000E+00	-4.000000E-02	1.730000E+00
5.900000E+00	-2.000000E-02	1.670000E+00
6.200000E+00	0.000000E+00	1.540000E+00
6.400000E+00	-1.000000E-02	1.460000E+00
6.600000E+00	-1.000000E-02	1.400000E+00
6.800000E+00	-2.000000E-02	1.350000E+00
7.000000E+00	-3.000000E-02	1.300000E+00
7.200000E+00	-3.000000E-02	1.270000E+00
7.400000E+00	-3.000000E-02	1.240000E+00
7.600000E+00	-2.000000E-02	1.210000E+00
7.800000E+00	-2.000000E-02	1.180000E+00
8.000000E+00	-1.000000E-02	1.150000E+00
8.200000E+00	0.000000E+00	1.130000E+00
8.400000E+00	8.000000E-03	1.110000E+00
8.600000E+00	1.900000E-02	1.080000E+00
8.800000E+00	2.800000E-02	1.050000E+00
9.000000E+00	3.400000E-02	1.010000E+00
9.200000E+00	4.100000E-02	9.870000E-01
9.400000E+00	4.600000E-02	9.570000E-01
9.600000E+00	5.100000E-02	9.270000E-01
9.800000E+00	5.200000E-02	8.950000E-01
1.000000E+01	5.400000E-02	8.670000E-01
1.020000E+01	5.200000E-02	8.330000E-01
1.040000E+01	4.900000E-02	8.000000E-01
1.060000E+01	2.600000E-02	7.590000E-01
1.080000E+01	7.000000E-03	7.470000E-01
1.100000E+01	-1.000000E-02	7.270000E-01
1.125000E+01	-4.000000E-02	7.170000E-01
1.150000E+01	-5.000000E-02	7.150000E-01
1.175000E+01	-7.000000E-02	7.140000E-01
1.200000E+01	-7.000000E-02	7.150000E-01
1.225000E+01	-7.000000E-02	7.120000E-01
1.250000E+01	-8.000000E-02	7.090000E-01
1.275000E+01	-8.000000E-02	7.090000E-01
1.300000E+01	-8.000000E-02	7.060000E-01
1.325000E+01	-8.000000E-02	7.060000E-01
1.350000E+01	-7.000000E-02	7.050000E-01
1.375000E+01	-7.000000E-02	7.040000E-01
1.400000E+01	-7.000000E-02	7.070000E-01
1.425000E+01	-5.000000E-02	7.050000E-01
1.450000E+01	-5.000000E-02	7.030000E-01
1.475000E+01	-4.000000E-02	7.040000E-01
1.500000E+01	-3.000000E-02	7.000000E-01
1.525000E+01	-2.000000E-02	6.940000E-01
1.550000E+01	-1.000000E-02	6.870000E-01
1.575000E+01	0.000000E+00	6.800000E-01
1.600000E+01	7.000000E-03	6.740000E-01
1.650000E+01	2.500000E-02	6.600000E-01
1.700000E+01	4.100000E-02	6.430000E-01
1.750000E+01	5.900000E-02	6.280000E-01
1.800000E+01	7.600000E-02	6.060000E-01
1.850000E+01	8.800000E-02	5.820000E-01
1.900000E+01	9.600000E-02	5.600000E-01
1.950000E+01	1.040000E-01	5.370000E-01
2.000000E+01	1.060000E-01	5.130000E-01
2.050000E+01	1.070000E-01	4.930000E-01
2.100000E+01	1.020000E-01	4.710000E-01
2.150000E+01	9.400000E-02	4.580000E-01
2.200000E+01	9.100000E-02	4.510000E-01
2.250000E+01	8.900000E-02	4.430000E-01
2.300000E+01	8.500000E-02	4.360000E-01
2.350000E+01	8.900000E-02	4.380000E-01
2.400000E+01	9.500000E-02	4.310000E-01
2.450000E+01	1.030000E-01	4.270000E-01
2.500000E+01	1.120000E-01	4.180000E-01
2.600000E+01	1.230000E-01	3.940000E-01
2.700000E+01	1.270000E-01	3.720000E-01
2.800000E+01	1.320000E-01	3.540000E-01
2.900000E+01	1.370000E-01	3.360000E-01
2.930000E+01	2.980300E-01	2.712431E-01
2.977390E+01	2.918415E-01	2.603352E-01
3.025550E+01	2.851503E-01	2.497672E-01
3.074490E+01	2.782975E-01	2.398528E-01
3.124210E+01	2.714697E-01	2.303783E-01
3.174750E+01	2.645934E-01	2.212763E-01
3.226090E+01	2.576784E-01	2.125364E-01
3.278270E+01	2.507313E-01	2.041399E-01
3.331300E+01	2.437597E-01	1.960747E-01
3.385180E+01	2.367586E-01	1.883288E-01
3.439930E+01	2.296908E-01	1.808895E-01
3.495570E+01	2.226075E-01	1.738695E-01
3.552110E+01	2.156097E-01	1.672778E-01
3.609560E+01	2.087344E-01	1.609357E-01
3.667940E+01	2.019159E-01	1.548343E-01
3.727270E+01	1.951189E-01	1.489636E-01
3.787550E+01	1.882876E-01	1.433161E-01
3.848820E+01	1.812584E-01	1.378821E-01
3.911070E+01	1.742848E-01	1.334712E-01
3.974320E+01	1.677497E-01	1.292451E-01
4.038610E+01	1.615179E-01	1.251519E-01
4.103930E+01	1.554241E-01	1.211888E-01
4.170310E+01	1.493591E-01	1.173510E-01
4.237760E+01	1.431989E-01	1.136347E-01
4.306300E+01	1.371038E-01	1.105919E-01
4.375950E+01	1.314240E-01	1.079106E-01
4.446730E+01	1.260762E-01	1.052943E-01
4.518650E+01	1.209372E-01	1.027419E-01
4.591740E+01	1.159502E-01	1.002509E-01
4.666000E+01	1.110860E-01	9.782065E-02
4.741470E+01	1.061242E-01	9.544918E-02
4.818160E+01	1.011360E-01	9.330882E-02
4.896090E+01	9.642889E-02	9.173200E-02
4.975280E+01	9.206946E-02	9.018177E-02
5.055760E+01	8.791788E-02	8.865781E-02
5.137530E+01	8.390902E-02	8.715959E-02
5.220620E+01	8.000675E-02	8.568703E-02
5.305060E+01	7.620057E-02	8.430963E-02
5.390870E+01	7.251382E-02	8.297773E-02
5.478060E+01	6.891611E-02	8.166725E-02
5.566670E+01	6.537720E-02	8.037718E-02
5.656700E+01	6.188404E-02	7.910773E-02
5.748200E+01	5.851712E-02	7.783602E-02
5.841170E+01	5.495983E-02	7.622173E-02
5.935640E+01	5.104923E-02	7.464114E-02
6.031650E+01	4.662998E-02	7.309306E-02
6.129210E+01	4.096627E-02	7.204624E-02
6.228340E+01	3.543318E-02	7.244623E-02
6.329080E+01	2.985047E-02	7.284806E-02
6.431450E+01	2.312433E-02	7.325216E-02
6.535470E+01	1.471341E-02	7.881269E-02
6.641180E+01	1.015285E-02	8.785056E-02
6.748590E+01	9.578012E-03	9.792531E-02
6.857750E+01	1.479505E-02	1.091547E-01
6.968670E+01	2.273253E-02	1.099454E-01
7.081380E+01	2.833743E-02	1.101805E-01
7.195910E+01	3.293052E-02	1.101574E-01
7.312300E+01	3.709794E-02	1.081003E-01
7.430570E+01	3.977685E-02	1.060818E-01
7.550760E+01	4.202099E-02	1.041008E-01
7.672890E+01	4.418020E-02	1.021569E-01
7.796990E+01	4.609475E-02	9.969600E-02
7.923100E+01	4.758783E-02	9.711293E-02
8.051250E+01	4.875207E-02	9.459676E-02
8.181470E+01	4.974918E-02	9.214601E-02
8.313800E+01	5.076596E-02	8.975844E-02
8.448270E+01	5.176053E-02	8.684586E-02
8.584910E+01	5.222170E-02	8.388993E-02
8.723770E+01	5.239741E-02	8.103438E-02
8.864870E+01	5.236309E-02	7.827620E-02
9.008250E+01	5.216276E-02	7.561191E-02
9.153950E+01	5.176903E-02	7.303826E-02
9.302010E+01	5.117069E-02	7.063868E-02
9.452460E+01	5.059414E-02	6.849946E-02
9.605350E+01	5.006383E-02	6.642496E-02
9.760710E+01	4.951566E-02	6.441334E-02
9.918580E+01	4.894889E-02	6.246269E-02
1.007900E+02	4.836450E-02	6.057117E-02
1.024200E+02	4.776504E-02	5.873699E-02
1.040770E+02	4.715376E-02	5.695772E-02
1.057600E+02	4.653831E-02	5.523321E-02
1.074710E+02	4.593487E-02	5.356015E-02
1.092090E+02	4.531905E-02	5.187533E-02
1.109750E+02	4.467560E-02	5.022922E-02
1.127700E+02	4.399422E-02	4.863501E-02
1.145940E+02	4.330019E-02	4.709138E-02
1.164480E+02	4.259622E-02	4.559639E-02
1.183310E+02	4.189023E-02	4.414961E-02
1.202450E+02	4.118736E-02	4.274834E-02
1.221900E+02	4.049390E-02	4.134596E-02
1.241660E+02	3.975701E-02	3.997641E-02
1.261750E+02	3.899731E-02	3.865156E-02
1.282150E+02	3.822027E-02	3.737145E-02
1.302890E+02	3.742387E-02	3.613325E-02
1.323970E+02	3.658601E-02	3.493579E-02
1.345380E+02	3.563315E-02	3.377855E-02
1.367140E+02	3.472464E-02	3.291307E-02
1.389250E+02	3.395001E-02	3.208995E-02
1.411720E+02	3.324284E-02	3.128724E-02
1.434560E+02	3.258433E-02	3.050441E-02
1.457760E+02	3.196777E-02	2.974145E-02
1.481340E+02	3.138894E-02	2.899764E-02
1.505300E+02	3.084812E-02	2.827231E-02
1.529640E+02	3.034856E-02	2.756522E-02
1.554390E+02	2.989493E-02	2.687559E-02
1.579530E+02	2.958507E-02	2.617795E-02
1.605070E+02	2.926814E-02	2.527590E-02
1.631030E+02	2.881020E-02	2.440474E-02
1.657420E+02	2.832810E-02	2.356334E-02
1.684220E+02	2.783210E-02	2.275143E-02
1.711460E+02	2.732783E-02	2.196734E-02
1.739150E+02	2.681904E-02	2.121006E-02
1.767270E+02	2.631044E-02	2.047932E-02
1.795860E+02	2.580289E-02	1.977324E-02
1.824910E+02	2.529914E-02	1.909177E-02
1.854420E+02	2.480101E-02	1.843381E-02
1.884420E+02	2.430932E-02	1.779849E-02
1.914890E+02	2.382655E-02	1.718518E-02
1.945870E+02	2.335344E-02	1.659273E-02
1.977340E+02	2.289248E-02	1.602093E-02
2.009320E+02	2.245802E-02	1.546879E-02
2.041820E+02	2.205568E-02	1.493563E-02
2.074850E+02	2.165845E-02	1.433842E-02
2.108400E+02	2.122800E-02	1.375048E-02
2.142510E+02	2.078092E-02	1.318642E-02
2.177160E+02	2.032799E-02	1.264566E-02
2.212370E+02	1.987346E-02	1.212706E-02
2.248160E+02	1.941961E-02	1.162963E-02
2.284520E+02	1.896873E-02	1.115270E-02
2.321470E+02	1.852180E-02	1.069528E-02
2.359020E+02	1.807974E-02	1.025662E-02
2.397170E+02	1.764363E-02	9.836020E-03
2.435950E+02	1.721379E-02	9.432554E-03
2.475350E+02	1.679092E-02	9.045689E-03
2.515380E+02	1.637551E-02	8.674744E-03
2.556070E+02	1.596771E-02	8.318941E-03
2.597410E+02	1.556812E-02	7.977765E-03
2.639420E+02	1.517711E-02	7.650590E-03
2.682110E+02	1.479492E-02	7.336819E-03
2.725490E+02	1.442233E-02	7.035914E-03
2.769570E+02	1.405902E-02	6.747369E-03
2.814370E+02	1.371626E-02	6.470617E-03
2.859890E+02	1.338439E-02	6.197210E-03
2.906150E+02	1.305502E-02	5.907472E-03
2.953150E+02	1.271819E-02	5.631325E-03
3.000920E+02	1.238207E-02	5.368039E-03
3.049450E+02	1.204926E-02	5.117113E-03
3.098780E+02	1.172095E-02	4.877863E-03
3.148900E+02	1.139793E-02	4.649830E-03
3.199830E+02	1.108069E-02	4.432453E-03
3.251580E+02	1.076958E-02	4.225247E-03
3.304180E+02	1.046481E-02	4.027700E-03
3.357620E+02	1.016660E-02	3.839417E-03
3.411920E+02	9.875094E-03	3.659940E-03
3.467110E+02	9.590329E-03	3.488829E-03
3.523190E+02	9.312400E-03	3.325721E-03
3.580170E+02	9.041565E-03	3.170257E-03
3.638080E+02	8.777939E-03	3.022040E-03
3.696920E+02	8.523310E-03	2.880764E-03
3.756720E+02	8.274326E-03	2.740730E-03
3.817480E+02	8.029667E-03	2.605936E-03
3.879220E+02	7.788963E-03	2.477773E-03
3.941970E+02	7.553390E-03	2.355900E-03
4.005730E+02	7.323223E-03	2.240027E-03
4.070520E+02	7.098587E-03	2.129853E-03
4.136350E+02	6.879540E-03	2.025108E-03
4.203260E+02	6.665920E-03	1.925498E-03
4.271240E+02	6.457832E-03	1.830801E-03
4.340320E+02	6.255138E-03	1.740758E-03
4.410520E+02	6.057829E-03	1.655142E-03
4.481860E+02	5.865762E-03	1.573735E-03
4.554350E+02	5.678947E-03	1.496334E-03
4.628020E+02	5.497271E-03	1.422734E-03
4.702870E+02	5.320695E-03	1.352763E-03
4.778940E+02	5.149163E-03	1.286228E-03
4.856230E+02	4.982807E-03	1.222969E-03
4.934780E+02	4.821984E-03	1.162815E-03
5.014590E+02	4.667144E-03	1.104042E-03
5.095700E+02	4.515758E-03	1.043886E-03
5.178120E+02	4.365393E-03	9.870059E-04
5.261870E+02	4.217963E-03	9.332274E-04
5.346980E+02	4.073812E-03	8.823778E-04
5.433460E+02	3.932995E-03	8.342984E-04
5.521340E+02	3.795483E-03	7.888411E-04
5.610650E+02	3.661265E-03	7.458554E-04
5.701390E+02	3.530250E-03	7.052192E-04
5.793610E+02	3.402310E-03	6.667919E-04
5.887320E+02	3.277337E-03	6.304585E-04
5.982540E+02	3.155062E-03	5.961071E-04
6.079300E+02	3.034744E-03	5.636263E-04
6.177630E+02	2.917556E-03	5.351149E-04
6.277550E+02	2.803788E-03	5.086074E-04
6.379080E+02	2.693514E-03	4.834143E-04
6.482260E+02	2.585967E-03	4.594684E-04
6.587110E+02	2.480846E-03	4.367076E-04
6.693650E+02	2.377912E-03	4.150755E-04
6.801910E+02	2.276903E-03	3.945157E-04
6.911930E+02	2.177621E-03	3.749723E-04
7.023720E+02	2.079913E-03	3.563981E-04
7.137330E+02	1.984262E-03	3.387441E-04
7.252770E+02	1.889848E-03	3.184985E-04
7.370080E+02	1.791438E-03	2.945321E-04
7.489280E+02	1.685144E-03	2.723694E-04
7.610420E+02	1.578403E-03	2.606430E-04
7.733510E+02	1.468609E-03	2.473571E-04
7.858590E+02	1.352266E-03	2.353004E-04
7.985700E+02	1.225374E-03	2.242712E-04
8.114860E+02	1.079262E-03	2.138083E-04
8.246110E+02	8.950460E-04	2.038343E-04
8.379490E+02	6.141416E-04	1.943267E-04
8.515020E+02	-4.139712E-04	1.852626E-04
8.526000E+02	-1.433068E-03	1.845533E-04
8.528000E+02	-1.431075E-03	1.482187E-03
8.652740E+02	5.782197E-04	1.411135E-03
8.792690E+02	8.691621E-04	1.336575E-03
8.934910E+02	1.015039E-03	1.265953E-03
9.079430E+02	1.100896E-03	1.199060E-03
9.226280E+02	1.152656E-03	1.135707E-03
9.375510E+02	1.182676E-03	1.076795E-03
9.527150E+02	1.196081E-03	1.020202E-03
9.681240E+02	1.191289E-03	9.659828E-04
9.837830E+02	1.172871E-03	9.263511E-04
9.996950E+02	1.138854E-03	9.141230E-04
1.015860E+03	1.167959E-03	9.302674E-04
1.032290E+03	1.203343E-03	8.819457E-04
1.048990E+03	1.203014E-03	8.353248E-04
1.065960E+03	1.197470E-03	7.908578E-04
1.083200E+03	1.187280E-03	7.487529E-04
1.100720E+03	1.173628E-03	7.088851E-04
1.118520E+03	1.157412E-03	6.711391E-04
1.136610E+03	1.139227E-03	6.354031E-04
1.155000E+03	1.119520E-03	6.015625E-04
1.173680E+03	1.098677E-03	5.695342E-04
1.192660E+03	1.076974E-03	5.392134E-04
1.211950E+03	1.054638E-03	5.105020E-04
1.231550E+03	1.031884E-03	4.833205E-04
1.251470E+03	1.008858E-03	4.575008E-04
1.271720E+03	9.856185E-04	4.329643E-04
1.292290E+03	9.622355E-04	4.096468E-04
1.313190E+03	9.387929E-04	3.875868E-04
1.334430E+03	9.154066E-04	3.667115E-04
1.356010E+03	8.921592E-04	3.469612E-04
1.377940E+03	8.691120E-04	3.282767E-04
1.400230E+03	8.463136E-04	3.105947E-04
1.422880E+03	8.238221E-04	2.938645E-04
1.445890E+03	8.016859E-04	2.780398E-04
1.469280E+03	7.799665E-04	2.630256E-04
1.493040E+03	7.586448E-04	2.487685E-04
1.517190E+03	7.376926E-04	2.350606E-04
1.541730E+03	7.169958E-04	2.220803E-04
1.566670E+03	6.966477E-04	2.098181E-04
1.592010E+03	6.766992E-04	1.982321E-04
1.617760E+03	6.571574E-04	1.872847E-04
1.643920E+03	6.380451E-04	1.769423E-04
1.670510E+03	6.193602E-04	1.671706E-04
1.697530E+03	6.011167E-04	1.579398E-04
1.724990E+03	5.833382E-04	1.492203E-04
1.752890E+03	5.660102E-04	1.409157E-04
1.781240E+03	5.490887E-04	1.330530E-04
1.810050E+03	5.325614E-04	1.256144E-04
1.839320E+03	5.164538E-04	1.185929E-04
1.869070E+03	5.007588E-04	1.119627E-04
1.899300E+03	4.854762E-04	1.057026E-04
1.930020E+03	4.706066E-04	9.979444E-05
1.961240E+03	4.561368E-04	9.421592E-05
1.992960E+03	4.420725E-04	8.894793E-05
2.025200E+03	4.284112E-04	8.400603E-05
2.057950E+03	4.151543E-04	7.929039E-05
2.091240E+03	4.022674E-04	7.483372E-05
2.125060E+03	3.897378E-04	7.062469E-05
2.159430E+03	3.775689E-04	6.665031E-05
2.194360E+03	3.657486E-04	6.289359E-05
2.229850E+03	3.542772E-04	5.935014E-05
2.265920E+03	3.431417E-04	5.600123E-05
2.302570E+03	3.323346E-04	5.283847E-05
2.339810E+03	3.218492E-04	4.985474E-05
2.377660E+03	3.116749E-04	4.703645E-05
2.416110E+03	3.018123E-04	4.437800E-05
2.455190E+03	2.922442E-04	4.186600E-05
2.494900E+03	2.829668E-04	3.949511E-05
2.535260E+03	2.739725E-04	3.725895E-05
2.576260E+03	2.652544E-04	3.514621E-05
2.617930E+03	2.568022E-04	3.315330E-05
2.660270E+03	2.486122E-04	3.127207E-05
2.703300E+03	2.406737E-04	2.949686E-05
2.747030E+03	2.329814E-04	2.782131E-05
2.791460E+03	2.255297E-04	2.624046E-05
2.836610E+03	2.183090E-04	2.474846E-05
2.882490E+03	2.113150E-04	2.334094E-05
2.929110E+03	2.045401E-04	2.201268E-05
2.976480E+03	1.979780E-04	2.075962E-05
3.024630E+03	1.916211E-04	1.957723E-05
3.073550E+03	1.854654E-04	1.846177E-05
3.123260E+03	1.795043E-04	1.740922E-05
3.173780E+03	1.737310E-04	1.641627E-05
3.225110E+03	1.681410E-04	1.547956E-05
3.277270E+03	1.627279E-04	1.459616E-05
3.330280E+03	1.574868E-04	1.376264E-05
3.384150E+03	1.524119E-04	1.297629E-05
3.438880E+03	1.474994E-04	1.223452E-05
3.494500E+03	1.427426E-04	1.153511E-05
3.551020E+03	1.381382E-04	1.087515E-05
3.608460E+03	1.336799E-04	1.025280E-05
3.666820E+03	1.293646E-04	9.665792E-06
3.726130E+03	1.251868E-04	9.112024E-06
3.786400E+03	1.211426E-04	8.589856E-06
3.847640E+03	1.172279E-04	8.097456E-06
3.909870E+03	1.134388E-04	7.632974E-06
3.973110E+03	1.097708E-04	7.195032E-06
4.037380E+03	1.062198E-04	6.781816E-06
4.102680E+03	1.027829E-04	6.392294E-06
4.169030E+03	9.945645E-05	6.024856E-06
4.236460E+03	9.623654E-05	5.678536E-06
4.304980E+03	9.311982E-05	5.351844E-06
4.374620E+03	9.010250E-05	5.043641E-06
4.445370E+03	8.718259E-05	4.753258E-06
4.517270E+03	8.435609E-05	4.479221E-06
4.590330E+03	8.162009E-05	4.221007E-06
4.664580E+03	7.897132E-05	3.977391E-06
4.740030E+03	7.640737E-05	3.747723E-06
4.816690E+03	7.392610E-05	3.531208E-06
4.894600E+03	7.152375E-05	3.327107E-06
4.973770E+03	6.919813E-05	3.134560E-06
5.054210E+03	6.694688E-05	2.953008E-06
5.135960E+03	6.476738E-05	2.781977E-06
5.219030E+03	6.265745E-05	2.620651E-06
5.303440E+03	6.061470E-05	2.468529E-06
5.389220E+03	5.863687E-05	2.325150E-06
5.476390E+03	5.672157E-05	2.189912E-06
5.564970E+03	5.486694E-05	2.062601E-06
5.654980E+03	5.307096E-05	1.942361E-06
5.746440E+03	5.133172E-05	1.829161E-06
5.839390E+03	4.964681E-05	1.722451E-06
5.933830E+03	4.801504E-05	1.621831E-06
6.029810E+03	4.643385E-05	1.526927E-06
6.127330E+03	4.490182E-05	1.437570E-06
6.226440E+03	4.341698E-05	1.353261E-06
6.327150E+03	4.197743E-05	1.273836E-06
6.429480E+03	4.058181E-05	1.198983E-06
6.533480E+03	3.922788E-05	1.128408E-06
6.639150E+03	3.791414E-05	1.061913E-06
6.746540E+03	3.663862E-05	9.992432E-07
6.855650E+03	3.539961E-05	9.401816E-07
6.966540E+03	3.419466E-05	8.845318E-07
7.079220E+03	3.302202E-05	8.320767E-07
7.193720E+03	3.187880E-05	7.826541E-07
7.310070E+03	3.076242E-05	7.360818E-07
7.428310E+03	2.966898E-05	6.922131E-07
7.548450E+03	2.859395E-05	6.508661E-07
7.670540E+03	2.753017E-05	6.119174E-07
7.794610E+03	2.646688E-05	5.752244E-07
7.920680E+03	2.538496E-05	5.406601E-07
8.048790E+03	2.424269E-05	5.080891E-07
8.178980E+03	2.292006E-05	4.774135E-07
8.311260E+03	2.035574E-05	4.485533E-07
8.332700E+03	1.511011E-05	4.440841E-07
8.332900E+03	1.510984E-05	3.472812E-06
8.445690E+03	2.135697E-05	3.314823E-06
8.582290E+03	2.145123E-05	3.135659E-06
8.721110E+03	2.119776E-05	2.965547E-06
8.862160E+03	2.081852E-05	2.804118E-06
9.005500E+03	2.037862E-05	2.650967E-06
9.151160E+03	1.990659E-05	2.505674E-06
9.299170E+03	1.941756E-05	2.367833E-06
9.449580E+03	1.892040E-05	2.237195E-06
9.602420E+03	1.842092E-05	2.113429E-06
9.757730E+03	1.792290E-05	1.996114E-06
9.915550E+03	1.742903E-05	1.885117E-06
1.007590E+04	1.694132E-05	1.779922E-06
1.023890E+04	1.646092E-05	1.680310E-06
1.040450E+04	1.598897E-05	1.586045E-06
1.057280E+04	1.552608E-05	1.496838E-06
1.074380E+04	1.507289E-05	1.412446E-06
1.091760E+04	1.462959E-05	1.332621E-06
1.109420E+04	1.419658E-05	1.257136E-06
1.127360E+04	1.377405E-05	1.185779E-06
1.145590E+04	1.336194E-05	1.118331E-06
1.164120E+04	1.296020E-05	1.054571E-06
1.182950E+04	1.256884E-05	9.943243E-07
1.202080E+04	1.218794E-05	9.374165E-07
1.221530E+04	1.181704E-05	8.836471E-07
1.241280E+04	1.145655E-05	8.328851E-07
1.261360E+04	1.110582E-05	7.849395E-07
1.281760E+04	1.076499E-05	7.396791E-07
1.302500E+04	1.043363E-05	6.969464E-07
1.323560E+04	1.011191E-05	6.566285E-07
1.344970E+04	9.799345E-06	6.185696E-07
1.366720E+04	9.495919E-06	5.826686E-07
1.388830E+04	9.201221E-06	5.487894E-07
1.411290E+04	8.915258E-06	5.168373E-07
1.434120E+04	8.637702E-06	4.866995E-07
1.457310E+04	8.368448E-06	4.582811E-07
1.480890E+04	8.107078E-06	4.314754E-07
1.504840E+04	7.853658E-06	4.062091E-07
1.529180E+04	7.607863E-06	3.823917E-07
1.553910E+04	7.369509E-06	3.599404E-07
1.579040E+04	7.138370E-06	3.387827E-07
1.604580E+04	6.914254E-06	3.188400E-07
1.630540E+04	6.696905E-06	3.000456E-07
1.656910E+04	6.486283E-06	2.823435E-07
1.683710E+04	6.282104E-06	2.656629E-07
1.710940E+04	6.084226E-06	2.499527E-07
1.738610E+04	5.892459E-06	2.351548E-07
1.766740E+04	5.706535E-06	2.212141E-07
1.795310E+04	5.526473E-06	2.080888E-07
1.824350E+04	5.351933E-06	1.957285E-07
1.853860E+04	5.182830E-06	1.840913E-07
1.883840E+04	5.019021E-06	1.731347E-07
1.914310E+04	4.860295E-06	1.628198E-07
1.945270E+04	4.706552E-06	1.531106E-07
1.976740E+04	4.557549E-06	1.439702E-07
2.008710E+04	4.413273E-06	1.353687E-07
2.041200E+04	4.273491E-06	1.272736E-07
2.074210E+04	4.138129E-06	1.196564E-07
2.107760E+04	4.006989E-06	1.124880E-07
2.141850E+04	3.879986E-06	1.057438E-07
2.176500E+04	3.756940E-06	9.939762E-08
2.211700E+04	3.637818E-06	9.342837E-08
2.247470E+04	3.522433E-06	8.781304E-08
2.283820E+04	3.410703E-06	8.253086E-08
2.320760E+04	3.302476E-06	7.756233E-08
2.358300E+04	3.197666E-06	7.288921E-08
2.396440E+04	3.096189E-06	6.849490E-08
2.435200E+04	2.997914E-06	6.436204E-08
2.474590E+04	2.902741E-06	6.047581E-08
2.514620E+04	2.810573E-06	5.682128E-08
2.555290E+04	2.721347E-06	5.338560E-08
2.596620E+04	2.634941E-06	5.015533E-08
2.638610E+04	2.551284E-06	4.711874E-08
2.681290E+04	2.470264E-06	4.426373E-08
2.724660E+04	2.391809E-06	4.157998E-08
2.768730E+04	2.315848E-06	3.905727E-08
2.813510E+04	2.242311E-06	3.668623E-08
2.859020E+04	2.171093E-06	3.445759E-08
2.905260E+04	2.102169E-06	3.236319E-08
2.952250E+04	2.035465E-06	3.039476E-08
3.000000E+04	1.970494E-06	2.854497E-08
3.040000E+04	1.918620E-06	2.738012E-08
3.080000E+04	1.868838E-06	2.601493E-08
3.120000E+04	1.820961E-06	2.473412E-08
3.150000E+04	1.786252E-06	2.382515E-08
3.190000E+04	1.741496E-06	2.267741E-08
3.230000E+04	1.698395E-06	2.159825E-08
3.260000E+04	1.667108E-06	2.083092E-08
3.300000E+04	1.626719E-06	1.986029E-08
3.340000E+04	1.587781E-06	1.894234E-08
3.380000E+04	1.550225E-06	1.807709E-08
3.410000E+04	1.522922E-06	1.746045E-08
3.450000E+04	1.487623E-06	1.667874E-08
3.490000E+04	1.453538E-06	1.594046E-08
3.530000E+04	1.420612E-06	1.524160E-08
3.570000E+04	1.388788E-06	1.458033E-08
3.603000E+04	1.363329E-06	1.406170E-08
3.650000E+04	1.328265E-06	1.336234E-08
3.700000E+04	1.292421E-06	1.266557E-08
3.750000E+04	1.258016E-06	1.201374E-08
3.800000E+04	1.224959E-06	1.140344E-08
3.850000E+04	1.193191E-06	1.082948E-08
3.900000E+04	1.162640E-06	1.029126E-08
3.950000E+04	1.133252E-06	9.786154E-09
4.000000E+04	1.104960E-06	9.311759E-09
4.080000E+04	1.061849E-06	8.608267E-09
4.150000E+04	1.026159E-06	8.046562E-09
4.230000E+04	9.875321E-07	7.459604E-09
4.300000E+04	9.554921E-07	6.989438E-09
4.380000E+04	9.207531E-07	6.495763E-09
4.450000E+04	8.918802E-07	6.099106E-09
4.530000E+04	8.605224E-07	5.681791E-09
4.600000E+04	8.344161E-07	5.344986E-09
4.650000E+04	8.164897E-07	5.119601E-09
4.700000E+04	7.991361E-07	4.905986E-09
4.750000E+04	7.823283E-07	4.703413E-09
4.800000E+04	7.660465E-07	4.511171E-09
4.850000E+04	7.502691E-07	4.328673E-09
4.900000E+04	7.349702E-07	4.155314E-09
4.950000E+04	7.201383E-07	3.990554E-09
5.000000E+04	7.057498E-07	3.833907E-09
5.050000E+04	6.917895E-07	3.684277E-09
5.100000E+04	6.782384E-07	3.541897E-09
5.150000E+04	6.650806E-07	3.406339E-09
5.200000E+04	6.523009E-07	3.277196E-09
5.250000E+04	6.398897E-07	3.154109E-09
5.300000E+04	6.278263E-07	3.036739E-09
5.350000E+04	6.161022E-07	2.924809E-09
5.400000E+04	6.047005E-07	2.817949E-09
5.450000E+04	5.936179E-07	2.715960E-09
5.500000E+04	5.828345E-07	2.618525E-09
5.600000E+04	5.621287E-07	2.435968E-09
5.680000E+04	5.463511E-07	2.301247E-09
5.753000E+04	5.325263E-07	2.186338E-09
5.800000E+04	5.239008E-07	2.116131E-09
5.850000E+04	5.149523E-07	2.044377E-09
5.954000E+04	4.970613E-07	1.904585E-09
5.980000E+04	4.927344E-07	1.871530E-09
6.000000E+04	4.894445E-07	1.846581E-09
6.080000E+04	4.766066E-07	1.750169E-09
6.150000E+04	4.657839E-07	1.670896E-09
6.230000E+04	4.538611E-07	1.585732E-09
6.300000E+04	4.437997E-07	1.515627E-09
6.400000E+04	4.299964E-07	1.422047E-09
6.500000E+04	4.168274E-07	1.335564E-09
6.590000E+04	4.054866E-07	1.263188E-09
6.683000E+04	3.942459E-07	1.193463E-09
6.740000E+04	3.875865E-07	1.153094E-09
6.800000E+04	3.807579E-07	1.112423E-09
6.900000E+04	3.697711E-07	1.048531E-09
7.000000E+04	3.592522E-07	9.891504E-10
7.100000E+04	3.491762E-07	9.337998E-10
7.200000E+04	3.395176E-07	8.822555E-10
7.280000E+04	3.320777E-07	8.435537E-10
7.350000E+04	3.257663E-07	8.114100E-10
7.420000E+04	3.196327E-07	7.807798E-10
7.496000E+04	3.131675E-07	7.491384E-10
7.550000E+04	3.086927E-07	7.276231E-10
7.600000E+04	3.046335E-07	7.083835E-10
7.711000E+04	2.959051E-07	6.678889E-10
7.790000E+04	2.899193E-07	6.408154E-10
7.860000E+04	2.847662E-07	6.179611E-10
7.930000E+04	2.797490E-07	5.961131E-10
8.000000E+04	2.748630E-07	5.752193E-10
8.080000E+04	2.694346E-07	5.524110E-10
8.150000E+04	2.648158E-07	5.333707E-10
8.230000E+04	2.596814E-07	5.126013E-10
8.300000E+04	2.553096E-07	4.952484E-10
8.400000E+04	2.492537E-07	4.717085E-10
8.500000E+04	2.434103E-07	4.495475E-10
8.650000E+04	2.350248E-07	4.186817E-10
8.800000E+04	2.270638E-07	3.904118E-10
8.900000E+04	2.219796E-07	3.728800E-10
9.000000E+04	2.170640E-07	3.563182E-10
9.150000E+04	2.099920E-07	3.331355E-10
9.300000E+04	2.032596E-07	3.118022E-10
9.400000E+04	1.989502E-07	2.985205E-10
9.500000E+04	1.947761E-07	2.859361E-10
9.650000E+04	1.887572E-07	2.682737E-10
9.800000E+04	1.830126E-07	2.519494E-10
9.900000E+04	1.793277E-07	2.417511E-10
9.950000E+04	1.775268E-07	2.368449E-10
1.000000E+05	1.757534E-07	2.320615E-10
1.015000E+05	1.705886E-07	2.184215E-10
1.030000E+05	1.656479E-07	2.057662E-10
1.040000E+05	1.624724E-07	1.978338E-10
1.050000E+05	1.593873E-07	1.902794E-10
1.065000E+05	1.549225E-07	1.796086E-10
1.080000E+05	1.506425E-07	1.696733E-10
1.090000E+05	1.478869E-07	1.634286E-10
1.100000E+05	1.452056E-07	1.574676E-10
1.115000E+05	1.413199E-07	1.490249E-10
1.130000E+05	1.375876E-07	1.411387E-10
1.140000E+05	1.351810E-07	1.361689E-10
1.150000E+05	1.328364E-07	1.314153E-10
1.165000E+05	1.294336E-07	1.246658E-10
1.180000E+05	1.261593E-07	1.183424E-10
1.190000E+05	1.240448E-07	1.143480E-10
1.200000E+05	1.219834E-07	1.105226E-10
1.220000E+05	1.180116E-07	1.033415E-10
1.240000E+05	1.142310E-07	9.673274E-11
1.255000E+05	1.115131E-07	9.211875E-11
1.270000E+05	1.088914E-07	8.777626E-11
1.285000E+05	1.063610E-07	8.368555E-11
1.300000E+05	1.039181E-07	7.982981E-11
1.315000E+05	1.015579E-07	7.619986E-11
1.330000E+05	9.927757E-08	7.277351E-11
1.345000E+05	9.707311E-08	6.953714E-11
1.360000E+05	9.494123E-08	6.647805E-11
1.375000E+05	9.287909E-08	6.358499E-11
1.390000E+05	9.088304E-08	6.084748E-11
1.405000E+05	8.895093E-08	5.825629E-11
1.420000E+05	8.707974E-08	5.580436E-11
1.440000E+05	8.467523E-08	5.273194E-11
1.454000E+05	8.305069E-08	5.070583E-11
1.460000E+05	8.236890E-08	4.986736E-11
1.467000E+05	8.158412E-08	4.891072E-11
1.480000E+05	8.015574E-08	4.719438E-11
1.490000E+05	7.908231E-08	4.592474E-11
1.495000E+05	7.855365E-08	4.530583E-11
1.500000E+05	7.803055E-08	4.469748E-11
1.520000E+05	7.598872E-08	4.237026E-11
1.540000E+05	7.402622E-08	4.019230E-11
1.560000E+05	7.213847E-08	3.815216E-11
1.580000E+05	7.032223E-08	3.623979E-11
1.600000E+05	6.857369E-08	3.444535E-11
1.620000E+05	6.688953E-08	3.276072E-11
1.635000E+05	6.566689E-08	3.156413E-11
1.650000E+05	6.447745E-08	3.042159E-11
1.670000E+05	6.294120E-08	2.898085E-11
1.690000E+05	6.145896E-08	2.762446E-11
1.710000E+05	6.002866E-08	2.634642E-11
1.730000E+05	5.864769E-08	2.514117E-11
1.750000E+05	5.731401E-08	2.400433E-11
1.770000E+05	5.602509E-08	2.293080E-11
1.785000E+05	5.508686E-08	2.216478E-11
1.800000E+05	5.417179E-08	2.143049E-11
1.830000E+05	5.240910E-08	2.005295E-11
1.850000E+05	5.128132E-08	1.919574E-11
1.880000E+05	4.965668E-08	1.799939E-11
1.900000E+05	4.861608E-08	1.725560E-11
1.930000E+05	4.711560E-08	1.621325E-11
1.950000E+05	4.615342E-08	1.556191E-11
1.980000E+05	4.476463E-08	1.464507E-11
2.000000E+05	4.387334E-08	1.407121E-11
2.030000E+05	4.258541E-08	1.326560E-11
2.050000E+05	4.175808E-08	1.276047E-11
2.080000E+05	4.056163E-08	1.204708E-11
2.100000E+05	3.979214E-08	1.159912E-11
2.130000E+05	3.867857E-08	1.096557E-11
2.150000E+05	3.796204E-08	1.056717E-11
2.180000E+05	3.692388E-08	1.000448E-11
2.200000E+05	3.625520E-08	9.650108E-12
2.230000E+05	3.528590E-08	9.147623E-12
2.260000E+05	3.435484E-08	8.677574E-12
2.290000E+05	3.346025E-08	8.237407E-12
2.320000E+05	3.260002E-08	7.824988E-12
2.350000E+05	3.177265E-08	7.438168E-12
2.380000E+05	3.097638E-08	7.075317E-12
2.410000E+05	3.020966E-08	6.734355E-12
2.447000E+05	2.930257E-08	6.341582E-12
2.480000E+05	2.852763E-08	6.015117E-12
2.520000E+05	2.762888E-08	5.643649E-12
2.560000E+05	2.677193E-08	5.304106E-12
2.600000E+05	2.595415E-08	4.989623E-12
2.650000E+05	2.498363E-08	4.628523E-12
2.700000E+05	2.406662E-08	4.299204E-12
2.750000E+05	2.319909E-08	3.998514E-12
2.792000E+05	2.250613E-08	3.766085E-12
2.820000E+05	2.206126E-08	3.620486E-12
2.850000E+05	2.159918E-08	3.472191E-12
2.900000E+05	2.086058E-08	3.241542E-12
2.950000E+05	2.015922E-08	3.029332E-12
2.980000E+05	1.975523E-08	2.910327E-12
3.000000E+05	1.949263E-08	2.834236E-12
3.020000E+05	1.923524E-08	2.763012E-12
3.040000E+05	1.898291E-08	2.694036E-12
3.080000E+05	1.849285E-08	2.562467E-12
3.120000E+05	1.802158E-08	2.438903E-12
3.165000E+05	1.751264E-08	2.308730E-12
3.180000E+05	1.734775E-08	2.267292E-12
3.201000E+05	1.712082E-08	2.210846E-12
3.260000E+05	1.650660E-08	2.061484E-12
3.320000E+05	1.591525E-08	1.922413E-12
3.380000E+05	1.535506E-08	1.794969E-12
3.410000E+05	1.508602E-08	1.735241E-12
3.443000E+05	1.479817E-08	1.672406E-12
3.510000E+05	1.423851E-08	1.553407E-12
3.570000E+05	1.376383E-08	1.455776E-12
3.640000E+05	1.323945E-08	1.351446E-12
3.700000E+05	1.281345E-08	1.269420E-12
3.780000E+05	1.227669E-08	1.169574E-12
3.850000E+05	1.183424E-08	1.090207E-12
3.930000E+05	1.135726E-08	1.007630E-12
4.000000E+05	1.096315E-08	9.417560E-13
4.015000E+05	1.088135E-08	9.289889E-13
4.030000E+05	1.080050E-08	9.164434E-13
4.060000E+05	1.064144E-08	8.919905E-13
4.111000E+05	1.037901E-08	8.522974E-13
4.118000E+05	1.034375E-08	8.470280E-13
4.210000E+05	9.896543E-09	7.814623E-13
4.300000E+05	9.486536E-09	7.234541E-13
4.370000E+05	9.185021E-09	6.820861E-13
4.440000E+05	8.897623E-09	6.436891E-13
4.500000E+05	8.661903E-09	6.129468E-13
4.560000E+05	8.435428E-09	5.840481E-13
4.680500E+05	8.006620E-09	5.310689E-13
4.740000E+05	7.806843E-09	5.071654E-13
4.800000E+05	7.612865E-09	4.844320E-13
4.900000E+05	7.305280E-09	4.493500E-13
4.950000E+05	7.158418E-09	4.330197E-13
5.000000E+05	7.015966E-09	4.174404E-13
5.080000E+05	6.796706E-09	3.939835E-13
5.150000E+05	6.613173E-09	3.748202E-13
5.230000E+05	6.412383E-09	3.543497E-13
5.300000E+05	6.244118E-09	3.375938E-13
5.400000E+05	6.014952E-09	3.153663E-13
5.450000E+05	5.905092E-09	3.049518E-13
5.500000E+05	5.798194E-09	2.952296E-13
5.580000E+05	5.633130E-09	2.809504E-13
5.650000E+05	5.494393E-09	2.691797E-13
5.800000E+05	5.213838E-09	2.460221E-13
5.900000E+05	5.038577E-09	2.320005E-13
6.000000E+05	4.872007E-09	2.189924E-13
6.150000E+05	4.637229E-09	2.012010E-13
6.300000E+05	4.419022E-09	1.852328E-13
6.460000E+05	4.202819E-09	1.699590E-13
6.616000E+05	4.006943E-09	1.566041E-13
6.710000E+05	3.895463E-09	1.492058E-13
6.800000E+05	3.793017E-09	1.425411E-13
7.000000E+05	3.579357E-09	1.290513E-13
7.120000E+05	3.459721E-09	1.218657E-13
7.233000E+05	3.352452E-09	1.158384E-13
7.500000E+05	3.117995E-09	1.030722E-13
7.789000E+05	2.890899E-09	9.125487E-14
7.890000E+05	2.817350E-09	8.754582E-14
8.000000E+05	2.740406E-09	8.372773E-14
8.300000E+05	2.545875E-09	7.437506E-14
8.674000E+05	2.331057E-09	6.454138E-14
8.780000E+05	2.275111E-09	6.206757E-14
8.892000E+05	2.218160E-09	5.964365E-14
9.000000E+05	2.165235E-09	5.745253E-14
9.300000E+05	2.027796E-09	5.189923E-14
9.640000E+05	1.887272E-09	4.643184E-14
9.800000E+05	1.826150E-09	4.412165E-14
1.000000E+06	1.753828E-09	4.144298E-14
1.004800E+06	1.737112E-09	4.077840E-14
1.017000E+06	1.695685E-09	3.915038E-14
1.030000E+06	1.653151E-09	3.761370E-14
1.040000E+06	1.621513E-09	3.653076E-14
1.050000E+06	1.590774E-09	3.548359E-14
1.070000E+06	1.531856E-09	3.349210E-14
1.085800E+06	1.487599E-09	3.201129E-14
1.100000E+06	1.449440E-09	3.074641E-14
1.120500E+06	1.396889E-09	2.902436E-14
1.121100E+06	1.395394E-09	2.897576E-14
1.150000E+06	1.326137E-09	2.674625E-14
1.173200E+06	1.274207E-09	2.510627E-14
1.220000E+06	1.178323E-09	2.228487E-14
1.274500E+06	1.079699E-09	1.953339E-14
1.300000E+06	1.037757E-09	1.838861E-14
1.332500E+06	9.877521E-10	1.704881E-14
1.408000E+06	8.846582E-10	1.438006E-14
1.450000E+06	8.341513E-10	1.312235E-14
1.480000E+06	8.006771E-10	1.230822E-14
1.500000E+06	7.794680E-10	1.180073E-14
1.600000E+06	6.850769E-10	9.696052E-15
1.650000E+06	6.441861E-10	8.822735E-15
1.700000E+06	6.068501E-10	8.047307E-15
1.780000E+06	5.535276E-10	6.978505E-15
1.850000E+06	5.124315E-10	6.187870E-15
1.930000E+06	4.708289E-10	5.418930E-15
1.970000E+06	4.519030E-10	5.080122E-15
2.000000E+06	4.384476E-10	4.843608E-15
2.050000E+06	4.173208E-10	4.490165E-15
2.100000E+06	3.976849E-10	4.177438E-15
2.200000E+06	3.623534E-10	3.631736E-15
2.350000E+06	3.175718E-10	2.973875E-15
2.500000E+06	2.806055E-10	2.462050E-15
2.600000E+06	2.594355E-10	2.182781E-15
2.700000E+06	2.405740E-10	1.943069E-15
2.850000E+06	2.159168E-10	1.643478E-15
3.000000E+06	1.948649E-10	1.400898E-15
3.100000E+06	1.824958E-10	1.269765E-15
3.200000E+06	1.712680E-10	1.154153E-15
3.500000E+06	1.431661E-10	8.801774E-16
3.700000E+06	1.281070E-10	7.431944E-16
4.000000E+06	1.096111E-10	5.853862E-16
4.200000E+06	9.942052E-11	5.056486E-16
4.500000E+06	8.660632E-11	4.106732E-16
4.700000E+06	7.939239E-11	3.599992E-16
5.000000E+06	7.015112E-11	2.982640E-16
5.004150E+06	7.003481E-11	2.975237E-16
5.500000E+06	5.797613E-11	2.239218E-16
6.000000E+06	4.871605E-11	1.720838E-16
6.500000E+06	4.150954E-11	1.352886E-16
7.000000E+06	3.579139E-11	1.081651E-16
7.500000E+06	3.117827E-11	8.791024E-17
8.000000E+06	2.740278E-11	7.236141E-17
8.500000E+06	2.427374E-11	6.031452E-17
9.000000E+06	2.165158E-11	5.077465E-17
1.000000E+07	1.753778E-11	3.697898E-17
