1.000000E-01	-3.080000E+00	5.020000E+01
1.500000E-01	-1.900000E+00	3.360000E+01
2.000000E-01	-1.440000E+00	2.510000E+01
2.500000E-01	-1.350000E+00	2.000000E+01
3.000000E-01	-1.230000E+00	1.660000E+01
3.500000E-01	-1.330000E+00	1.410000E+01
4.000000E-01	-1.450000E+00	1.230000E+01
4.500000E-01	-1.430000E+00	1.100000E+01
5.000000E-01	-1.410000E+00	9.970000E+00
5.500000E-01	-1.330000E+00	9.120000E+00
6.000000E-01	-1.210000E+00	8.370000E+00
6.500000E-01	-1.110000E+00	7.680000E+00
7.000000E-01	-1.020000E+00	7.040000E+00
7.500000E-01	-1.000000E+00	6.460000E+00
8.000000E-01	-1.000000E+00	5.950000E+00
8.500000E-01	-1.010000E+00	5.510000E+00
9.000000E-01	-1.030000E+00	5.100000E+00
9.500000E-01	-1.050000E+00	4.740000E+00
1.000000E+00	-1.090000E+00	4.410000E+00
1.050000E+00	-1.120000E+00	4.110000E+00
1.100000E+00	-1.150000E+00	3.840000E+00
1.150000E+00	-1.170000E+00	3.590000E+00
1.200000E+00	-1.160000E+00	3.350000E+00
1.250000E+00	-1.190000E+00	3.040000E+00
1.300000E+00	-1.250000E+00	2.770000E+00
1.350000E+00	-1.350000E+00	2.480000E+00
1.400000E+00	-1.490000E+00	2.230000E+00
1.450000E+00	-1.650000E+00	2.010000E+00
1.500000E+00	-1.840000E+00	1.800000E+00
1.530000E+00	-1.990000E+00	1.700000E+00
1.570000E+00	-2.210000E+00	1.630000E+00
1.600000E+00	-2.360000E+00	1.620000E+00
1.650000E+00	-2.570000E+00	1.660000E+00
1.700000E+00	-2.700000E+00	1.750000E+00
1.750000E+00	-2.760000E+00	1.800000E+00
1.800000E+00	-2.780000E+00	1.830000E+00
1.850000E+00	-2.790000E+00	1.810000E+00
1.900000E+00	-2.810000E+00	1.750000E+00
1.950000E+00	-2.880000E+00	1.670000E+00
2.000000E+00	-2.980000E+00	1.600000E+00
2.100000E+00	-3.260000E+00	1.540000E+00
2.200000E+00	-3.580000E+00	1.620000E+00
2.300000E+00	-3.840000E+00	1.760000E+00
2.400000E+00	-4.100000E+00	2.010000E+00
2.500000E+00	-4.280000E+00	2.380000E+00
2.600000E+00	-4.360000E+00	2.820000E+00
2.700000E+00	-4.300000E+00	3.380000E+00
2.800000E+00	-4.050000E+00	3.780000E+00
2.900000E+00	-3.650000E+00	4.180000E+00
3.000000E+00	-3.050000E+00	4.400000E+00
3.100000E+00	-2.510000E+00	4.210000E+00
3.200000E+00	-2.290000E+00	3.960000E+00
3.300000E+00	-2.150000E+00	3.880000E+00
3.400000E+00	-1.930000E+00	3.790000E+00
3.500000E+00	-1.790000E+00	3.590000E+00
3.600000E+00	-1.750000E+00	3.450000E+00
3.700000E+00	-1.730000E+00	3.370000E+00
3.800000E+00	-1.730000E+00	3.320000E+00
3.900000E+00	-1.730000E+00	3.310000E+00
4.000000E+00	-1.710000E+00	3.340000E+00
4.100000E+00	-1.640000E+00	3.400000E+00
4.200000E+00	-1.530000E+00	3.440000E+00
4.300000E+00	-1.390000E+00	3.470000E+00
4.400000E+00	-1.240000E+00	3.440000E+00
4.500000E+00	-1.110000E+00	3.380000E+00
4.600000E+00	-1.010000E+00	3.310000E+00
4.700000E+00	-9.400000E-01	3.240000E+00
4.800000E+00	-8.800000E-01	3.190000E+00
4.900000E+00	-8.200000E-01	3.150000E+00
5.000000E+00	-7.400000E-01	3.120000E+00
5.100000E+00	-6.500000E-01	3.070000E+00
5.200000E+00	-5.800000E-01	3.000000E+00
5.300000E+00	-5.200000E-01	2.940000E+00
5.400000E+00	-4.600000E-01	2.880000E+00
5.500000E+00	-4.100000E-01	2.830000E+00
5.600000E+00	-3.600000E-01	2.770000E+00
5.700000E+00	-3.200000E-01	2.710000E+00
5.800000E+00	-2.700000E-01	2.650000E+00
5.900000E+00	-2.400000E-01	2.600000E+00
6.000000E+00	-2.000000E-01	2.540000E+00
6.200000E+00	-1.300000E-01	2.440000E+00
6.400000E+00	-6.000000E-02	2.330000E+00
6.600000E+00	-1.000000E-02	2.210000E+00
6.800000E+00	3.000000E-02	2.110000E+00
7.000000E+00	5.000000E-02	2.000000E+00
7.200000E+00	8.000000E-02	1.910000E+00
7.600000E+00	1.000000E-01	1.720000E+00
7.800000E+00	1.000000E-01	1.630000E+00
8.000000E+00	9.000000E-02	1.550000E+00
8.400000E+00	6.000000E-02	1.400000E+00
8.600000E+00	4.000000E-02	1.340000E+00
8.800000E+00	2.000000E-02	1.290000E+00
9.000000E+00	-1.000000E-02	1.240000E+00
9.200000E+00	-4.000000E-02	1.190000E+00
9.400000E+00	-8.000000E-02	1.160000E+00
9.600000E+00	-1.000000E-01	1.140000E+00
9.800000E+00	-1.300000E-01	1.110000E+00
1.000000E+01	-1.600000E-01	1.100000E+00
1.020000E+01	-1.900000E-01	1.080000E+00
1.030000E+01	-2.000000E-01	1.080000E+00
1.040000E+01	-2.200000E-01	1.080000E+00
1.060000E+01	-2.400000E-01	1.100000E+00
1.080000E+01	-2.500000E-01	1.110000E+00
1.100000E+01	-2.400000E-01	1.130000E+00
1.120000E+01	-2.300000E-01	1.140000E+00
1.140000E+01	-1.900000E-01	1.150000E+00
1.160000E+01	-1.700000E-01	1.120000E+00
1.180000E+01	-1.600000E-01	1.100000E+00
1.200000E+01	-1.500000E-01	1.080000E+00
1.220000E+01	-1.400000E-01	1.060000E+00
1.240000E+01	-1.400000E-01	1.030000E+00
1.260000E+01	-1.700000E-01	1.120000E+00
1.280000E+01	-1.500000E-01	1.010000E+00
1.300000E+01	-1.600000E-01	9.900000E-01
1.320000E+01	-1.600000E-01	9.800000E-01
1.340000E+01	-1.700000E-01	9.700000E-01
1.360000E+01	-1.700000E-01	9.700000E-01
1.380000E+01	-1.800000E-01	9.600000E-01
1.400000E+01	-1.700000E-01	9.600000E-01
1.420000E+01	-1.700000E-01	9.600000E-01
1.440000E+01	-1.600000E-01	9.400000E-01
1.460000E+01	-1.500000E-01	9.300000E-01
1.480000E+01	-1.600000E-01	9.100000E-01
1.500000E+01	-1.600000E-01	9.000000E-01
1.520000E+01	-1.700000E-01	8.900000E-01
1.540000E+01	-1.800000E-01	8.700000E-01
1.560000E+01	-2.000000E-01	8.600000E-01
1.580000E+01	-2.200000E-01	8.600000E-01
1.600000E+01	-2.500000E-01	8.700000E-01
1.620000E+01	-2.600000E-01	8.800000E-01
1.640000E+01	-2.800000E-01	9.000000E-01
1.660000E+01	-2.800000E-01	9.200000E-01
1.680000E+01	-2.800000E-01	9.400000E-01
1.700000E+01	-2.800000E-01	9.600000E-01
1.720000E+01	-2.700000E-01	9.700000E-01
1.740000E+01	-2.700000E-01	9.900000E-01
1.760000E+01	-2.600000E-01	1.010000E+00
1.780000E+01	-2.400000E-01	1.030000E+00
1.800000E+01	-2.300000E-01	1.040000E+00
1.820000E+01	-2.100000E-01	1.060000E+00
1.840000E+01	-1.900000E-01	1.080000E+00
1.860000E+01	-1.700000E-01	1.090000E+00
1.880000E+01	-1.400000E-01	1.100000E+00
1.900000E+01	-1.200000E-01	1.100000E+00
1.920000E+01	-1.000000E-01	1.100000E+00
1.940000E+01	-7.000000E-02	1.110000E+00
1.960000E+01	-5.000000E-02	1.110000E+00
1.980000E+01	-2.000000E-02	1.110000E+00
2.020000E+01	4.000000E-02	1.100000E+00
2.040000E+01	7.000000E-02	1.090000E+00
2.080000E+01	1.100000E-01	1.050000E+00
2.101000E+01	1.300000E-01	1.040000E+00
2.120000E+01	1.400000E-01	1.020000E+00
2.160000E+01	1.700000E-01	9.900000E-01
2.200000E+01	2.000000E-01	9.600000E-01
2.240000E+01	2.200000E-01	9.300000E-01
2.280000E+01	2.300000E-01	9.000000E-01
2.320000E+01	2.500000E-01	8.800000E-01
2.360000E+01	2.500000E-01	8.600000E-01
2.400000E+01	2.700000E-01	8.400000E-01
2.440000E+01	2.800000E-01	8.200000E-01
2.480000E+01	3.000000E-01	8.000000E-01
2.560000E+01	3.300000E-01	7.500000E-01
2.600000E+01	3.400000E-01	7.200000E-01
2.640000E+01	3.500000E-01	6.900000E-01
2.680000E+01	3.700000E-01	6.600000E-01
2.720000E+01	3.500000E-01	6.200000E-01
2.800000E+01	3.600000E-01	5.900000E-01
2.840000E+01	3.600000E-01	5.700000E-01
2.920000E+01	3.500000E-01	5.300000E-01
2.930000E+01	4.763167E-01	4.727317E-01
2.977390E+01	4.704233E-01	4.526662E-01
3.025550E+01	4.639924E-01	4.326150E-01
3.074490E+01	4.590850E-01	4.116785E-01
3.124210E+01	4.516182E-01	3.905135E-01
3.174750E+01	4.429318E-01	3.704339E-01
3.226090E+01	4.335508E-01	3.513900E-01
3.278270E+01	4.238162E-01	3.333234E-01
3.331300E+01	4.141009E-01	3.161583E-01
3.385180E+01	4.040347E-01	2.988832E-01
3.439930E+01	3.934590E-01	2.825519E-01
3.495570E+01	3.828319E-01	2.671123E-01
3.552110E+01	3.725260E-01	2.525165E-01
3.609560E+01	3.640809E-01	2.387187E-01
3.667940E+01	3.595777E-01	2.197720E-01
3.727270E+01	3.474046E-01	1.979021E-01
3.787550E+01	3.317105E-01	1.782101E-01
3.848820E+01	3.145636E-01	1.594228E-01
3.911070E+01	2.945748E-01	1.419005E-01
3.974320E+01	2.717914E-01	1.251679E-01
4.038610E+01	2.429232E-01	1.151369E-01
4.103930E+01	2.181447E-01	1.098170E-01
4.170310E+01	1.930081E-01	1.072049E-01
4.237760E+01	1.703488E-01	1.069715E-01
4.306300E+01	1.464512E-01	1.082614E-01
4.375950E+01	1.248346E-01	1.146973E-01
4.446730E+01	1.045171E-01	1.231083E-01
4.518650E+01	8.742022E-02	1.338477E-01
4.591740E+01	7.201214E-02	1.455243E-01
4.666000E+01	5.889248E-02	1.607991E-01
4.741470E+01	4.930141E-02	1.776869E-01
4.818160E+01	4.378912E-02	1.959437E-01
4.896090E+01	4.214021E-02	2.149727E-01
4.975280E+01	4.688511E-02	2.347960E-01
5.055760E+01	5.587728E-02	2.507628E-01
5.137530E+01	7.254319E-02	2.668815E-01
5.220620E+01	9.018391E-02	2.674654E-01
5.305060E+01	1.049269E-01	2.680497E-01
5.390870E+01	1.178949E-01	2.639461E-01
5.478060E+01	1.289826E-01	2.596826E-01
5.566670E+01	1.389641E-01	2.533044E-01
5.656700E+01	1.476671E-01	2.467516E-01
5.748200E+01	1.572669E-01	2.393350E-01
5.841170E+01	1.644437E-01	2.286137E-01
5.935640E+01	1.695409E-01	2.183715E-01
6.031650E+01	1.743961E-01	2.076567E-01
6.129210E+01	1.770664E-01	1.960949E-01
6.228340E+01	1.786517E-01	1.851758E-01
6.329080E+01	1.799624E-01	1.735450E-01
6.431450E+01	1.789651E-01	1.616950E-01
6.535470E+01	1.763343E-01	1.506554E-01
6.641180E+01	1.721557E-01	1.410123E-01
6.748590E+01	1.683085E-01	1.329803E-01
6.857750E+01	1.644902E-01	1.254054E-01
6.968670E+01	1.604984E-01	1.182627E-01
7.081380E+01	1.560859E-01	1.118481E-01
7.195910E+01	1.520591E-01	1.061900E-01
7.312300E+01	1.482050E-01	1.008170E-01
7.430570E+01	1.444411E-01	9.571670E-02
7.550760E+01	1.407487E-01	9.087491E-02
7.672890E+01	1.371298E-01	8.627698E-02
7.796990E+01	1.336049E-01	8.191210E-02
7.923100E+01	1.302284E-01	7.776830E-02
8.051250E+01	1.272263E-01	7.371683E-02
8.181470E+01	1.239843E-01	6.911128E-02
8.313800E+01	1.204188E-01	6.479333E-02
8.448270E+01	1.166855E-01	6.074525E-02
8.584910E+01	1.128752E-01	5.695008E-02
8.723770E+01	1.090171E-01	5.339185E-02
8.864870E+01	1.051257E-01	5.005614E-02
9.008250E+01	1.012006E-01	4.692867E-02
9.153950E+01	9.720427E-02	4.399680E-02
9.302010E+01	9.294624E-02	4.124794E-02
9.452460E+01	8.881463E-02	3.939188E-02
9.605350E+01	8.510164E-02	3.768008E-02
9.760710E+01	8.160070E-02	3.604266E-02
9.918580E+01	7.823105E-02	3.447639E-02
1.007900E+02	7.492417E-02	3.297821E-02
1.024200E+02	7.154303E-02	3.169880E-02
1.040770E+02	6.843877E-02	3.065754E-02
1.057600E+02	6.552619E-02	2.965098E-02
1.074710E+02	6.269518E-02	2.867704E-02
1.092090E+02	5.980894E-02	2.782114E-02
1.109750E+02	5.714358E-02	2.719418E-02
1.127700E+02	5.465570E-02	2.658118E-02
1.145940E+02	5.224402E-02	2.598197E-02
1.164480E+02	4.974154E-02	2.551557E-02
1.183310E+02	4.751158E-02	2.527953E-02
1.202450E+02	4.549587E-02	2.504545E-02
1.221900E+02	4.361177E-02	2.481353E-02
1.241660E+02	4.183988E-02	2.458390E-02
1.261750E+02	4.016354E-02	2.435605E-02
1.282150E+02	3.857230E-02	2.413083E-02
1.302890E+02	3.705049E-02	2.390735E-02
1.323970E+02	3.555915E-02	2.369808E-02
1.345380E+02	3.416475E-02	2.356649E-02
1.367140E+02	3.287196E-02	2.343548E-02
1.389250E+02	3.165792E-02	2.330527E-02
1.411720E+02	3.051456E-02	2.317569E-02
1.434560E+02	2.943667E-02	2.304665E-02
1.457760E+02	2.842086E-02	2.291860E-02
1.481340E+02	2.746410E-02	2.279118E-02
1.505300E+02	2.656746E-02	2.266122E-02
1.529640E+02	2.572050E-02	2.252684E-02
1.554390E+02	2.492198E-02	2.239295E-02
1.579530E+02	2.417498E-02	2.226031E-02
1.605070E+02	2.348180E-02	2.212840E-02
1.631030E+02	2.285671E-02	2.199722E-02
1.657420E+02	2.227819E-02	2.180546E-02
1.684220E+02	2.171576E-02	2.160500E-02
1.711460E+02	2.117856E-02	2.140636E-02
1.739150E+02	2.068381E-02	2.120923E-02
1.767270E+02	2.029595E-02	2.097072E-02
1.795860E+02	1.986649E-02	2.064664E-02
1.824910E+02	1.940838E-02	2.032749E-02
1.854420E+02	1.895273E-02	2.001354E-02
1.884420E+02	1.850280E-02	1.970416E-02
1.914890E+02	1.806132E-02	1.939975E-02
1.945870E+02	1.762845E-02	1.909991E-02
1.977340E+02	1.720459E-02	1.880478E-02
2.009320E+02	1.678114E-02	1.851421E-02
2.041820E+02	1.637325E-02	1.825185E-02
2.074850E+02	1.598859E-02	1.799449E-02
2.108400E+02	1.562240E-02	1.774095E-02
2.142510E+02	1.527182E-02	1.749066E-02
2.177160E+02	1.493647E-02	1.724417E-02
2.212370E+02	1.460758E-02	1.700113E-02
2.248160E+02	1.430641E-02	1.678713E-02
2.284520E+02	1.404637E-02	1.655125E-02
2.321470E+02	1.378645E-02	1.629982E-02
2.359020E+02	1.352812E-02	1.605215E-02
2.397170E+02	1.327979E-02	1.580832E-02
2.435950E+02	1.304214E-02	1.556803E-02
2.475350E+02	1.281643E-02	1.533149E-02
2.515380E+02	1.260363E-02	1.509865E-02
2.556070E+02	1.240537E-02	1.486922E-02
2.597410E+02	1.222987E-02	1.464332E-02
2.639420E+02	1.206818E-02	1.440125E-02
2.682110E+02	1.191304E-02	1.415938E-02
2.725490E+02	1.177712E-02	1.392161E-02
2.769570E+02	1.168426E-02	1.365411E-02
2.814370E+02	1.157373E-02	1.335013E-02
2.859890E+02	1.143885E-02	1.302797E-02
2.906150E+02	1.128746E-02	1.270984E-02
2.953150E+02	1.112493E-02	1.239921E-02
3.000920E+02	1.095708E-02	1.209622E-02
3.049450E+02	1.078634E-02	1.180084E-02
3.098780E+02	1.061433E-02	1.151280E-02
3.148900E+02	1.044213E-02	1.123160E-02
3.199830E+02	1.027023E-02	1.095725E-02
3.251580E+02	1.009967E-02	1.068985E-02
3.304180E+02	9.930651E-03	1.042855E-02
3.357620E+02	9.763516E-03	1.017377E-02
3.411920E+02	9.598874E-03	9.925379E-03
3.467110E+02	9.437162E-03	9.683081E-03
3.523190E+02	9.278837E-03	9.446677E-03
3.580170E+02	9.124052E-03	9.215929E-03
3.638080E+02	8.973389E-03	8.990887E-03
3.696920E+02	8.827671E-03	8.771403E-03
3.756720E+02	8.687779E-03	8.557160E-03
3.817480E+02	8.556082E-03	8.348205E-03
3.879220E+02	8.437545E-03	8.140168E-03
3.941970E+02	8.335540E-03	7.928164E-03
4.005730E+02	8.234034E-03	7.684128E-03
4.070520E+02	8.108047E-03	7.433210E-03
4.136350E+02	7.968731E-03	7.190619E-03
4.203260E+02	7.821695E-03	6.955998E-03
4.271240E+02	7.669088E-03	6.729090E-03
4.340320E+02	7.511061E-03	6.509287E-03
4.410520E+02	7.347573E-03	6.296825E-03
4.481860E+02	7.163087E-03	6.096370E-03
4.554350E+02	6.983246E-03	5.926771E-03
4.628020E+02	6.813796E-03	5.778635E-03
4.702870E+02	6.661211E-03	5.643065E-03
4.778940E+02	6.523650E-03	5.510726E-03
4.856230E+02	6.395585E-03	5.381307E-03
4.934780E+02	6.275942E-03	5.254868E-03
5.014590E+02	6.165246E-03	5.131676E-03
5.095700E+02	6.064825E-03	5.011215E-03
5.178120E+02	5.981363E-03	4.889543E-03
5.261870E+02	5.908976E-03	4.756942E-03
5.346980E+02	5.837455E-03	4.602601E-03
5.433460E+02	5.749632E-03	4.441116E-03
5.521340E+02	5.654192E-03	4.285270E-03
5.610650E+02	5.555343E-03	4.132296E-03
5.701390E+02	5.454222E-03	3.983172E-03
5.793610E+02	5.349398E-03	3.836340E-03
5.887320E+02	5.241913E-03	3.694231E-03
5.982540E+02	5.132142E-03	3.556976E-03
6.079300E+02	5.020683E-03	3.424812E-03
6.177630E+02	4.907298E-03	3.297572E-03
6.277550E+02	4.788969E-03	3.175864E-03
6.379080E+02	4.667959E-03	3.068166E-03
6.482260E+02	4.551023E-03	2.977835E-03
6.587110E+02	4.451253E-03	2.899009E-03
6.693650E+02	4.368913E-03	2.822264E-03
6.801910E+02	4.301283E-03	2.729048E-03
6.911930E+02	4.229583E-03	2.624705E-03
7.023720E+02	4.148296E-03	2.518307E-03
7.137330E+02	4.063645E-03	2.414739E-03
7.252770E+02	3.976230E-03	2.314440E-03
7.370080E+02	3.887682E-03	2.218319E-03
7.489280E+02	3.798997E-03	2.126184E-03
7.610420E+02	3.710854E-03	2.037828E-03
7.733510E+02	3.623898E-03	1.952797E-03
7.858590E+02	3.537969E-03	1.870109E-03
7.985700E+02	3.452028E-03	1.789961E-03
8.114860E+02	3.366625E-03	1.713251E-03
8.246110E+02	3.282218E-03	1.639811E-03
8.379490E+02	3.199170E-03	1.569501E-03
8.515020E+02	3.117570E-03	1.501755E-03
8.652740E+02	3.037318E-03	1.436434E-03
8.792690E+02	2.958006E-03	1.373524E-03
8.934910E+02	2.879906E-03	1.313350E-03
9.079430E+02	2.803306E-03	1.255803E-03
9.226280E+02	2.728665E-03	1.200763E-03
9.375510E+02	2.655369E-03	1.146872E-03
9.527150E+02	2.583171E-03	1.095084E-03
9.681240E+02	2.511963E-03	1.045367E-03
9.837830E+02	2.442011E-03	9.978888E-04
9.996950E+02	2.373532E-03	9.524611E-04
1.015860E+03	2.306709E-03	9.090010E-04
1.032290E+03	2.241115E-03	8.667298E-04
1.048990E+03	2.176653E-03	8.262062E-04
1.065960E+03	2.113214E-03	7.873652E-04
1.083200E+03	2.050962E-03	7.503442E-04
1.100720E+03	1.989975E-03	7.150532E-04
1.118520E+03	1.930302E-03	6.814199E-04
1.136610E+03	1.871931E-03	6.493398E-04
1.155000E+03	1.814852E-03	6.187532E-04
1.173680E+03	1.759109E-03	5.896085E-04
1.192660E+03	1.704682E-03	5.618313E-04
1.211950E+03	1.651562E-03	5.353481E-04
1.231550E+03	1.599762E-03	5.100957E-04
1.251470E+03	1.549243E-03	4.859208E-04
1.271720E+03	1.499932E-03	4.627553E-04
1.292290E+03	1.451688E-03	4.405443E-04
1.313190E+03	1.404504E-03	4.193905E-04
1.334430E+03	1.358390E-03	3.992427E-04
1.356010E+03	1.313346E-03	3.800554E-04
1.377940E+03	1.269331E-03	3.617796E-04
1.400230E+03	1.226314E-03	3.443768E-04
1.422880E+03	1.184284E-03	3.278098E-04
1.445890E+03	1.143212E-03	3.120237E-04
1.469280E+03	1.103035E-03	2.969775E-04
1.493040E+03	1.063748E-03	2.826419E-04
1.517190E+03	1.025220E-03	2.688944E-04
1.541730E+03	9.873876E-04	2.558037E-04
1.566670E+03	9.501992E-04	2.433469E-04
1.592010E+03	9.136048E-04	2.314869E-04
1.617760E+03	8.775115E-04	2.202027E-04
1.643920E+03	8.418364E-04	2.094693E-04
1.670510E+03	8.064366E-04	1.992507E-04
1.697530E+03	7.711619E-04	1.895249E-04
1.724990E+03	7.358476E-04	1.802703E-04
1.752890E+03	7.001498E-04	1.713720E-04
1.781240E+03	6.636181E-04	1.628794E-04
1.810050E+03	6.256283E-04	1.547791E-04
1.839320E+03	5.851591E-04	1.470812E-04
1.869070E+03	5.403235E-04	1.397645E-04
1.899300E+03	4.869411E-04	1.328152E-04
1.930020E+03	4.117327E-04	1.262042E-04
1.960000E+03	-2.534640E-05	1.201637E-04
1.960200E+03	-2.537053E-05	3.487370E-04
1.961240E+03	1.513467E-04	3.481333E-04
1.992960E+03	3.622779E-04	3.303741E-04
2.025200E+03	3.150921E-04	3.135180E-04
2.030700E+03	1.358843E-04	3.107548E-04
2.030900E+03	1.362438E-04	4.559930E-04
2.057950E+03	4.109978E-04	4.359806E-04
2.091240E+03	4.557768E-04	4.128863E-04
2.125060E+03	4.771111E-04	3.910216E-04
2.159430E+03	4.878343E-04	3.703105E-04
2.194360E+03	4.921875E-04	3.506950E-04
2.229850E+03	4.922174E-04	3.321256E-04
2.265920E+03	4.890456E-04	3.145386E-04
2.302570E+03	4.833198E-04	2.978916E-04
2.339810E+03	4.753260E-04	2.821258E-04
2.377660E+03	4.648637E-04	2.671926E-04
2.416110E+03	4.504208E-04	2.530645E-04
2.455190E+03	4.068261E-04	2.396854E-04
2.457100E+03	3.703037E-04	2.390556E-04
2.457300E+03	3.703590E-04	2.775997E-04
2.494900E+03	4.365186E-04	2.631575E-04
2.535260E+03	4.368590E-04	2.487118E-04
2.576260E+03	4.325091E-04	2.350636E-04
2.617930E+03	4.259521E-04	2.221666E-04
2.660270E+03	4.179799E-04	2.099908E-04
2.703300E+03	4.088258E-04	1.984780E-04
2.747030E+03	3.981665E-04	1.876063E-04
2.791460E+03	3.749504E-04	1.773378E-04
2.792100E+03	3.678543E-04	1.771947E-04
2.792300E+03	3.678577E-04	1.883519E-04
2.836610E+03	3.808848E-04	1.783837E-04
2.882490E+03	3.741820E-04	1.687669E-04
2.929110E+03	3.661007E-04	1.596698E-04
2.976480E+03	3.571847E-04	1.510743E-04
3.024630E+03	3.468881E-04	1.429417E-04
3.048400E+03	3.322883E-04	1.391343E-04
3.048600E+03	3.322564E-04	1.451945E-04
3.073550E+03	3.387880E-04	1.412436E-04
3.123260E+03	3.325601E-04	1.337765E-04
3.173780E+03	3.251705E-04	1.266953E-04
3.225110E+03	3.174545E-04	1.199744E-04
3.277270E+03	3.096123E-04	1.136002E-04
3.330280E+03	3.017414E-04	1.075581E-04
3.384150E+03	2.938966E-04	1.018280E-04
3.438880E+03	2.861111E-04	9.639348E-05
3.494500E+03	2.784078E-04	9.124311E-05
3.551020E+03	2.708039E-04	8.635892E-05
3.608460E+03	2.633138E-04	8.173463E-05
3.666820E+03	2.559526E-04	7.735142E-05
3.726130E+03	2.487232E-04	7.319693E-05
3.786400E+03	2.416339E-04	6.926130E-05
3.847640E+03	2.346872E-04	6.553163E-05
3.909870E+03	2.278878E-04	6.200127E-05
3.973110E+03	2.212404E-04	5.865772E-05
4.037380E+03	2.147448E-04	5.548925E-05
4.102680E+03	2.083994E-04	5.248691E-05
4.169030E+03	2.022064E-04	4.964673E-05
4.236460E+03	1.961665E-04	4.695727E-05
4.304980E+03	1.902778E-04	4.441045E-05
4.374620E+03	1.845380E-04	4.199953E-05
4.445370E+03	1.789486E-04	3.971706E-05
4.517270E+03	1.735056E-04	3.755700E-05
4.590330E+03	1.682083E-04	3.551248E-05
4.664580E+03	1.630532E-04	3.357736E-05
4.740030E+03	1.580391E-04	3.174613E-05
4.816690E+03	1.531641E-04	3.001332E-05
4.894600E+03	1.484242E-04	2.837357E-05
4.973770E+03	1.438176E-04	2.682236E-05
5.054210E+03	1.393422E-04	2.535479E-05
5.135960E+03	1.349942E-04	2.396632E-05
5.219030E+03	1.307715E-04	2.265309E-05
5.303440E+03	1.266713E-04	2.141082E-05
5.389220E+03	1.226904E-04	2.023573E-05
5.476390E+03	1.188258E-04	1.912447E-05
5.564970E+03	1.150755E-04	1.807354E-05
5.654980E+03	1.114363E-04	1.707946E-05
5.746440E+03	1.079054E-04	1.613971E-05
5.839390E+03	1.044795E-04	1.525088E-05
5.933830E+03	1.011569E-04	1.441067E-05
6.029810E+03	9.793407E-05	1.361638E-05
6.127330E+03	9.480891E-05	1.286527E-05
6.226440E+03	9.177802E-05	1.215523E-05
6.327150E+03	8.883942E-05	1.148395E-05
6.429480E+03	8.599050E-05	1.084948E-05
6.533480E+03	8.322827E-05	1.024950E-05
6.639150E+03	8.055070E-05	9.682468E-06
6.746540E+03	7.795487E-05	9.146602E-06
6.855650E+03	7.543917E-05	8.639918E-06
6.966540E+03	7.300025E-05	8.161243E-06
7.079220E+03	7.063657E-05	7.708815E-06
7.193720E+03	6.834572E-05	7.281095E-06
7.310070E+03	6.612511E-05	6.876920E-06
7.428310E+03	6.397279E-05	6.495140E-06
7.548450E+03	6.188687E-05	6.134182E-06
7.670540E+03	5.986495E-05	5.793295E-06
7.794610E+03	5.790489E-05	5.471010E-06
7.920680E+03	5.600494E-05	5.166675E-06
8.048790E+03	5.416299E-05	4.878821E-06
8.178980E+03	5.237671E-05	4.606942E-06
8.311260E+03	5.064473E-05	4.350111E-06
8.445690E+03	4.896454E-05	4.107490E-06
8.582290E+03	4.733455E-05	3.878241E-06
8.721110E+03	4.575254E-05	3.661725E-06
8.862160E+03	4.421671E-05	3.457021E-06
9.005500E+03	4.272458E-05	3.263733E-06
9.151160E+03	4.127414E-05	3.081084E-06
9.299170E+03	3.986302E-05	2.908608E-06
9.449580E+03	3.848836E-05	2.745634E-06
9.602420E+03	3.714714E-05	2.591723E-06
9.757730E+03	3.583548E-05	2.446170E-06
9.915550E+03	3.454848E-05	2.308792E-06
1.007590E+04	3.327821E-05	2.176871E-06
1.023890E+04	3.201030E-05	2.052391E-06
1.040450E+04	3.072355E-05	1.934971E-06
1.057280E+04	2.936282E-05	1.824188E-06
1.074380E+04	2.772005E-05	1.719699E-06
1.087080E+04	2.113615E-05	1.646977E-06
1.087100E+04	2.113563E-05	4.270155E-06
1.091760E+04	2.606347E-05	4.201025E-06
1.109420E+04	2.650109E-05	3.951483E-06
1.127360E+04	2.609519E-05	3.716799E-06
1.145590E+04	2.550130E-05	3.496057E-06
1.164120E+04	2.482139E-05	3.288398E-06
1.182950E+04	2.408610E-05	3.093068E-06
1.202080E+04	2.329469E-05	2.909367E-06
1.221530E+04	2.239618E-05	2.736528E-06
1.238490E+04	1.944121E-05	2.596229E-06
1.238510E+04	1.944100E-05	3.641016E-06
1.241280E+04	2.116198E-05	3.611030E-06
1.261360E+04	2.119154E-05	3.403085E-06
1.281760E+04	2.067134E-05	3.207122E-06
1.296790E+04	1.926440E-05	3.071866E-06
1.296810E+04	1.926399E-05	3.531430E-06
1.302500E+04	2.006268E-05	3.477631E-06
1.323560E+04	1.978644E-05	3.287397E-06
1.344970E+04	1.935317E-05	3.107105E-06
1.366720E+04	1.888320E-05	2.936372E-06
1.388830E+04	1.839901E-05	2.774640E-06
1.411290E+04	1.791068E-05	2.621533E-06
1.434120E+04	1.742303E-05	2.476572E-06
1.457310E+04	1.693957E-05	2.339387E-06
1.480890E+04	1.646188E-05	2.209535E-06
1.504840E+04	1.599191E-05	2.086703E-06
1.529180E+04	1.553036E-05	1.970499E-06
1.553910E+04	1.507805E-05	1.860594E-06
1.579040E+04	1.463535E-05	1.756656E-06
1.604580E+04	1.420255E-05	1.658368E-06
1.630540E+04	1.377981E-05	1.565429E-06
1.656910E+04	1.336750E-05	1.477592E-06
1.683710E+04	1.296546E-05	1.394562E-06
1.710940E+04	1.257380E-05	1.316102E-06
1.738610E+04	1.219241E-05	1.241961E-06
1.766740E+04	1.182103E-05	1.171892E-06
1.795310E+04	1.145993E-05	1.105717E-06
1.824350E+04	1.110867E-05	1.043198E-06
1.853860E+04	1.076718E-05	9.841475E-07
1.883840E+04	1.043540E-05	9.283865E-07
1.914310E+04	1.011300E-05	8.757258E-07
1.945270E+04	9.799866E-06	8.260043E-07
1.976740E+04	9.495717E-06	7.790522E-07
2.008710E+04	9.200516E-06	7.347349E-07
2.041200E+04	8.913956E-06	6.928979E-07
2.074210E+04	8.635898E-06	6.534142E-07
2.107760E+04	8.366042E-06	6.161434E-07
2.141850E+04	8.104262E-06	5.809719E-07
2.176500E+04	7.850269E-06	5.477768E-07
2.211700E+04	7.603996E-06	5.164608E-07
2.247470E+04	7.365171E-06	4.869128E-07
2.283820E+04	7.133584E-06	4.590340E-07
2.320760E+04	6.909037E-06	4.327337E-07
2.358300E+04	6.691332E-06	4.079223E-07
2.396440E+04	6.480347E-06	3.845211E-07
2.435200E+04	6.275823E-06	3.624480E-07
2.474590E+04	6.077587E-06	3.416288E-07
2.514620E+04	5.885466E-06	3.219933E-07
2.555290E+04	5.699325E-06	3.034775E-07
2.596620E+04	5.518944E-06	2.860174E-07
2.638610E+04	5.344208E-06	2.695548E-07
2.681290E+04	5.174867E-06	2.540299E-07
2.724660E+04	5.010812E-06	2.393917E-07
2.768730E+04	4.851887E-06	2.255917E-07
2.813510E+04	4.697950E-06	2.125810E-07
2.859020E+04	4.548818E-06	2.003154E-07
2.905260E+04	4.404421E-06	1.887531E-07
2.952250E+04	4.265019E-06	1.778530E-07
3.000000E+04	4.127522E-06	1.675789E-07
3.040000E+04	4.016489E-06	1.627882E-07
3.080000E+04	3.912184E-06	1.550871E-07
3.120000E+04	3.811853E-06	1.478426E-07
3.150000E+04	3.739096E-06	1.426896E-07
3.190000E+04	3.645252E-06	1.361677E-07
3.230000E+04	3.554885E-06	1.300202E-07
3.260000E+04	3.489282E-06	1.256390E-07
3.300000E+04	3.404583E-06	1.200850E-07
3.340000E+04	3.322903E-06	1.148162E-07
3.380000E+04	3.244113E-06	1.098370E-07
3.410000E+04	3.186822E-06	1.062815E-07
3.450000E+04	3.112754E-06	1.017645E-07
3.490000E+04	3.041217E-06	9.748842E-08
3.530000E+04	2.972108E-06	9.343339E-08
3.570000E+04	2.905305E-06	8.958862E-08
3.603000E+04	2.851863E-06	8.656646E-08
3.650000E+04	2.778241E-06	8.248203E-08
3.700000E+04	2.702989E-06	7.840122E-08
3.750000E+04	2.630733E-06	7.457301E-08
3.800000E+04	2.561321E-06	7.097911E-08
3.850000E+04	2.494605E-06	6.759994E-08
3.900000E+04	2.430447E-06	6.442231E-08
3.950000E+04	2.368716E-06	6.143143E-08
4.000000E+04	2.309294E-06	5.861481E-08
4.050000E+04	2.252063E-06	5.595008E-08
4.100000E+04	2.196922E-06	5.343718E-08
4.150000E+04	2.143769E-06	5.106552E-08
4.200000E+04	2.092510E-06	4.882583E-08
4.240000E+04	2.052804E-06	4.712286E-08
4.280000E+04	2.014211E-06	4.549459E-08
4.352220E+04	1.947218E-06	4.273098E-08
4.420000E+04	1.887316E-06	4.032809E-08
4.480000E+04	1.836552E-06	3.834226E-08
4.540000E+04	1.787793E-06	3.647646E-08
4.600000E+04	1.740939E-06	3.472290E-08
4.650000E+04	1.703271E-06	3.334253E-08
4.700000E+04	1.666803E-06	3.203099E-08
4.750000E+04	1.631487E-06	3.078399E-08
4.800000E+04	1.597272E-06	2.959774E-08
4.850000E+04	1.564111E-06	2.846907E-08
4.900000E+04	1.531964E-06	2.739420E-08
4.950000E+04	1.500786E-06	2.637018E-08
5.000000E+04	1.470545E-06	2.539422E-08
5.100000E+04	1.412710E-06	2.356782E-08
5.200000E+04	1.358179E-06	2.190452E-08
5.300000E+04	1.306705E-06	2.038694E-08
5.400000E+04	1.258062E-06	1.900011E-08
5.500000E+04	1.212043E-06	1.773030E-08
5.600000E+04	1.168460E-06	1.656524E-08
5.680000E+04	1.135230E-06	1.570213E-08
5.753000E+04	1.106103E-06	1.496357E-08
5.800000E+04	1.087924E-06	1.451122E-08
5.850000E+04	1.069059E-06	1.404885E-08
5.900000E+04	1.050667E-06	1.360755E-08
5.954000E+04	1.031315E-06	1.314529E-08
5.980000E+04	1.022181E-06	1.293097E-08
6.000000E+04	1.015235E-06	1.276911E-08
6.080000E+04	9.881192E-07	1.214552E-08
6.150000E+04	9.652373E-07	1.163117E-08
6.190000E+04	9.525012E-07	1.135077E-08
6.230000E+04	9.400028E-07	1.107658E-08
6.260000E+04	9.307801E-07	1.087808E-08
6.300000E+04	9.186823E-07	1.061849E-08
6.350000E+04	9.038682E-07	1.030746E-08
6.400000E+04	8.893850E-07	1.000482E-08
6.450000E+04	8.752205E-07	9.716228E-09
6.500000E+04	8.613640E-07	9.435312E-09
6.550000E+04	8.478028E-07	9.166977E-09
6.590000E+04	8.371594E-07	8.957379E-09
6.640000E+04	8.241005E-07	8.706120E-09
6.683000E+04	8.130805E-07	8.495229E-09
6.710000E+04	8.062565E-07	8.367109E-09
6.740000E+04	7.987574E-07	8.226828E-09
6.770000E+04	7.913453E-07	8.090256E-09
6.800000E+04	7.840135E-07	7.955778E-09
6.830000E+04	7.767629E-07	7.825349E-09
6.850000E+04	7.719706E-07	7.739501E-09
6.880000E+04	7.648437E-07	7.612339E-09
6.900000E+04	7.601312E-07	7.528625E-09
6.930000E+04	7.531178E-07	7.406963E-09
6.950000E+04	7.484781E-07	7.326862E-09
6.980000E+04	7.415665E-07	7.208204E-09
7.000000E+04	7.369888E-07	7.130074E-09
7.030000E+04	7.301629E-07	7.016260E-09
7.050000E+04	7.256363E-07	6.941309E-09
7.080000E+04	7.188750E-07	6.830266E-09
7.090000E+04	7.166275E-07	6.793620E-09
7.100000E+04	7.143820E-07	6.757144E-09
7.115000E+04	7.110175E-07	6.703769E-09
7.130000E+04	7.076556E-07	6.650782E-09
7.140000E+04	7.054144E-07	6.615672E-09
7.150000E+04	7.031733E-07	6.580733E-09
7.165000E+04	6.998078E-07	6.528631E-09
7.180000E+04	6.964367E-07	6.476916E-09
7.190000E+04	6.941841E-07	6.442647E-09
7.200000E+04	6.919251E-07	6.408544E-09
7.215000E+04	6.885231E-07	6.358612E-09
7.230000E+04	6.850991E-07	6.309040E-09
7.240000E+04	6.828007E-07	6.276193E-09
7.250000E+04	6.804862E-07	6.243502E-09
7.258000E+04	6.786211E-07	6.217453E-09
7.265000E+04	6.769767E-07	6.194755E-09
7.273000E+04	6.750830E-07	6.168892E-09
7.280000E+04	6.734105E-07	6.146356E-09
7.285000E+04	6.722076E-07	6.130297E-09
7.290000E+04	6.709925E-07	6.114275E-09
7.295000E+04	6.697681E-07	6.098302E-09
7.300000E+04	6.685326E-07	6.082357E-09
7.308000E+04	6.665284E-07	6.057401E-09
7.315000E+04	6.647433E-07	6.035650E-09
7.323000E+04	6.626600E-07	6.010871E-09
7.330000E+04	6.607909E-07	5.989265E-09
7.335000E+04	6.594251E-07	5.973883E-09
7.340000E+04	6.580287E-07	5.958527E-09
7.345000E+04	6.565972E-07	5.943217E-09
7.347000E+04	6.560139E-07	5.937104E-09
7.350000E+04	6.551244E-07	5.927944E-09
7.354000E+04	6.539110E-07	5.915741E-09
7.358000E+04	6.526625E-07	5.903571E-09
7.362000E+04	6.513701E-07	5.891415E-09
7.365000E+04	6.503682E-07	5.882320E-09
7.367000E+04	6.496836E-07	5.876264E-09
7.369000E+04	6.489823E-07	5.870213E-09
7.371000E+04	6.482637E-07	5.864168E-09
7.373000E+04	6.475258E-07	5.858120E-09
7.374500E+04	6.469577E-07	5.853594E-09
7.376000E+04	6.463774E-07	5.849071E-09
7.378000E+04	6.455798E-07	5.843046E-09
7.380000E+04	6.447533E-07	5.837027E-09
7.381500E+04	6.441123E-07	5.832516E-09
7.383000E+04	6.434491E-07	5.828008E-09
7.385000E+04	6.425291E-07	5.821994E-09
7.387000E+04	6.415603E-07	5.815994E-09
7.388500E+04	6.407954E-07	5.811498E-09
7.390000E+04	6.399933E-07	5.807006E-09
7.391000E+04	6.394340E-07	5.804012E-09
7.392000E+04	6.388542E-07	5.801020E-09
7.393000E+04	6.382487E-07	5.798029E-09
7.394000E+04	6.376174E-07	5.795040E-09
7.394700E+04	6.371559E-07	5.792945E-09
7.395500E+04	6.366090E-07	5.790550E-09
7.396300E+04	6.360371E-07	5.788165E-09
7.397000E+04	6.355151E-07	5.786072E-09
7.398000E+04	6.347269E-07	5.783088E-09
7.399000E+04	6.338808E-07	5.780106E-09
7.400000E+04	6.329661E-07	5.777125E-09
7.401000E+04	6.319673E-07	5.774146E-09
7.401500E+04	6.314287E-07	5.772657E-09
7.402000E+04	6.308597E-07	5.771168E-09
7.402500E+04	6.302567E-07	5.769679E-09
7.403000E+04	6.296162E-07	5.768191E-09
7.403500E+04	6.289265E-07	5.766703E-09
7.404000E+04	6.281841E-07	5.765216E-09
7.404500E+04	6.273755E-07	5.763729E-09
7.405000E+04	6.264891E-07	5.762242E-09
7.405500E+04	6.254998E-07	5.760756E-09
7.405800E+04	6.248476E-07	5.759859E-09
7.406000E+04	6.243835E-07	5.759261E-09
7.406300E+04	6.236364E-07	5.758373E-09
7.406500E+04	6.230972E-07	5.757775E-09
7.406800E+04	6.222195E-07	5.756887E-09
7.407000E+04	6.215764E-07	5.756290E-09
7.407300E+04	6.205027E-07	5.755402E-09
7.407500E+04	6.196985E-07	5.754805E-09
7.407700E+04	6.188048E-07	5.754216E-09
7.407900E+04	6.177947E-07	5.753619E-09
7.408050E+04	6.169418E-07	5.753171E-09
7.408200E+04	6.159779E-07	5.752732E-09
7.408300E+04	6.152597E-07	5.752433E-09
7.408400E+04	6.144601E-07	5.752134E-09
7.408500E+04	6.135674E-07	5.751836E-09
7.408600E+04	6.125313E-07	5.751537E-09
7.408750E+04	6.105716E-07	5.751098E-09
7.408900E+04	6.074331E-07	5.750650E-09
7.408900E+04	6.073964E-07	5.750650E-09
7.408910E+04	6.074673E-07	6.324908E-09
7.408930E+04	6.075554E-07	7.473424E-09
7.408970E+04	6.076957E-07	9.770435E-09
7.409050E+04	6.078689E-07	1.436422E-08
7.409120E+04	6.077688E-07	1.005694E-08
7.409190E+04	6.074205E-07	5.749788E-09
7.409290E+04	6.035204E-07	5.749499E-09
7.409390E+04	5.988117E-07	5.749200E-09
7.409490E+04	5.917630E-07	5.748911E-09
7.409590E+04	5.771853E-07	5.748612E-09
7.409670E+04	5.918221E-07	5.952101E-08
7.409740E+04	6.048881E-07	1.065699E-07
7.409790E+04	6.137845E-07	5.615821E-08
7.409840E+04	6.213472E-07	5.747875E-09
7.409870E+04	6.276997E-07	5.747801E-09
7.409890E+04	6.311817E-07	5.747735E-09
7.409990E+04	6.170084E-07	2.398970E-08
7.410140E+04	6.100013E-07	1.737355E-08
7.410220E+04	6.082913E-07	2.683049E-08
7.410300E+04	6.094521E-07	3.153992E-08
7.410400E+04	6.145986E-07	3.117231E-08
7.410500E+04	6.162528E-07	3.080346E-08
7.410600E+04	6.173769E-07	3.044386E-08
7.410700E+04	6.182609E-07	3.008418E-08
7.410800E+04	6.189175E-07	2.973088E-08
7.410900E+04	6.194272E-07	2.938199E-08
7.411000E+04	6.198465E-07	2.921691E-08
7.411100E+04	6.202255E-07	2.905274E-08
7.411200E+04	6.205803E-07	2.888948E-08
7.411300E+04	6.208948E-07	2.872640E-08
7.411380E+04	6.211177E-07	2.865139E-08
7.411450E+04	6.212957E-07	2.858595E-08
7.411520E+04	6.214630E-07	2.851997E-08
7.411600E+04	6.216671E-07	2.844434E-08
7.411700E+04	6.218795E-07	2.839614E-08
7.411800E+04	6.221071E-07	2.834721E-08
7.412000E+04	6.225058E-07	2.825054E-08
7.412150E+04	6.227724E-07	2.822425E-08
7.412300E+04	6.230309E-07	2.819796E-08
7.412450E+04	6.232741E-07	2.819843E-08
7.412600E+04	6.235138E-07	2.819890E-08
7.413000E+04	6.241149E-07	2.825375E-08
7.413200E+04	6.244033E-07	2.829526E-08
7.413500E+04	6.248261E-07	2.836499E-08
7.414000E+04	6.255075E-07	2.848497E-08
7.414500E+04	6.261602E-07	2.858882E-08
7.415000E+04	6.267796E-07	2.866438E-08
7.415500E+04	6.273612E-07	2.870808E-08
7.416000E+04	6.278971E-07	2.872281E-08
7.416500E+04	6.283855E-07	2.871527E-08
7.417000E+04	6.288272E-07	2.869308E-08
7.417400E+04	6.291481E-07	2.866925E-08
7.417800E+04	6.294431E-07	2.864551E-08
7.418200E+04	6.297148E-07	2.862169E-08
7.418500E+04	6.299024E-07	2.860383E-08
7.419300E+04	6.303633E-07	2.857989E-08
7.420000E+04	6.307230E-07	2.855896E-08
7.420500E+04	6.309586E-07	2.855850E-08
7.421000E+04	6.311825E-07	2.855804E-08
7.422000E+04	6.316034E-07	2.857106E-08
7.423500E+04	6.321797E-07	2.858985E-08
7.425000E+04	6.326923E-07	2.858642E-08
7.426500E+04	6.331348E-07	2.855855E-08
7.428000E+04	6.335056E-07	2.852046E-08
7.429000E+04	6.337182E-07	2.849898E-08
7.430000E+04	6.339057E-07	2.847759E-08
7.431500E+04	6.341573E-07	2.846520E-08
7.433000E+04	6.343846E-07	2.845283E-08
7.435000E+04	6.346482E-07	2.843637E-08
7.438000E+04	6.349638E-07	2.839494E-08
7.440000E+04	6.351244E-07	2.836742E-08
7.442000E+04	6.352527E-07	2.834170E-08
7.445000E+04	6.353956E-07	2.830316E-08
7.447000E+04	6.354622E-07	2.827759E-08
7.450000E+04	6.355246E-07	2.823914E-08
7.452000E+04	6.355439E-07	2.821097E-08
7.455000E+04	6.355412E-07	2.816871E-08
7.457000E+04	6.355204E-07	2.814052E-08
7.460000E+04	6.354653E-07	2.809836E-08
7.463000E+04	6.353844E-07	2.805627E-08
7.465000E+04	6.353167E-07	2.802818E-08
7.468000E+04	6.351978E-07	2.798618E-08
7.470000E+04	6.351071E-07	2.795824E-08
7.474000E+04	6.349019E-07	2.790596E-08
7.477000E+04	6.347303E-07	2.786686E-08
7.480000E+04	6.345438E-07	2.782782E-08
7.483000E+04	6.343442E-07	2.778882E-08
7.487000E+04	6.340587E-07	2.773686E-08
7.490000E+04	6.338296E-07	2.769799E-08
7.493000E+04	6.335910E-07	2.765909E-08
7.496000E+04	6.333456E-07	2.762033E-08
7.502000E+04	6.328335E-07	2.754262E-08
7.508000E+04	6.322996E-07	2.746503E-08
7.514000E+04	6.317327E-07	2.738774E-08
7.520000E+04	6.311519E-07	2.731058E-08
7.528000E+04	6.303448E-07	2.720814E-08
7.535000E+04	6.296080E-07	2.711873E-08
7.542000E+04	6.288505E-07	2.702968E-08
7.550000E+04	6.279576E-07	2.692818E-08
7.558000E+04	6.270378E-07	2.682438E-08
7.565000E+04	6.262130E-07	2.673386E-08
7.573000E+04	6.252593E-07	2.663077E-08
7.580000E+04	6.244140E-07	2.654087E-08
7.590000E+04	6.231888E-07	2.641772E-08
7.600000E+04	6.219457E-07	2.629512E-08
7.615000E+04	6.200525E-07	2.611947E-08
7.630000E+04	6.181338E-07	2.594500E-08
7.645000E+04	6.161952E-07	2.577825E-08
7.660000E+04	6.142443E-07	2.561270E-08
7.675000E+04	6.122873E-07	2.543789E-08
7.690000E+04	6.103151E-07	2.526424E-08
7.701000E+04	6.088638E-07	2.513757E-08
7.711000E+04	6.075395E-07	2.502304E-08
7.730000E+04	6.050108E-07	2.479526E-08
7.740000E+04	6.036766E-07	2.467616E-08
7.750000E+04	6.023400E-07	2.455758E-08
7.760000E+04	6.009992E-07	2.443946E-08
7.770000E+04	5.996561E-07	2.432194E-08
7.790000E+04	5.969625E-07	2.408848E-08
7.810000E+04	5.942710E-07	2.386409E-08
7.830000E+04	5.915799E-07	2.364176E-08
7.845000E+04	5.895626E-07	2.347626E-08
7.860000E+04	5.875470E-07	2.331185E-08
7.880000E+04	5.848652E-07	2.310093E-08
7.900000E+04	5.821913E-07	2.289194E-08
7.915000E+04	5.801908E-07	2.273634E-08
7.930000E+04	5.781934E-07	2.258175E-08
7.950000E+04	5.755384E-07	2.238480E-08
7.970000E+04	5.728966E-07	2.218953E-08
7.985000E+04	5.709228E-07	2.204417E-08
8.000000E+04	5.689552E-07	2.189973E-08
8.020000E+04	5.663427E-07	2.171075E-08
8.040000E+04	5.637424E-07	2.152346E-08
8.060000E+04	5.611532E-07	2.133768E-08
8.080000E+04	5.585775E-07	2.115347E-08
8.100000E+04	5.560144E-07	2.097090E-08
8.120000E+04	5.534644E-07	2.078979E-08
8.150000E+04	5.496668E-07	2.052102E-08
8.170000E+04	5.471521E-07	2.034369E-08
8.190000E+04	5.446487E-07	2.016792E-08
8.210000E+04	5.421589E-07	1.999355E-08
8.230000E+04	5.396831E-07	1.982063E-08
8.270000E+04	5.347713E-07	1.947917E-08
8.300000E+04	5.311259E-07	1.922676E-08
8.330000E+04	5.275112E-07	1.897564E-08
8.350000E+04	5.251163E-07	1.880995E-08
8.380000E+04	5.215495E-07	1.856405E-08
8.400000E+04	5.191881E-07	1.840174E-08
8.430000E+04	5.156716E-07	1.816424E-08
8.450000E+04	5.133430E-07	1.800750E-08
8.480000E+04	5.098766E-07	1.777480E-08
8.500000E+04	5.075827E-07	1.762122E-08
8.540000E+04	5.030352E-07	1.732352E-08
8.580000E+04	4.985408E-07	1.703059E-08
8.620000E+04	4.941008E-07	1.674240E-08
8.650000E+04	4.908049E-07	1.652921E-08
8.690000E+04	4.864572E-07	1.625472E-08
8.730000E+04	4.821612E-07	1.598455E-08
8.770000E+04	4.779168E-07	1.571863E-08
8.800000E+04	4.747661E-07	1.552192E-08
8.830000E+04	4.716445E-07	1.533294E-08
8.850000E+04	4.695792E-07	1.520816E-08
8.900000E+04	4.644724E-07	1.490045E-08
8.950000E+04	4.594440E-07	1.460257E-08
8.980000E+04	4.564629E-07	1.442663E-08
9.000000E+04	4.544911E-07	1.431044E-08
9.040000E+04	4.505826E-07	1.408564E-08
9.080000E+04	4.467229E-07	1.386418E-08
9.120000E+04	4.429104E-07	1.364612E-08
9.150000E+04	4.400813E-07	1.348472E-08
9.190000E+04	4.363495E-07	1.327630E-08
9.230000E+04	4.326628E-07	1.307092E-08
9.270000E+04	4.290211E-07	1.286864E-08
9.300000E+04	4.263185E-07	1.271889E-08
9.350000E+04	4.218685E-07	1.247636E-08
9.400000E+04	4.174854E-07	1.223825E-08
9.450000E+04	4.131679E-07	1.200728E-08
9.480000E+04	4.106085E-07	1.187073E-08
9.500000E+04	4.089146E-07	1.178054E-08
9.540000E+04	4.055581E-07	1.160426E-08
9.580000E+04	4.022407E-07	1.143057E-08
9.620000E+04	3.989631E-07	1.125931E-08
9.650000E+04	3.965297E-07	1.113249E-08
9.690000E+04	3.933193E-07	1.096845E-08
9.730000E+04	3.901466E-07	1.080678E-08
9.770000E+04	3.870105E-07	1.064733E-08
9.800000E+04	3.846831E-07	1.052925E-08
9.850000E+04	3.808489E-07	1.033815E-08
9.900000E+04	3.770709E-07	1.015035E-08
9.950000E+04	3.733474E-07	9.967936E-09
9.980000E+04	3.711397E-07	9.860014E-09
9.990000E+04	3.704084E-07	9.824320E-09
1.000000E+05	3.696793E-07	9.788701E-09
1.004000E+05	3.667824E-07	9.647445E-09
1.008000E+05	3.639174E-07	9.508118E-09
1.012000E+05	3.610851E-07	9.370688E-09
1.015000E+05	3.589820E-07	9.268842E-09
1.019000E+05	3.562057E-07	9.137024E-09
1.023000E+05	3.534603E-07	9.006980E-09
1.027000E+05	3.507459E-07	8.878680E-09
1.030000E+05	3.487298E-07	8.783561E-09
1.035000E+05	3.454080E-07	8.629497E-09
1.040000E+05	3.421320E-07	8.477938E-09
1.045000E+05	3.389015E-07	8.330633E-09
1.050000E+05	3.357154E-07	8.185698E-09
1.058000E+05	3.307095E-07	7.962001E-09
1.065000E+05	3.264184E-07	7.770976E-09
1.073000E+05	3.216141E-07	7.561531E-09
1.080000E+05	3.174956E-07	7.382636E-09
1.085000E+05	3.146016E-07	7.259031E-09
1.090000E+05	3.117460E-07	7.137378E-09
1.095000E+05	3.089284E-07	7.018992E-09
1.100000E+05	3.061487E-07	6.902419E-09
1.108000E+05	3.017770E-07	6.722159E-09
1.115000E+05	2.980275E-07	6.568094E-09
1.123000E+05	2.938260E-07	6.398857E-09
1.130000E+05	2.902213E-07	6.254130E-09
1.140000E+05	2.851841E-07	6.055371E-09
1.150000E+05	2.802754E-07	5.864594E-09
1.165000E+05	2.731446E-07	5.592854E-09
1.180000E+05	2.662797E-07	5.336973E-09
1.190000E+05	2.618448E-07	5.174596E-09
1.200000E+05	2.575187E-07	5.018439E-09
1.210000E+05	2.532982E-07	4.868966E-09
1.220000E+05	2.491800E-07	4.723699E-09
1.230000E+05	2.451604E-07	4.585061E-09
1.240000E+05	2.412368E-07	4.450263E-09
1.255000E+05	2.355240E-07	4.258040E-09
1.270000E+05	2.300104E-07	4.076257E-09
1.285000E+05	2.246870E-07	3.904223E-09
1.300000E+05	2.195455E-07	3.741325E-09
1.315000E+05	2.145774E-07	3.586138E-09
1.330000E+05	2.097746E-07	3.439018E-09
1.345000E+05	2.051304E-07	3.299489E-09
1.360000E+05	2.006379E-07	3.167000E-09
1.375000E+05	1.962902E-07	3.041139E-09
1.390000E+05	1.920817E-07	2.921548E-09
1.405000E+05	1.880064E-07	2.807938E-09
1.420000E+05	1.840588E-07	2.700036E-09
1.440000E+05	1.789847E-07	2.564210E-09
1.454000E+05	1.755568E-07	2.474250E-09
1.460000E+05	1.741176E-07	2.436932E-09
1.467000E+05	1.724606E-07	2.394310E-09
1.480000E+05	1.694450E-07	2.317593E-09
1.490000E+05	1.671787E-07	2.260719E-09
1.495000E+05	1.660625E-07	2.232929E-09
1.500000E+05	1.649575E-07	2.205589E-09
1.520000E+05	1.606451E-07	2.100293E-09
1.540000E+05	1.564996E-07	2.001302E-09
1.560000E+05	1.525115E-07	1.908163E-09
1.580000E+05	1.486739E-07	1.820464E-09
1.600000E+05	1.449783E-07	1.737825E-09
1.620000E+05	1.414190E-07	1.659895E-09
1.635000E+05	1.388344E-07	1.604344E-09
1.650000E+05	1.363200E-07	1.551132E-09
1.670000E+05	1.330720E-07	1.483622E-09
1.690000E+05	1.299384E-07	1.419804E-09
1.710000E+05	1.269140E-07	1.359432E-09
1.730000E+05	1.239937E-07	1.302286E-09
1.750000E+05	1.211727E-07	1.248158E-09
1.770000E+05	1.184470E-07	1.196857E-09
1.800000E+05	1.145271E-07	1.124821E-09
1.830000E+05	1.107982E-07	1.058309E-09
1.850000E+05	1.084125E-07	1.016730E-09
1.880000E+05	1.049755E-07	9.581735E-10
1.900000E+05	1.027742E-07	9.215053E-10
1.930000E+05	9.959946E-08	8.698101E-10
1.950000E+05	9.756390E-08	8.373824E-10
1.980000E+05	9.462555E-08	7.915685E-10
2.000000E+05	9.273967E-08	7.627873E-10
2.030000E+05	9.001468E-08	7.221714E-10
2.050000E+05	8.826417E-08	6.966148E-10
2.080000E+05	8.573247E-08	6.603967E-10
2.100000E+05	8.410469E-08	6.375751E-10
2.130000E+05	8.174843E-08	6.051971E-10
2.150000E+05	8.023216E-08	5.847686E-10
2.180000E+05	7.803550E-08	5.557419E-10
2.200000E+05	7.662079E-08	5.374036E-10
2.230000E+05	7.456975E-08	5.113157E-10
2.260000E+05	7.259989E-08	4.868177E-10
2.290000E+05	7.070698E-08	4.637928E-10
2.320000E+05	6.888707E-08	4.421473E-10
2.350000E+05	6.713645E-08	4.217765E-10
2.380000E+05	6.545173E-08	4.025854E-10
2.410000E+05	6.382949E-08	3.844908E-10
2.447000E+05	6.191045E-08	3.635750E-10
2.460000E+05	6.125670E-08	3.566590E-10
2.480000E+05	6.027091E-08	3.463734E-10
2.520000E+05	5.836933E-08	3.269273E-10
2.560000E+05	5.655654E-08	3.088984E-10
2.600000E+05	5.482681E-08	2.921284E-10
2.650000E+05	5.277410E-08	2.727671E-10
2.700000E+05	5.083450E-08	2.550244E-10
2.750000E+05	4.899992E-08	2.387382E-10
2.792000E+05	4.753453E-08	2.260713E-10
2.820000E+05	4.659384E-08	2.180990E-10
2.850000E+05	4.561657E-08	2.099497E-10
2.900000E+05	4.405481E-08	1.972128E-10
2.950000E+05	4.257187E-08	1.854471E-10
3.000000E+05	4.116256E-08	1.745639E-10
3.040000E+05	4.008492E-08	1.664488E-10
3.080000E+05	3.904896E-08	1.588103E-10
3.120000E+05	3.805271E-08	1.516139E-10
3.165000E+05	3.697681E-08	1.440086E-10
3.180000E+05	3.662831E-08	1.415820E-10
3.201000E+05	3.614862E-08	1.382726E-10
3.260000E+05	3.485021E-08	1.294880E-10
3.320000E+05	3.360020E-08	1.212732E-10
3.380000E+05	3.241634E-08	1.137128E-10
3.410000E+05	3.184767E-08	1.101583E-10
3.443000E+05	3.123926E-08	1.064109E-10
3.510000E+05	3.005648E-08	9.930290E-11
3.570000E+05	2.905336E-08	9.345095E-11
3.640000E+05	2.794525E-08	8.717581E-11
3.700000E+05	2.704508E-08	8.222175E-11
3.780000E+05	2.591102E-08	7.616255E-11
3.850000E+05	2.497621E-08	7.132197E-11
3.930000E+05	2.396841E-08	6.626099E-11
4.000000E+05	2.313578E-08	6.220429E-11
4.015000E+05	2.296302E-08	6.140880E-11
4.030000E+05	2.279218E-08	6.062614E-11
4.060000E+05	2.245615E-08	5.909961E-11
4.111000E+05	2.190177E-08	5.661618E-11
4.118000E+05	2.182728E-08	5.628585E-11
4.210000E+05	2.088271E-08	5.216766E-11
4.300000E+05	2.001674E-08	4.850768E-11
4.370000E+05	1.937996E-08	4.588752E-11
4.440000E+05	1.877305E-08	4.344708E-11
4.500000E+05	1.827529E-08	4.148836E-11
4.560000E+05	1.779705E-08	3.964325E-11
4.620000E+05	1.733735E-08	3.790287E-11
4.680500E+05	1.689162E-08	3.624656E-11
4.740000E+05	1.646984E-08	3.470761E-11
4.800000E+05	1.606028E-08	3.324031E-11
4.900000E+05	1.541088E-08	3.096785E-11
4.950000E+05	1.510084E-08	2.990672E-11
5.000000E+05	1.480005E-08	2.889205E-11
5.080000E+05	1.433720E-08	2.736712E-11
5.150000E+05	1.394978E-08	2.611709E-11
5.230000E+05	1.352593E-08	2.477754E-11
5.300000E+05	1.317068E-08	2.367731E-11
5.400000E+05	1.268701E-08	2.221274E-11
5.450000E+05	1.245509E-08	2.152412E-11
5.500000E+05	1.222947E-08	2.087415E-11
5.580000E+05	1.188105E-08	1.990626E-11
5.650000E+05	1.158824E-08	1.910677E-11
5.730000E+05	1.126669E-08	1.824315E-11
5.800000E+05	1.099618E-08	1.752891E-11
5.900000E+05	1.062634E-08	1.657050E-11
6.000000E+05	1.027484E-08	1.567938E-11
6.080000E+05	1.000605E-08	1.501289E-11
6.150000E+05	9.779426E-09	1.445974E-11
6.300000E+05	9.319011E-09	1.336114E-11
6.460000E+05	8.862845E-09	1.230616E-11
6.616000E+05	8.449579E-09	1.137993E-11
6.710000E+05	8.214367E-09	1.086598E-11
6.800000E+05	7.998239E-09	1.040195E-11
6.900000E+05	7.767962E-09	9.918501E-12
7.000000E+05	7.547485E-09	9.464108E-12
7.120000E+05	7.295094E-09	8.954083E-12
7.180000E+05	7.173603E-09	8.712510E-12
7.233000E+05	7.068802E-09	8.514767E-12
7.370000E+05	6.808316E-09	8.031060E-12
7.500000E+05	6.574226E-09	7.605006E-12
7.640000E+05	6.335393E-09	7.178936E-12
7.789000E+05	6.095227E-09	6.759428E-12
7.890000E+05	5.940113E-09	6.493320E-12
8.000000E+05	5.777821E-09	6.219015E-12
8.150000E+05	5.567024E-09	5.870115E-12
8.300000E+05	5.367560E-09	5.546621E-12
8.500000E+05	5.117852E-09	5.150941E-12
8.674000E+05	4.914512E-09	4.836454E-12
8.780000E+05	4.796525E-09	4.657232E-12
8.892000E+05	4.676419E-09	4.477372E-12
9.000000E+05	4.564828E-09	4.312581E-12
9.150000E+05	4.416347E-09	4.096746E-12
9.300000E+05	4.274993E-09	3.894963E-12
9.500000E+05	4.096839E-09	3.645862E-12
9.640000E+05	3.978676E-09	3.483870E-12
9.800000E+05	3.849785E-09	3.309995E-12
1.000000E+06	3.697294E-09	3.107848E-12
1.004800E+06	3.662044E-09	3.063075E-12
1.030000E+06	3.485013E-09	2.841559E-12
1.050000E+06	3.353488E-09	2.681552E-12
1.070000E+06	3.229266E-09	2.532408E-12
1.085800E+06	3.135951E-09	2.421686E-12
1.100000E+06	3.055493E-09	2.327174E-12
1.120500E+06	2.944697E-09	2.198545E-12
1.121100E+06	2.941542E-09	2.194913E-12
1.150000E+06	2.795533E-09	2.028337E-12
1.173200E+06	2.686049E-09	1.905722E-12
1.200000E+06	2.567395E-09	1.775214E-12
1.220000E+06	2.483895E-09	1.684940E-12
1.235000E+06	2.423914E-09	1.620934E-12
1.250000E+06	2.366080E-09	1.559903E-12
1.262000E+06	2.321291E-09	1.514556E-12
1.274500E+06	2.275971E-09	1.469049E-12
1.287000E+06	2.231969E-09	1.425232E-12
1.300000E+06	2.187547E-09	1.381374E-12
1.332500E+06	2.082125E-09	1.278877E-12
1.370000E+06	1.969687E-09	1.172135E-12
1.408000E+06	1.864791E-09	1.075105E-12
1.450000E+06	1.758315E-09	9.792813E-13
1.480000E+06	1.687745E-09	9.173371E-13
1.490000E+06	1.665162E-09	8.977873E-13
1.500000E+06	1.643032E-09	8.787608E-13
1.550000E+06	1.538730E-09	7.937302E-13
1.600000E+06	1.444050E-09	7.188520E-13
1.650000E+06	1.357851E-09	6.527008E-13
1.680000E+06	1.309784E-09	6.166940E-13
1.700000E+06	1.279143E-09	5.940817E-13
1.740000E+06	1.221005E-09	5.519256E-13
1.780000E+06	1.166740E-09	5.134935E-13
1.820000E+06	1.116014E-09	4.783981E-13
1.850000E+06	1.080108E-09	4.540548E-13
1.890000E+06	1.034870E-09	4.239923E-13
1.930000E+06	9.924146E-10	3.964127E-13
1.970000E+06	9.525189E-10	3.710733E-13
1.985000E+06	9.381763E-10	3.621044E-13
2.000000E+06	9.241552E-10	3.534086E-13
2.030000E+06	8.970397E-10	3.371625E-13
2.050000E+06	8.796207E-10	3.269419E-13
2.080000E+06	8.544277E-10	3.126134E-13
2.100000E+06	8.382293E-10	3.035072E-13
2.150000E+06	7.996920E-10	2.821852E-13
2.200000E+06	7.637524E-10	2.627475E-13
2.240000E+06	7.367181E-10	2.484192E-13
2.280000E+06	7.110932E-10	2.350791E-13
2.320000E+06	6.867832E-10	2.226440E-13
2.350000E+06	6.693594E-10	2.138670E-13
2.390000E+06	6.471398E-10	2.028437E-13
2.430000E+06	6.260093E-10	1.925384E-13
2.500000E+06	5.914412E-10	1.760673E-13
2.550000E+06	5.684741E-10	1.653965E-13
2.600000E+06	5.468185E-10	1.555416E-13
2.650000E+06	5.263778E-10	1.464282E-13
2.700000E+06	5.070615E-10	1.379882E-13
2.780000E+06	4.782967E-10	1.257395E-13
2.850000E+06	4.550887E-10	1.161445E-13
2.930000E+06	4.305756E-10	1.062981E-13
2.970000E+06	4.190552E-10	1.017756E-13
3.000000E+06	4.107154E-10	9.854508E-14
3.030000E+06	4.026222E-10	9.556112E-14
3.050000E+06	3.973592E-10	9.363697E-14
3.100000E+06	3.846440E-10	8.904030E-14
3.150000E+06	3.725295E-10	8.473107E-14
3.200000E+06	3.609784E-10	8.068785E-14
3.280000E+06	3.435840E-10	7.472212E-14
3.350000E+06	3.293744E-10	6.996269E-14
3.430000E+06	3.141888E-10	6.499143E-14
3.500000E+06	3.017461E-10	6.101048E-14
3.550000E+06	2.933061E-10	5.835782E-14
3.600000E+06	2.852149E-10	5.585263E-14
3.650000E+06	2.774539E-10	5.348438E-14
3.700000E+06	2.700058E-10	5.124479E-14
3.780000E+06	2.586976E-10	4.790658E-14
3.850000E+06	2.493756E-10	4.521270E-14
3.930000E+06	2.393259E-10	4.236908E-14
4.000000E+06	2.310225E-10	4.006754E-14
4.050000E+06	2.253532E-10	3.855971E-14
4.100000E+06	2.198902E-10	3.712507E-14
4.200000E+06	2.095437E-10	3.445728E-14
4.280000E+06	2.017832E-10	3.249966E-14
4.350000E+06	1.953410E-10	3.090369E-14
4.430000E+06	1.883493E-10	2.920204E-14
4.500000E+06	1.825351E-10	2.781156E-14
4.600000E+06	1.746848E-10	2.597066E-14
4.700000E+06	1.673303E-10	2.428496E-14
4.850000E+06	1.571398E-10	2.201294E-14
5.000000E+06	1.478526E-10	2.000942E-14
5.020000E+06	1.466769E-10	1.976484E-14
5.037050E+06	1.456856E-10	1.955916E-14
5.170000E+06	1.382889E-10	1.804837E-14
5.300000E+06	1.315880E-10	1.671477E-14
5.400000E+06	1.267595E-10	1.577510E-14
5.500000E+06	1.221918E-10	1.490308E-14
5.600000E+06	1.178667E-10	1.409280E-14
5.700000E+06	1.137672E-10	1.333896E-14
5.850000E+06	1.080078E-10	1.230370E-14
6.000000E+06	1.026748E-10	1.137065E-14
6.100000E+06	9.933583E-11	1.080679E-14
6.200000E+06	9.615729E-11	1.027891E-14
6.350000E+06	9.166808E-11	9.548469E-15
6.500000E+06	8.748595E-11	8.884353E-15
6.600000E+06	8.485494E-11	8.474827E-15
6.700000E+06	8.234075E-11	8.089597E-15
6.850000E+06	7.877407E-11	7.553517E-15
7.000000E+06	7.543411E-11	7.062891E-15
7.100000E+06	7.332417E-11	6.761631E-15
7.200000E+06	7.130153E-11	6.476950E-15
7.350000E+06	6.842096E-11	6.078635E-15
7.500000E+06	6.571141E-11	5.711764E-15
7.700000E+06	6.234216E-11	5.266364E-15
7.850000E+06	5.998234E-11	4.961729E-15
8.000000E+06	5.775409E-11	4.679735E-15
8.100000E+06	5.633686E-11	4.504809E-15
8.200000E+06	5.497117E-11	4.338354E-15
8.500000E+06	5.115926E-11	3.884959E-15
8.700000E+06	4.883415E-11	3.616729E-15
9.000000E+06	4.563274E-11	3.258120E-15
9.200000E+06	4.367027E-11	3.045954E-15
9.500000E+06	4.095570E-11	2.760447E-15
9.700000E+06	3.928416E-11	2.589378E-15
1.000000E+07	3.696247E-11	2.357942E-15
