1.0000E-01	-3.1300E+00	5.4150E+01
1.1000E-01	-2.8500E+00	4.9210E+01
1.2000E-01	-2.6000E+00	4.5080E+01
1.3000E-01	-2.3600E+00	4.1520E+01
1.4000E-01	-2.1100E+00	3.8480E+01
1.5000E-01	-2.1300E+00	3.5820E+01
1.6000E-01	-2.1700E+00	3.3450E+01
1.7000E-01	-2.2000E+00	3.1460E+01
1.8000E-01	-2.1500E+00	2.9710E+01
1.9000E-01	-2.0700E+00	2.8090E+01
2.0000E-01	-2.0700E+00	2.6590E+01
2.2000E-01	-2.1000E+00	2.4060E+01
2.4000E-01	-2.1500E+00	2.1970E+01
2.6000E-01	-2.1100E+00	2.0150E+01
2.8000E-01	-2.3000E+00	1.8520E+01
3.0000E-01	-2.5600E+00	1.7270E+01
3.2000E-01	-2.5600E+00	1.6210E+01
3.4000E-01	-2.8000E+00	1.5180E+01
3.6000E-01	-2.9800E+00	1.4410E+01
3.8000E-01	-3.1700E+00	1.3770E+01
4.0000E-01	-3.2700E+00	1.3270E+01
4.2000E-01	-3.3100E+00	1.2850E+01
4.4000E-01	-3.3100E+00	1.2460E+01
4.6000E-01	-3.2700E+00	1.2110E+01
4.8000E-01	-3.2000E+00	1.1770E+01
5.0000E-01	-3.1000E+00	1.1440E+01
5.2000E-01	-3.0300E+00	1.1100E+01
5.4000E-01	-2.9700E+00	1.0790E+01
5.6000E-01	-2.9200E+00	1.0490E+01
5.8000E-01	-2.8500E+00	1.0230E+01
6.0000E-01	-2.8000E+00	9.9600E+00
6.4000E-01	-2.3400E+00	9.8900E+00
7.7000E-01	-2.0100E+00	8.5900E+00
8.9000E-01	-1.8000E+00	7.6500E+00
1.0200E+00	-1.6600E+00	6.9000E+00
1.1400E+00	-1.5200E+00	6.3300E+00
1.2600E+00	-1.3400E+00	5.8900E+00
1.3900E+00	-1.3300E+00	5.5000E+00
1.5100E+00	-1.0600E+00	5.1900E+00
1.6400E+00	-9.5000E-01	4.8900E+00
1.7600E+00	-8.6000E-01	4.6500E+00
1.8800E+00	-8.0000E-01	4.4200E+00
2.0100E+00	-7.5000E-01	4.2100E+00
2.1300E+00	-6.8000E-01	4.0200E+00
2.2600E+00	-6.4000E-01	3.8400E+00
2.3800E+00	-5.7000E-01	3.6800E+00
2.5000E+00	-5.2000E-01	3.5400E+00
2.6300E+00	-4.6000E-01	3.3900E+00
2.7500E+00	-4.1000E-01	3.2600E+00
2.8800E+00	-3.7000E-01	3.1400E+00
3.0000E+00	-3.3000E-01	3.0300E+00
3.1200E+00	-3.0000E-01	2.9300E+00
3.2500E+00	-2.6000E-01	2.8300E+00
3.3700E+00	-2.4000E-01	2.7400E+00
3.5000E+00	-2.3000E-01	2.6500E+00
3.6200E+00	-2.2000E-01	2.5700E+00
3.7400E+00	-2.0000E-01	2.5000E+00
3.8700E+00	-2.1000E-01	2.4200E+00
3.9900E+00	-2.1000E-01	2.3500E+00
4.1200E+00	-2.0000E-01	2.2900E+00
4.2400E+00	-1.8000E-01	2.2300E+00
4.3600E+00	-1.8000E-01	2.1800E+00
4.4900E+00	-1.9000E-01	2.1300E+00
4.6100E+00	-1.6000E-01	2.1000E+00
4.7400E+00	-1.3000E-01	2.0700E+00
4.8600E+00	-1.1000E-01	2.0300E+00
4.9800E+00	-8.0000E-02	1.9900E+00
5.1100E+00	-4.0000E-02	1.9500E+00
5.2300E+00	0.0000E+00	1.9100E+00
5.3600E+00	3.0000E-02	1.8600E+00
5.4800E+00	6.0000E-02	1.8100E+00
5.6000E+00	8.0000E-02	1.7600E+00
5.7300E+00	9.0000E-02	1.7000E+00
5.8500E+00	1.1000E-01	1.6500E+00
5.9800E+00	1.3000E-01	1.6000E+00
6.5000E+00	1.4000E-01	1.4400E+00
7.0000E+00	1.5000E-01	1.2300E+00
7.5000E+00	1.1000E-01	1.0200E+00
8.0000E+00	2.0000E-02	8.4000E-01
8.5000E+00	-1.0000E-01	7.2000E-01
9.0000E+00	-1.9000E-01	6.8000E-01
9.5000E+00	-2.5000E-01	6.6000E-01
1.0000E+01	-2.8000E-01	6.6000E-01
1.0500E+01	-3.0000E-01	6.6000E-01
1.1000E+01	-3.1000E-01	6.5000E-01
1.1500E+01	-3.3000E-01	6.5000E-01
1.2000E+01	-3.4000E-01	6.6000E-01
1.2540E+01	-2.8000E-01	7.3300E-01
1.3300E+01	-3.0000E-01	7.4900E-01
1.3480E+01	-3.6000E-01	7.9600E-01
1.4120E+01	-2.3000E-01	8.1500E-01
1.4860E+01	-2.4000E-01	8.7700E-01
1.6670E+01	6.4000E-02	7.4400E-01
1.6850E+01	-7.0000E-02	8.2400E-01
1.7260E+01	-6.0000E-02	7.7800E-01
1.8480E+01	-3.0000E-02	7.6600E-01
2.0120E+01	1.0000E-02	7.9000E-01
2.1220E+01	8.7000E-02	8.5000E-01
2.3000E+01	1.4700E-01	7.6300E-01
2.5330E+01	1.9100E-01	6.2500E-01
2.6910E+01	2.3500E-01	5.4700E-01
2.7690E+01	2.2000E-01	4.9500E-01
2.9300E+01	8.4376E-02	5.0797E-01
2.9774E+01	8.8821E-02	4.9743E-01
3.0256E+01	9.2489E-02	4.8637E-01
3.0745E+01	9.5474E-02	4.7556E-01
3.1242E+01	9.7968E-02	4.6498E-01
3.1748E+01	1.0004E-01	4.5464E-01
3.2261E+01	1.0170E-01	4.4453E-01
3.2783E+01	1.0288E-01	4.3465E-01
3.3313E+01	1.0352E-01	4.2540E-01
3.3852E+01	1.0420E-01	4.1680E-01
3.4399E+01	1.0501E-01	4.0838E-01
3.4956E+01	1.0572E-01	4.0012E-01
3.5521E+01	1.0630E-01	3.9204E-01
3.6096E+01	1.0672E-01	3.8411E-01
3.6679E+01	1.0674E-01	3.7635E-01
3.7273E+01	1.0622E-01	3.6913E-01
3.7876E+01	1.0610E-01	3.6307E-01
3.8488E+01	1.0645E-01	3.5710E-01
3.9111E+01	1.0702E-01	3.5123E-01
3.9743E+01	1.0776E-01	3.4547E-01
4.0386E+01	1.0862E-01	3.3979E-01
4.1039E+01	1.0961E-01	3.3420E-01
4.1703E+01	1.1074E-01	3.2872E-01
4.2378E+01	1.1204E-01	3.2331E-01
4.3063E+01	1.1358E-01	3.1800E-01
4.3760E+01	1.1580E-01	3.1278E-01
4.4467E+01	1.1802E-01	3.0620E-01
4.5187E+01	1.1961E-01	2.9947E-01
4.5917E+01	1.2071E-01	2.9288E-01
4.6660E+01	1.2160E-01	2.8644E-01
4.7415E+01	1.2230E-01	2.8014E-01
4.8182E+01	1.2287E-01	2.7398E-01
4.8961E+01	1.2331E-01	2.6796E-01
4.9753E+01	1.2363E-01	2.6207E-01
5.0558E+01	1.2382E-01	2.5630E-01
5.1375E+01	1.2379E-01	2.5067E-01
5.2206E+01	1.2358E-01	2.4558E-01
5.3051E+01	1.2359E-01	2.4090E-01
5.3909E+01	1.2391E-01	2.3632E-01
5.4781E+01	1.2436E-01	2.3182E-01
5.5667E+01	1.2497E-01	2.2741E-01
5.6567E+01	1.2582E-01	2.2308E-01
5.7482E+01	1.2685E-01	2.1846E-01
5.8412E+01	1.2775E-01	2.1376E-01
5.9356E+01	1.2858E-01	2.0917E-01
6.0317E+01	1.2945E-01	2.0467E-01
6.1292E+01	1.3041E-01	2.0028E-01
6.2283E+01	1.3152E-01	1.9597E-01
6.3291E+01	1.3287E-01	1.9176E-01
6.4315E+01	1.3481E-01	1.8764E-01
6.5355E+01	1.3708E-01	1.8211E-01
6.6412E+01	1.3851E-01	1.7657E-01
6.7486E+01	1.3976E-01	1.7120E-01
6.8578E+01	1.4107E-01	1.6598E-01
6.9687E+01	1.4296E-01	1.6068E-01
7.0814E+01	1.4467E-01	1.5407E-01
7.1959E+01	1.4534E-01	1.4772E-01
7.3123E+01	1.4589E-01	1.4164E-01
7.4306E+01	1.4680E-01	1.3581E-01
7.5508E+01	1.4769E-01	1.2893E-01
7.6729E+01	1.4762E-01	1.2233E-01
7.7970E+01	1.4746E-01	1.1607E-01
7.9231E+01	1.4811E-01	1.1014E-01
8.0513E+01	1.4928E-01	1.0298E-01
8.1815E+01	1.4903E-01	9.4033E-02
8.3138E+01	1.4729E-01	8.5420E-02
8.4483E+01	1.4438E-01	7.7397E-02
8.5849E+01	1.4088E-01	7.0128E-02
8.7238E+01	1.3702E-01	6.3541E-02
8.8649E+01	1.3294E-01	5.7573E-02
9.0083E+01	1.2875E-01	5.2165E-02
9.1540E+01	1.2453E-01	4.7266E-02
9.3020E+01	1.2040E-01	4.2826E-02
9.4525E+01	1.1639E-01	3.8618E-02
9.6054E+01	1.1221E-01	3.4597E-02
9.7607E+01	1.0798E-01	3.0995E-02
9.9186E+01	1.0377E-01	2.7769E-02
1.0079E+02	9.9651E-02	2.4878E-02
1.0242E+02	9.5635E-02	2.2288E-02
1.0408E+02	9.1744E-02	1.9967E-02
1.0576E+02	8.8013E-02	1.7889E-02
1.0747E+02	8.4484E-02	1.6026E-02
1.0921E+02	8.1132E-02	1.4022E-02
1.1098E+02	7.7614E-02	1.2199E-02
1.1277E+02	7.4105E-02	1.0614E-02
1.1459E+02	7.0646E-02	9.2621E-03
1.1645E+02	6.7338E-02	8.2099E-03
1.1833E+02	6.4212E-02	7.2774E-03
1.2025E+02	6.1217E-02	6.4507E-03
1.2219E+02	5.8318E-02	5.7179E-03
1.2417E+02	5.5501E-02	5.1715E-03
1.2618E+02	5.2872E-02	4.7104E-03
1.2822E+02	5.0341E-02	4.3181E-03
1.3029E+02	4.7932E-02	4.0350E-03
1.3240E+02	4.5627E-02	3.8269E-03
1.3454E+02	4.3464E-02	3.6800E-03
1.3671E+02	4.1410E-02	3.6234E-03
1.3893E+02	3.9501E-02	3.5847E-03
1.4117E+02	3.7670E-02	3.5820E-03
1.4346E+02	3.5969E-02	3.6485E-03
1.4578E+02	3.4397E-02	3.7164E-03
1.4813E+02	3.2925E-02	3.7834E-03
1.5053E+02	3.1541E-02	3.8515E-03
1.5296E+02	3.0243E-02	3.9208E-03
1.5544E+02	2.9021E-02	3.9752E-03
1.5795E+02	2.7860E-02	4.0278E-03
1.6051E+02	2.6762E-02	4.0811E-03
1.6310E+02	2.5726E-02	4.1351E-03
1.6574E+02	2.4765E-02	4.1897E-03
1.6842E+02	2.3891E-02	4.2010E-03
1.7115E+02	2.3015E-02	4.1786E-03
1.7392E+02	2.2165E-02	4.1563E-03
1.7673E+02	2.1346E-02	4.1342E-03
1.7959E+02	2.0560E-02	4.1121E-03
1.8249E+02	1.9807E-02	4.0902E-03
1.8544E+02	1.9089E-02	4.0638E-03
1.8844E+02	1.8395E-02	4.0334E-03
1.9149E+02	1.7728E-02	4.0033E-03
1.9459E+02	1.7087E-02	3.9734E-03
1.9773E+02	1.6473E-02	3.9437E-03
2.0093E+02	1.5885E-02	3.9142E-03
2.0418E+02	1.5328E-02	3.8849E-03
2.0749E+02	1.4801E-02	3.8380E-03
2.1084E+02	1.4281E-02	3.7838E-03
2.1425E+02	1.3776E-02	3.7303E-03
2.1772E+02	1.3288E-02	3.6777E-03
2.2124E+02	1.2817E-02	3.6257E-03
2.2482E+02	1.2363E-02	3.5745E-03
2.2845E+02	1.1930E-02	3.5240E-03
2.3215E+02	1.1525E-02	3.4667E-03
2.3590E+02	1.1123E-02	3.3915E-03
2.3972E+02	1.0725E-02	3.3179E-03
2.4360E+02	1.0337E-02	3.2455E-03
2.4754E+02	9.9599E-03	3.1743E-03
2.5154E+02	9.5955E-03	3.1047E-03
2.5561E+02	9.2517E-03	3.0314E-03
2.5974E+02	8.9078E-03	2.9394E-03
2.6394E+02	8.5624E-03	2.8501E-03
2.6821E+02	8.2231E-03	2.7636E-03
2.7255E+02	7.8876E-03	2.6693E-03
2.7696E+02	7.5489E-03	2.5760E-03
2.8144E+02	7.2089E-03	2.4860E-03
2.8599E+02	6.8679E-03	2.4001E-03
2.9062E+02	6.5279E-03	2.3188E-03
2.9532E+02	6.1869E-03	2.2404E-03
3.0009E+02	5.8402E-03	2.1673E-03
3.0495E+02	5.4921E-03	2.1007E-03
3.0988E+02	5.1302E-03	2.0362E-03
3.1489E+02	4.7648E-03	2.0047E-03
3.1998E+02	4.4070E-03	1.9789E-03
3.2516E+02	4.0354E-03	1.9570E-03
3.3042E+02	3.6653E-03	1.9683E-03
3.3576E+02	3.2921E-03	1.9796E-03
3.4119E+02	2.8945E-03	1.9991E-03
3.4671E+02	2.4383E-03	2.0259E-03
3.5232E+02	1.9363E-03	2.1923E-03
3.5802E+02	1.4424E-03	2.4713E-03
3.6381E+02	1.0204E-03	2.8584E-03
3.6969E+02	6.9015E-04	3.3865E-03
3.7567E+02	6.8921E-04	3.9594E-03
3.8175E+02	7.1770E-04	4.3675E-03
3.8792E+02	8.7714E-04	4.7829E-03
3.9420E+02	1.0494E-03	5.0373E-03
4.0057E+02	1.2947E-03	5.3053E-03
4.0705E+02	1.5423E-03	5.3826E-03
4.1364E+02	1.7849E-03	5.4424E-03
4.2033E+02	1.9774E-03	5.3955E-03
4.2712E+02	2.1142E-03	5.3491E-03
4.3403E+02	2.2350E-03	5.3010E-03
4.4105E+02	2.3349E-03	5.2348E-03
4.4819E+02	2.4183E-03	5.1695E-03
4.5544E+02	2.4920E-03	5.1049E-03
4.6280E+02	2.5612E-03	5.0412E-03
4.7029E+02	2.6476E-03	4.9723E-03
4.7789E+02	2.7171E-03	4.8731E-03
4.8562E+02	2.7665E-03	4.7758E-03
4.9348E+02	2.8079E-03	4.6805E-03
5.0146E+02	2.8443E-03	4.5871E-03
5.0957E+02	2.8796E-03	4.4951E-03
5.1781E+02	2.9106E-03	4.3988E-03
5.2619E+02	2.9385E-03	4.3045E-03
5.3470E+02	2.9663E-03	4.2123E-03
5.4335E+02	3.0007E-03	4.1220E-03
5.5213E+02	3.0433E-03	4.0124E-03
5.6107E+02	3.0708E-03	3.8884E-03
5.7014E+02	3.0830E-03	3.7683E-03
5.7936E+02	3.0897E-03	3.6519E-03
5.8873E+02	3.1011E-03	3.5391E-03
5.9825E+02	3.1093E-03	3.4128E-03
6.0793E+02	3.1023E-03	3.2829E-03
6.1776E+02	3.0854E-03	3.1580E-03
6.2776E+02	3.0616E-03	3.0378E-03
6.3791E+02	3.0303E-03	2.9222E-03
6.4823E+02	2.9975E-03	2.8192E-03
6.5871E+02	2.9666E-03	2.7207E-03
6.6937E+02	2.9404E-03	2.6256E-03
6.8019E+02	2.9172E-03	2.5277E-03
6.9119E+02	2.8885E-03	2.4256E-03
7.0237E+02	2.8555E-03	2.3276E-03
7.1373E+02	2.8272E-03	2.2336E-03
7.2528E+02	2.7963E-03	2.1313E-03
7.3701E+02	2.7559E-03	2.0300E-03
7.4893E+02	2.7106E-03	1.9334E-03
7.6104E+02	2.6609E-03	1.8415E-03
7.7335E+02	2.6103E-03	1.7569E-03
7.8586E+02	2.5616E-03	1.6747E-03
7.9857E+02	2.5112E-03	1.5937E-03
8.1149E+02	2.4585E-03	1.5165E-03
8.2461E+02	2.4051E-03	1.4430E-03
8.3795E+02	2.3513E-03	1.3732E-03
8.5150E+02	2.2974E-03	1.3066E-03
8.6527E+02	2.2436E-03	1.2431E-03
8.7927E+02	2.1900E-03	1.1826E-03
8.9349E+02	2.1367E-03	1.1251E-03
9.0794E+02	2.0839E-03	1.0703E-03
9.2263E+02	2.0320E-03	1.0183E-03
9.3755E+02	1.9807E-03	9.6833E-04
9.5272E+02	1.9300E-03	9.2076E-04
9.6812E+02	1.8800E-03	8.7545E-04
9.8378E+02	1.8309E-03	8.3237E-04
9.9970E+02	1.7828E-03	7.9126E-04
1.0159E+03	1.7360E-03	7.5204E-04
1.0323E+03	1.6901E-03	7.1347E-04
1.0490E+03	1.6441E-03	6.7671E-04
1.0660E+03	1.5988E-03	6.4169E-04
1.0832E+03	1.5540E-03	6.0847E-04
1.1007E+03	1.5101E-03	5.7698E-04
1.1185E+03	1.4670E-03	5.4712E-04
1.1366E+03	1.4248E-03	5.1881E-04
1.1550E+03	1.3835E-03	4.9195E-04
1.1737E+03	1.3431E-03	4.6650E-04
1.1927E+03	1.3036E-03	4.4235E-04
1.2120E+03	1.2651E-03	4.1946E-04
1.2316E+03	1.2275E-03	3.9775E-04
1.2515E+03	1.1908E-03	3.7717E-04
1.2717E+03	1.1550E-03	3.5766E-04
1.2923E+03	1.1202E-03	3.3918E-04
1.3132E+03	1.0863E-03	3.2165E-04
1.3344E+03	1.0532E-03	3.0503E-04
1.3560E+03	1.0211E-03	2.8927E-04
1.3779E+03	9.8984E-04	2.7432E-04
1.4002E+03	9.5943E-04	2.6015E-04
1.4229E+03	9.2987E-04	2.4670E-04
1.4459E+03	9.0113E-04	2.3395E-04
1.4693E+03	8.7320E-04	2.2185E-04
1.4930E+03	8.4607E-04	2.1038E-04
1.5172E+03	8.1972E-04	1.9947E-04
1.5417E+03	7.9409E-04	1.8913E-04
1.5667E+03	7.6920E-04	1.7933E-04
1.5920E+03	7.4504E-04	1.7003E-04
1.6178E+03	7.2157E-04	1.6121E-04
1.6439E+03	6.9880E-04	1.5285E-04
1.6705E+03	6.7670E-04	1.4493E-04
1.6975E+03	6.5526E-04	1.3741E-04
1.7250E+03	6.3449E-04	1.3029E-04
1.7529E+03	6.1438E-04	1.2343E-04
1.7812E+03	5.9479E-04	1.1690E-04
1.8101E+03	5.7575E-04	1.1069E-04
1.8393E+03	5.5725E-04	1.0481E-04
1.8691E+03	5.3927E-04	9.9245E-05
1.8993E+03	5.2183E-04	9.3975E-05
1.9300E+03	5.0490E-04	8.8984E-05
1.9612E+03	4.8847E-04	8.4257E-05
1.9930E+03	4.7253E-04	7.9782E-05
2.0252E+03	4.5707E-04	7.5587E-05
2.0580E+03	4.4213E-04	7.1526E-05
2.0912E+03	4.2759E-04	6.7663E-05
2.1251E+03	4.1346E-04	6.4003E-05
2.1594E+03	3.9974E-04	6.0536E-05
2.1944E+03	3.8642E-04	5.7243E-05
2.2299E+03	3.7348E-04	5.4118E-05
2.2659E+03	3.6091E-04	5.1157E-05
2.3026E+03	3.4870E-04	4.8349E-05
2.3398E+03	3.3683E-04	4.5688E-05
2.3777E+03	3.2529E-04	4.3164E-05
2.4161E+03	3.1406E-04	4.0772E-05
2.4552E+03	3.0314E-04	3.8506E-05
2.4949E+03	2.9251E-04	3.6358E-05
2.5353E+03	2.8215E-04	3.4322E-05
2.5763E+03	2.7204E-04	3.2394E-05
2.6179E+03	2.6217E-04	3.0567E-05
2.6603E+03	2.5252E-04	2.8837E-05
2.7033E+03	2.4306E-04	2.7198E-05
2.7470E+03	2.3376E-04	2.5646E-05
2.7915E+03	2.2459E-04	2.4177E-05
2.8366E+03	2.1551E-04	2.2787E-05
2.8825E+03	2.0645E-04	2.1470E-05
2.9291E+03	1.9731E-04	2.0223E-05
2.9765E+03	1.8795E-04	1.9044E-05
3.0246E+03	1.7809E-04	1.7928E-05
3.0736E+03	1.6711E-04	1.6873E-05
3.1233E+03	1.5307E-04	1.5874E-05
3.1732E+03	7.6226E-05	1.4945E-05
3.1734E+03	7.6220E-05	5.1071E-05
3.1738E+03	9.4128E-05	5.1049E-05
3.2251E+03	1.4212E-04	4.8238E-05
3.2773E+03	1.4204E-04	4.5581E-05
3.3302E+03	1.0987E-04	4.3075E-05
3.3304E+03	1.0987E-04	5.9339E-05
3.3842E+03	1.4123E-04	5.6100E-05
3.4389E+03	1.4237E-04	5.3032E-05
3.4945E+03	1.4121E-04	5.0130E-05
3.5510E+03	1.3851E-04	4.7389E-05
3.6042E+03	1.2527E-04	4.4983E-05
3.6044E+03	1.2526E-04	5.0739E-05
3.6085E+03	1.3197E-04	5.0550E-05
3.6668E+03	1.3468E-04	4.7930E-05
3.7261E+03	1.3333E-04	4.5441E-05
3.7864E+03	1.3131E-04	4.3065E-05
3.8476E+03	1.2894E-04	4.0804E-05
3.9099E+03	1.2638E-04	3.8653E-05
3.9731E+03	1.2368E-04	3.6608E-05
4.0374E+03	1.2089E-04	3.4662E-05
4.1027E+03	1.1806E-04	3.2812E-05
4.1690E+03	1.1520E-04	3.1053E-05
4.2365E+03	1.1233E-04	2.9383E-05
4.3050E+03	1.0946E-04	2.7800E-05
4.3746E+03	1.0661E-04	2.6293E-05
4.4454E+03	1.0379E-04	2.4864E-05
4.5173E+03	1.0099E-04	2.3510E-05
4.5903E+03	9.8234E-05	2.2225E-05
4.6646E+03	9.5518E-05	2.1006E-05
4.7400E+03	9.2846E-05	1.9851E-05
4.8167E+03	9.0224E-05	1.8757E-05
4.8946E+03	8.7651E-05	1.7721E-05
4.9738E+03	8.5131E-05	1.6739E-05
5.0542E+03	8.2664E-05	1.5809E-05
5.1360E+03	8.0251E-05	1.4929E-05
5.2190E+03	7.7893E-05	1.4096E-05
5.3034E+03	7.5591E-05	1.3308E-05
5.3892E+03	7.3344E-05	1.2562E-05
5.4764E+03	7.1152E-05	1.1856E-05
5.5650E+03	6.9015E-05	1.1189E-05
5.6550E+03	6.6934E-05	1.0558E-05
5.7464E+03	6.4906E-05	9.9619E-06
5.8394E+03	6.2932E-05	9.3982E-06
5.9338E+03	6.1012E-05	8.8654E-06
6.0298E+03	5.9143E-05	8.3621E-06
6.1273E+03	5.7326E-05	7.8866E-06
6.2264E+03	5.5560E-05	7.4373E-06
6.3272E+03	5.3843E-05	7.0131E-06
6.4295E+03	5.2175E-05	6.6124E-06
6.5335E+03	5.0554E-05	6.2341E-06
6.6392E+03	4.8981E-05	5.8769E-06
6.7465E+03	4.7452E-05	5.5398E-06
6.8557E+03	4.5969E-05	5.2217E-06
6.9665E+03	4.4530E-05	4.9213E-06
7.0792E+03	4.3133E-05	4.6379E-06
7.1937E+03	4.1777E-05	4.3705E-06
7.3101E+03	4.0462E-05	4.1182E-06
7.4283E+03	3.9187E-05	3.8803E-06
7.5485E+03	3.7950E-05	3.6559E-06
7.6705E+03	3.6750E-05	3.4443E-06
7.7946E+03	3.5587E-05	3.2447E-06
7.9207E+03	3.4460E-05	3.0565E-06
8.0488E+03	3.3367E-05	2.8791E-06
8.1790E+03	3.2308E-05	2.7117E-06
8.3113E+03	3.1282E-05	2.5541E-06
8.4457E+03	3.0287E-05	2.4054E-06
8.5823E+03	2.9323E-05	2.2653E-06
8.7211E+03	2.8389E-05	2.1333E-06
8.8622E+03	2.7484E-05	2.0088E-06
9.0055E+03	2.6607E-05	1.8915E-06
9.1512E+03	2.5758E-05	1.7811E-06
9.2992E+03	2.4936E-05	1.6770E-06
9.4496E+03	2.4139E-05	1.5789E-06
9.6024E+03	2.3367E-05	1.4865E-06
9.7577E+03	2.2620E-05	1.3995E-06
9.9156E+03	2.1896E-05	1.3175E-06
1.0076E+04	2.1195E-05	1.2403E-06
1.0239E+04	2.0517E-05	1.1676E-06
1.0405E+04	1.9859E-05	1.0991E-06
1.0573E+04	1.9223E-05	1.0346E-06
1.0744E+04	1.8607E-05	9.7389E-07
1.0918E+04	1.8010E-05	9.1670E-07
1.1094E+04	1.7432E-05	8.6285E-07
1.1274E+04	1.6873E-05	8.1215E-07
1.1456E+04	1.6332E-05	7.6442E-07
1.1641E+04	1.5808E-05	7.1948E-07
1.1830E+04	1.5300E-05	6.7717E-07
1.2021E+04	1.4809E-05	6.3735E-07
1.2215E+04	1.4333E-05	5.9984E-07
1.2413E+04	1.3873E-05	5.6456E-07
1.2614E+04	1.3427E-05	5.3134E-07
1.2818E+04	1.2995E-05	5.0007E-07
1.3025E+04	1.2577E-05	4.7063E-07
1.3236E+04	1.2173E-05	4.4293E-07
1.3450E+04	1.1781E-05	4.1686E-07
1.3667E+04	1.1403E-05	3.9233E-07
1.3888E+04	1.1036E-05	3.6923E-07
1.4113E+04	1.0680E-05	3.4750E-07
1.4341E+04	1.0336E-05	3.2705E-07
1.4573E+04	1.0004E-05	3.0780E-07
1.4809E+04	9.6814E-06	2.8969E-07
1.5048E+04	9.3694E-06	2.7264E-07
1.5292E+04	9.0674E-06	2.5661E-07
1.5539E+04	8.7750E-06	2.4151E-07
1.5790E+04	8.4919E-06	2.2731E-07
1.6046E+04	8.2179E-06	2.1395E-07
1.6305E+04	7.9524E-06	2.0137E-07
1.6569E+04	7.6955E-06	1.8954E-07
1.6837E+04	7.4466E-06	1.7841E-07
1.7109E+04	7.2057E-06	1.6793E-07
1.7386E+04	6.9724E-06	1.5808E-07
1.7667E+04	6.7463E-06	1.4880E-07
1.7953E+04	6.5275E-06	1.4007E-07
1.8244E+04	6.3154E-06	1.3186E-07
1.8539E+04	6.1100E-06	1.2413E-07
1.8838E+04	5.9110E-06	1.1686E-07
1.9143E+04	5.7180E-06	1.1002E-07
1.9453E+04	5.5310E-06	1.0359E-07
1.9767E+04	5.3497E-06	9.7529E-08
2.0087E+04	5.1738E-06	9.1830E-08
2.0412E+04	5.0030E-06	8.6468E-08
2.0742E+04	4.8373E-06	8.1422E-08
2.1078E+04	4.6761E-06	7.6673E-08
2.1419E+04	4.5194E-06	7.2205E-08
2.1765E+04	4.3665E-06	6.8000E-08
2.2117E+04	4.2172E-06	6.4044E-08
2.2475E+04	4.0707E-06	6.0321E-08
2.2838E+04	3.9261E-06	5.6817E-08
2.3208E+04	3.7815E-06	5.3520E-08
2.3583E+04	3.6331E-06	5.0416E-08
2.3964E+04	3.4685E-06	4.7496E-08
2.4350E+04	2.7354E-06	4.4757E-08
2.4350E+04	2.7354E-06	2.8513E-07
2.4352E+04	2.9526E-06	2.8507E-07
2.4746E+04	3.2672E-06	2.6937E-07
2.5146E+04	3.2178E-06	2.5450E-07
2.5553E+04	3.1474E-06	2.4041E-07
2.5966E+04	3.0697E-06	2.2706E-07
2.6386E+04	2.9891E-06	2.1443E-07
2.6813E+04	2.9077E-06	2.0247E-07
2.7247E+04	2.8264E-06	1.9114E-07
2.7687E+04	2.7459E-06	1.8043E-07
2.8135E+04	2.6666E-06	1.7029E-07
2.8590E+04	2.5887E-06	1.6070E-07
2.9053E+04	2.5123E-06	1.5163E-07
2.9523E+04	2.4377E-06	1.4306E-07
3.0000E+04	2.3645E-06	1.3374E-07
3.0100E+04	2.3496E-06	1.3213E-07
3.0200E+04	2.3349E-06	1.3055E-07
3.0300E+04	2.3202E-06	1.2898E-07
3.0400E+04	2.3057E-06	1.2744E-07
3.0500E+04	2.2913E-06	1.2593E-07
3.0600E+04	2.2770E-06	1.2444E-07
3.0700E+04	2.2628E-06	1.2297E-07
3.0800E+04	2.2488E-06	1.2151E-07
3.0900E+04	2.2348E-06	1.2009E-07
3.1000E+04	2.2210E-06	1.1869E-07
3.1100E+04	2.2073E-06	1.1730E-07
3.1200E+04	2.1938E-06	1.1593E-07
3.1350E+04	2.1736E-06	1.1393E-07
3.1500E+04	2.1538E-06	1.1196E-07
3.1600E+04	2.1407E-06	1.1067E-07
3.1700E+04	2.1277E-06	1.0940E-07
3.1800E+04	2.1148E-06	1.0813E-07
3.1900E+04	2.1020E-06	1.0689E-07
3.2000E+04	2.0893E-06	1.0567E-07
3.2100E+04	2.0768E-06	1.0447E-07
3.2200E+04	2.0643E-06	1.0328E-07
3.2300E+04	2.0519E-06	1.0210E-07
3.2450E+04	2.0336E-06	1.0038E-07
3.2600E+04	2.0155E-06	9.8692E-08
3.2800E+04	1.9917E-06	9.6506E-08
3.3000E+04	1.9683E-06	9.4366E-08
3.3200E+04	1.9453E-06	9.2292E-08
3.3400E+04	1.9227E-06	9.0260E-08
3.3600E+04	1.9005E-06	8.8300E-08
3.3800E+04	1.8786E-06	8.6380E-08
3.3950E+04	1.8624E-06	8.4981E-08
3.4100E+04	1.8465E-06	8.3604E-08
3.4300E+04	1.8255E-06	8.1819E-08
3.4500E+04	1.8048E-06	8.0070E-08
3.4700E+04	1.7845E-06	7.8380E-08
3.4900E+04	1.7645E-06	7.6723E-08
3.5100E+04	1.7449E-06	7.5127E-08
3.5300E+04	1.7255E-06	7.3562E-08
3.5500E+04	1.7065E-06	7.2051E-08
3.5700E+04	1.6877E-06	7.0569E-08
3.6030E+04	1.6575E-06	6.8215E-08
3.6300E+04	1.6333E-06	6.6369E-08
3.6500E+04	1.6158E-06	6.5032E-08
3.6800E+04	1.5899E-06	6.3083E-08
3.7000E+04	1.5731E-06	6.1813E-08
3.7300E+04	1.5482E-06	5.9985E-08
3.7500E+04	1.5320E-06	5.8794E-08
3.7800E+04	1.5080E-06	5.7077E-08
3.8000E+04	1.4924E-06	5.5959E-08
3.8300E+04	1.4694E-06	5.4339E-08
3.8500E+04	1.4543E-06	5.3284E-08
3.8800E+04	1.4322E-06	5.1762E-08
3.9000E+04	1.4177E-06	5.0769E-08
3.9300E+04	1.3963E-06	4.9338E-08
3.9500E+04	1.3823E-06	4.8405E-08
3.9800E+04	1.3618E-06	4.7058E-08
4.0000E+04	1.3483E-06	4.6180E-08
4.0400E+04	1.3219E-06	4.4508E-08
4.0800E+04	1.2963E-06	4.2892E-08
4.1100E+04	1.2776E-06	4.1743E-08
4.1500E+04	1.2532E-06	4.0256E-08
4.1900E+04	1.2296E-06	3.8849E-08
4.2300E+04	1.2066E-06	3.7489E-08
4.3000E+04	1.1678E-06	3.5263E-08
4.3800E+04	1.1257E-06	3.2913E-08
4.4500E+04	1.0907E-06	3.1018E-08
4.5300E+04	1.0527E-06	2.9011E-08
4.6000E+04	1.0210E-06	2.7378E-08
4.6500E+04	9.9922E-07	2.6282E-08
4.7000E+04	9.7811E-07	2.5241E-08
4.7500E+04	9.5766E-07	2.4252E-08
4.8000E+04	9.3785E-07	2.3311E-08
4.8500E+04	9.1863E-07	2.2413E-08
4.9000E+04	9.0000E-07	2.1557E-08
4.9500E+04	8.8193E-07	2.0743E-08
5.0000E+04	8.6438E-07	1.9967E-08
5.1000E+04	8.3082E-07	1.8522E-08
5.2000E+04	7.9916E-07	1.7206E-08
5.3000E+04	7.6927E-07	1.6007E-08
5.4000E+04	7.4102E-07	1.4910E-08
5.5000E+04	7.1429E-07	1.3907E-08
5.6000E+04	6.8897E-07	1.2983E-08
5.6800E+04	6.6967E-07	1.2300E-08
5.7530E+04	6.5276E-07	1.1715E-08
5.8000E+04	6.4220E-07	1.1357E-08
5.8500E+04	6.3125E-07	1.0990E-08
5.9540E+04	6.0935E-07	1.0273E-08
5.9800E+04	6.0405E-07	1.0103E-08
6.0000E+04	6.0002E-07	9.9749E-09
6.0800E+04	5.8429E-07	9.4807E-09
6.1500E+04	5.7103E-07	9.0733E-09
6.2300E+04	5.5642E-07	8.6344E-09
6.3000E+04	5.4410E-07	8.2721E-09
6.4000E+04	5.2718E-07	7.7871E-09
6.5000E+04	5.1104E-07	7.3375E-09
6.5900E+04	4.9714E-07	6.9597E-09
6.6830E+04	4.8336E-07	6.5948E-09
6.7400E+04	4.7520E-07	6.3830E-09
6.8000E+04	4.6682E-07	6.1693E-09
6.9000E+04	4.5335E-07	5.8326E-09
7.0000E+04	4.4045E-07	5.5188E-09
7.1000E+04	4.2809E-07	5.2246E-09
7.2000E+04	4.1625E-07	4.9499E-09
7.2800E+04	4.0712E-07	4.7431E-09
7.3500E+04	3.9937E-07	4.5710E-09
7.4200E+04	3.9185E-07	4.4067E-09
7.4960E+04	3.8392E-07	4.2366E-09
7.5500E+04	3.7843E-07	4.1206E-09
7.6000E+04	3.7345E-07	4.0167E-09
7.7110E+04	3.6274E-07	3.7976E-09
7.8600E+04	3.4907E-07	3.5266E-09
7.9300E+04	3.4292E-07	3.4077E-09
8.0000E+04	3.3692E-07	3.2938E-09
8.1500E+04	3.2459E-07	3.0649E-09
8.3000E+04	3.1293E-07	2.8558E-09
8.4000E+04	3.0550E-07	2.7262E-09
8.5000E+04	2.9833E-07	2.6040E-09
8.6500E+04	2.8803E-07	2.4328E-09
8.8000E+04	2.7827E-07	2.2756E-09
8.9000E+04	2.7203E-07	2.1778E-09
9.0000E+04	2.6600E-07	2.0853E-09
9.1500E+04	2.5732E-07	1.9553E-09
9.3000E+04	2.4906E-07	1.8354E-09
9.4000E+04	2.4377E-07	1.7606E-09
9.5000E+04	2.3865E-07	1.6896E-09
9.6500E+04	2.3126E-07	1.5896E-09
9.8000E+04	2.2421E-07	1.4969E-09
9.9000E+04	2.1969E-07	1.4388E-09
9.9500E+04	2.1748E-07	1.4109E-09
1.0000E+05	2.1531E-07	1.3836E-09
1.0150E+05	2.0897E-07	1.3054E-09
1.0300E+05	2.0291E-07	1.2326E-09
1.0400E+05	1.9901E-07	1.1870E-09
1.0500E+05	1.9523E-07	1.1434E-09
1.0650E+05	1.8975E-07	1.0817E-09
1.0800E+05	1.8450E-07	1.0242E-09
1.0900E+05	1.8112E-07	9.8794E-10
1.1000E+05	1.7783E-07	9.5330E-10
1.1150E+05	1.7307E-07	9.0415E-10
1.1300E+05	1.6849E-07	8.5814E-10
1.1400E+05	1.6554E-07	8.2909E-10
1.1500E+05	1.6266E-07	8.0127E-10
1.1650E+05	1.5849E-07	7.6170E-10
1.1800E+05	1.5447E-07	7.2455E-10
1.1900E+05	1.5188E-07	7.0105E-10
1.2000E+05	1.4935E-07	6.7849E-10
1.2200E+05	1.4448E-07	6.3604E-10
1.2400E+05	1.3985E-07	5.9689E-10
1.2550E+05	1.3652E-07	5.6949E-10
1.2700E+05	1.3330E-07	5.4366E-10
1.2850E+05	1.3020E-07	5.1928E-10
1.3000E+05	1.2720E-07	4.9626E-10
1.3150E+05	1.2431E-07	4.7448E-10
1.3300E+05	1.2152E-07	4.5389E-10
1.3450E+05	1.1881E-07	4.3441E-10
1.3600E+05	1.1620E-07	4.1597E-10
1.3750E+05	1.1367E-07	3.9850E-10
1.3900E+05	1.1123E-07	3.8194E-10
1.4050E+05	1.0886E-07	3.6624E-10
1.4200E+05	1.0657E-07	3.5134E-10
1.4400E+05	1.0362E-07	3.3264E-10
1.4540E+05	1.0163E-07	3.2028E-10
1.4600E+05	1.0079E-07	3.1517E-10
1.4670E+05	9.9831E-08	3.0932E-10
1.4800E+05	9.8081E-08	2.9883E-10
1.4900E+05	9.6766E-08	2.9107E-10
1.4950E+05	9.6119E-08	2.8728E-10
1.5000E+05	9.5477E-08	2.8355E-10
1.5200E+05	9.2976E-08	2.6926E-10
1.5400E+05	9.0571E-08	2.5587E-10
1.5600E+05	8.8259E-08	2.4330E-10
1.5800E+05	8.6034E-08	2.3149E-10
1.6000E+05	8.3892E-08	2.2040E-10
1.6200E+05	8.1829E-08	2.0997E-10
1.6350E+05	8.0332E-08	2.0255E-10
1.6500E+05	7.8875E-08	1.9546E-10
1.6700E+05	7.6993E-08	1.8647E-10
1.6900E+05	7.5178E-08	1.7801E-10
1.7100E+05	7.3427E-08	1.7002E-10
1.7300E+05	7.1735E-08	1.6247E-10
1.7500E+05	7.0102E-08	1.5535E-10
1.7700E+05	6.8524E-08	1.4861E-10
1.7850E+05	6.7375E-08	1.4380E-10
1.8000E+05	6.6255E-08	1.3918E-10
1.8300E+05	6.4096E-08	1.3050E-10
1.8500E+05	6.2716E-08	1.2509E-10
1.8800E+05	6.0727E-08	1.1749E-10
1.9000E+05	5.9453E-08	1.1274E-10
1.9300E+05	5.7616E-08	1.0607E-10
1.9500E+05	5.6438E-08	1.0190E-10
1.9800E+05	5.4738E-08	9.6023E-11
2.0000E+05	5.3647E-08	9.2339E-11
2.0300E+05	5.2071E-08	8.7201E-11
2.0500E+05	5.1058E-08	8.3974E-11
2.0800E+05	4.9594E-08	7.9411E-11
2.1000E+05	4.8652E-08	7.6542E-11
2.1300E+05	4.7289E-08	7.2479E-11
2.1500E+05	4.6412E-08	6.9920E-11
2.1800E+05	4.5142E-08	6.6304E-11
2.2000E+05	4.4324E-08	6.4024E-11
2.2300E+05	4.3138E-08	6.0786E-11
2.2600E+05	4.1998E-08	5.7752E-11
2.2900E+05	4.0904E-08	5.4907E-11
2.3200E+05	3.9851E-08	5.2240E-11
2.3500E+05	3.8839E-08	4.9736E-11
2.3800E+05	3.7865E-08	4.7382E-11
2.4100E+05	3.6927E-08	4.5167E-11
2.4470E+05	3.5817E-08	4.2614E-11
2.4600E+05	3.5439E-08	4.1762E-11
2.4800E+05	3.4870E-08	4.0492E-11
2.5200E+05	3.3770E-08	3.8097E-11
2.5600E+05	3.2722E-08	3.5879E-11
2.6000E+05	3.1722E-08	3.3821E-11
2.6500E+05	3.0535E-08	3.1454E-11
2.7000E+05	2.9413E-08	2.9292E-11
2.7500E+05	2.8352E-08	2.7313E-11
2.7920E+05	2.7505E-08	2.5780E-11
2.8200E+05	2.6961E-08	2.4816E-11
2.8500E+05	2.6396E-08	2.3834E-11
2.9000E+05	2.5493E-08	2.2303E-11
2.9500E+05	2.4635E-08	2.0893E-11
3.0000E+05	2.3820E-08	1.9595E-11
3.0400E+05	2.3197E-08	1.8628E-11
3.0800E+05	2.2598E-08	1.7721E-11
3.1200E+05	2.2021E-08	1.6868E-11
3.1650E+05	2.1399E-08	1.5970E-11
3.1800E+05	2.1198E-08	1.5685E-11
3.2010E+05	2.0920E-08	1.5295E-11
3.2600E+05	2.0169E-08	1.4265E-11
3.3200E+05	1.9446E-08	1.3305E-11
3.3500E+05	1.9099E-08	1.2856E-11
3.3800E+05	1.8761E-08	1.2426E-11
3.4100E+05	1.8432E-08	1.2018E-11
3.4430E+05	1.8081E-08	1.1602E-11
3.5100E+05	1.7396E-08	1.0812E-11
3.5700E+05	1.6816E-08	1.0162E-11
3.6400E+05	1.6175E-08	9.4663E-12
3.7000E+05	1.5655E-08	8.9173E-12
3.7800E+05	1.4999E-08	8.2469E-12
3.8500E+05	1.4458E-08	7.7120E-12
3.9300E+05	1.3875E-08	7.1537E-12
4.0000E+05	1.3393E-08	6.7067E-12
4.0300E+05	1.3194E-08	6.5270E-12
4.0600E+05	1.3000E-08	6.3534E-12
4.1110E+05	1.2679E-08	6.0716E-12
4.1180E+05	1.2636E-08	6.0341E-12
4.2100E+05	1.2090E-08	5.5684E-12
4.3000E+05	1.1589E-08	5.1563E-12
4.3700E+05	1.1220E-08	4.8624E-12
4.4400E+05	1.0869E-08	4.5894E-12
4.5000E+05	1.0581E-08	4.3709E-12
4.5600E+05	1.0304E-08	4.1655E-12
4.6200E+05	1.0038E-08	3.9723E-12
4.6805E+05	9.7803E-09	3.7889E-12
4.7400E+05	9.5362E-09	3.6189E-12
4.8000E+05	9.2992E-09	3.4572E-12
4.9000E+05	8.9233E-09	3.2078E-12
4.9500E+05	8.7439E-09	3.0916E-12
4.9800E+05	8.6388E-09	3.0245E-12
5.0000E+05	8.5698E-09	2.9808E-12
5.0800E+05	8.3019E-09	2.8220E-12
5.1500E+05	8.0777E-09	2.6919E-12
5.2300E+05	7.8324E-09	2.5525E-12
5.3000E+05	7.6268E-09	2.4380E-12
5.4000E+05	7.3468E-09	2.2858E-12
5.5000E+05	7.0820E-09	2.1458E-12
5.5800E+05	6.8803E-09	2.0421E-12
5.6500E+05	6.7108E-09	1.9566E-12
5.7300E+05	6.5247E-09	1.8645E-12
5.8000E+05	6.3681E-09	1.7884E-12
5.9000E+05	6.1540E-09	1.6866E-12
6.0000E+05	5.9505E-09	1.5921E-12
6.0800E+05	5.7949E-09	1.5215E-12
6.1500E+05	5.6637E-09	1.4630E-12
6.3000E+05	5.3972E-09	1.3471E-12
6.4600E+05	5.1331E-09	1.2363E-12
6.5400E+05	5.0082E-09	1.1853E-12
6.6160E+05	4.8938E-09	1.1393E-12
6.6600E+05	4.8293E-09	1.1149E-12
6.7100E+05	4.7576E-09	1.0882E-12
6.8000E+05	4.6325E-09	1.0422E-12
6.9000E+05	4.4991E-09	9.9412E-13
7.0000E+05	4.3715E-09	9.4886E-13
7.1200E+05	4.2254E-09	8.9805E-13
7.2330E+05	4.0943E-09	8.5341E-13
7.3700E+05	3.9435E-09	8.0310E-13
7.5000E+05	3.8080E-09	7.5889E-13
7.6400E+05	3.6696E-09	7.1478E-13
7.7890E+05	3.5306E-09	6.7163E-13
7.8900E+05	3.4407E-09	6.4435E-13
8.0000E+05	3.3468E-09	6.1627E-13
8.1500E+05	3.2247E-09	5.8058E-13
8.3000E+05	3.1092E-09	5.4755E-13
8.5000E+05	2.9645E-09	5.0724E-13
8.6740E+05	2.8468E-09	4.7528E-13
8.7800E+05	2.7785E-09	4.5710E-13
8.8920E+05	2.7089E-09	4.3927E-13
9.0000E+05	2.6443E-09	4.2316E-13
9.1500E+05	2.5583E-09	4.0204E-13
9.3000E+05	2.4764E-09	3.8230E-13
9.5000E+05	2.3732E-09	3.5793E-13
9.6400E+05	2.3048E-09	3.4208E-13
9.8000E+05	2.2301E-09	3.2508E-13
1.0000E+06	2.1418E-09	3.0537E-13
1.0020E+06	2.1333E-09	3.0338E-13
1.0048E+06	2.1214E-09	3.0062E-13
1.0110E+06	2.0954E-09	2.9462E-13
1.0170E+06	2.0708E-09	2.8896E-13
1.0240E+06	2.0426E-09	2.8268E-13
1.0300E+06	2.0188E-09	2.7774E-13
1.0400E+06	1.9802E-09	2.6974E-13
1.0500E+06	1.9427E-09	2.6202E-13
1.0700E+06	1.8707E-09	2.4734E-13
1.0858E+06	1.8167E-09	2.3644E-13
1.1000E+06	1.7701E-09	2.2713E-13
1.1205E+06	1.7059E-09	2.1445E-13
1.1211E+06	1.7040E-09	2.1410E-13
1.1500E+06	1.6195E-09	1.9768E-13
1.1620E+06	1.5862E-09	1.9132E-13
1.1732E+06	1.5560E-09	1.8560E-13
1.1870E+06	1.5201E-09	1.7885E-13
1.2000E+06	1.4873E-09	1.7303E-13
1.2100E+06	1.4628E-09	1.6875E-13
1.2200E+06	1.4389E-09	1.6460E-13
1.2500E+06	1.3707E-09	1.5288E-13
1.2745E+06	1.3185E-09	1.4408E-13
1.3000E+06	1.2673E-09	1.3557E-13
1.3325E+06	1.2062E-09	1.2563E-13
1.3700E+06	1.1411E-09	1.1526E-13
1.4080E+06	1.0803E-09	1.0582E-13
1.4500E+06	1.0186E-09	9.6498E-14
1.4800E+06	9.7776E-10	9.0464E-14
1.4900E+06	9.6468E-10	8.8559E-14
1.5000E+06	9.5186E-10	8.6704E-14
1.5500E+06	8.9144E-10	7.8399E-14
1.6000E+06	8.3659E-10	7.1078E-14
1.6500E+06	7.8665E-10	6.4605E-14
1.6800E+06	7.5881E-10	6.1078E-14
1.7000E+06	7.4106E-10	5.8862E-14
1.7400E+06	7.0738E-10	5.4729E-14
1.7800E+06	6.7594E-10	5.0958E-14
1.8200E+06	6.4656E-10	4.7512E-14
1.8500E+06	6.2576E-10	4.5120E-14
1.8900E+06	5.9955E-10	4.2164E-14
1.9300E+06	5.7495E-10	3.9450E-14
1.9700E+06	5.5184E-10	3.6955E-14
2.0000E+06	5.3541E-10	3.5214E-14
2.0300E+06	5.1970E-10	3.3614E-14
2.0500E+06	5.0961E-10	3.2608E-14
2.0800E+06	4.9502E-10	3.1201E-14
2.1000E+06	4.8563E-10	3.0307E-14
2.1500E+06	4.6331E-10	2.8210E-14
2.2000E+06	4.4249E-10	2.6297E-14
2.2800E+06	4.1198E-10	2.3569E-14
2.3500E+06	3.8780E-10	2.1474E-14
2.4300E+06	3.6269E-10	1.9365E-14
2.5000E+06	3.4266E-10	1.7733E-14
2.5500E+06	3.2935E-10	1.6674E-14
2.6000E+06	3.1681E-10	1.5696E-14
2.6500E+06	3.0496E-10	1.4790E-14
2.7000E+06	2.9377E-10	1.3950E-14
2.7800E+06	2.7711E-10	1.2730E-14
2.8500E+06	2.6366E-10	1.1773E-14
2.9300E+06	2.4946E-10	1.0789E-14
2.9700E+06	2.4279E-10	1.0337E-14
3.0000E+06	2.3796E-10	1.0014E-14
3.0300E+06	2.3327E-10	9.7156E-15
3.0500E+06	2.3022E-10	9.5233E-15
3.1000E+06	2.2285E-10	9.0636E-15
3.2000E+06	2.0914E-10	8.2272E-15
3.2800E+06	1.9906E-10	7.6288E-15
3.3500E+06	1.9083E-10	7.1508E-15
3.4300E+06	1.8203E-10	6.6510E-15
3.5000E+06	1.7482E-10	6.2502E-15
3.6000E+06	1.6525E-10	5.7302E-15
3.7000E+06	1.5643E-10	5.2650E-15
3.8500E+06	1.4448E-10	4.6549E-15
3.9300E+06	1.3866E-10	4.3667E-15
4.0000E+06	1.3385E-10	4.1333E-15
4.0500E+06	1.3057E-10	3.9803E-15
4.1000E+06	1.2740E-10	3.8345E-15
4.2000E+06	1.2141E-10	3.5633E-15
4.3500E+06	1.1318E-10	3.2014E-15
4.5000E+06	1.0576E-10	2.8859E-15
4.6000E+06	1.0121E-10	2.6978E-15
4.7000E+06	9.6948E-11	2.5254E-15
4.8500E+06	9.1044E-11	2.2927E-15
5.0000E+06	8.5663E-11	2.0871E-15
5.0122E+06	8.5248E-11	2.0718E-15
5.1600E+06	8.0433E-11	1.8967E-15
5.3000E+06	7.6240E-11	1.7483E-15
5.4000E+06	7.3443E-11	1.6514E-15
5.5000E+06	7.0796E-11	1.5615E-15
5.7000E+06	6.5915E-11	1.3999E-15
5.8500E+06	6.2578E-11	1.2928E-15
6.0000E+06	5.9488E-11	1.1962E-15
6.1000E+06	5.7554E-11	1.1377E-15
6.2000E+06	5.5712E-11	1.0828E-15
6.5000E+06	5.0688E-11	9.3780E-16
6.7000E+06	4.7707E-11	8.5500E-16
7.0000E+06	4.3706E-11	7.4787E-16
7.2000E+06	4.1311E-11	6.8669E-16
7.5000E+06	3.8073E-11	6.0666E-16
7.7000E+06	3.6120E-11	5.6000E-16
8.0000E+06	3.3462E-11	4.9847E-16
8.2000E+06	3.1850E-11	4.6248E-16
8.5000E+06	2.9641E-11	4.1463E-16
8.7000E+06	2.8294E-11	3.8629E-16
9.0000E+06	2.6439E-11	3.4838E-16
9.2000E+06	2.5302E-11	3.2594E-16
9.5000E+06	2.3729E-11	2.9572E-16
1.0000E+07	2.1416E-11	2.5305E-16
