1.000000E-01	-1.220000E+01	4.470000E+01
1.300000E-01	-8.910000E+00	3.670000E+01
1.500000E-01	-7.180000E+00	3.120000E+01
1.700000E-01	-5.780000E+00	2.720000E+01
2.000000E-01	-4.900000E+00	2.400000E+01
2.200000E-01	-4.240000E+00	2.150000E+01
2.500000E-01	-3.700000E+00	1.940000E+01
2.800000E-01	-3.240000E+00	1.770000E+01
3.000000E-01	-2.920000E+00	1.620000E+01
3.200000E-01	-2.570000E+00	1.490000E+01
3.500000E-01	-2.280000E+00	1.370000E+01
3.800000E-01	-2.030000E+00	1.250000E+01
4.000000E-01	-1.810000E+00	1.140000E+01
4.300000E-01	-1.920000E+00	1.030000E+01
4.500000E-01	-2.030000E+00	9.310000E+00
4.700000E-01	-2.360000E+00	8.400000E+00
5.000000E-01	-2.910000E+00	7.710000E+00
5.200000E-01	-3.300000E+00	7.400000E+00
5.500000E-01	-3.580000E+00	7.140000E+00
5.700000E-01	-3.860000E+00	6.890000E+00
6.000000E-01	-4.130000E+00	6.750000E+00
6.300000E-01	-4.340000E+00	6.700000E+00
6.500000E-01	-4.520000E+00	6.660000E+00
6.800000E-01	-4.660000E+00	6.730000E+00
7.000000E-01	-4.710000E+00	6.830000E+00
7.300000E-01	-4.670000E+00	6.950000E+00
7.500000E-01	-4.570000E+00	7.020000E+00
7.700000E-01	-4.440000E+00	7.040000E+00
8.000000E-01	-4.310000E+00	7.040000E+00
8.200000E-01	-4.170000E+00	7.010000E+00
8.500000E-01	-4.050000E+00	6.980000E+00
8.800000E-01	-3.910000E+00	6.950000E+00
9.000000E-01	-3.770000E+00	6.910000E+00
9.500000E-01	-3.500000E+00	6.770000E+00
1.000000E+00	-3.250000E+00	6.620000E+00
1.050000E+00	-3.030000E+00	6.440000E+00
1.100000E+00	-2.860000E+00	6.240000E+00
1.150000E+00	-2.700000E+00	6.080000E+00
1.200000E+00	-2.550000E+00	5.920000E+00
1.300000E+00	-2.290000E+00	5.610000E+00
1.400000E+00	-2.100000E+00	5.320000E+00
1.500000E+00	-1.920000E+00	5.070000E+00
1.600000E+00	-1.760000E+00	4.840000E+00
1.700000E+00	-1.630000E+00	4.630000E+00
1.800000E+00	-1.510000E+00	4.430000E+00
1.900000E+00	-1.380000E+00	4.260000E+00
2.000000E+00	-1.300000E+00	4.070000E+00
2.100000E+00	-1.230000E+00	3.920000E+00
2.200000E+00	-1.170000E+00	3.770000E+00
2.300000E+00	-1.100000E+00	3.670000E+00
2.400000E+00	-1.030000E+00	3.540000E+00
2.500000E+00	-9.600000E-01	3.420000E+00
2.600000E+00	-9.100000E-01	3.300000E+00
2.700000E+00	-8.700000E-01	3.200000E+00
2.800000E+00	-8.300000E-01	3.100000E+00
2.900000E+00	-7.900000E-01	3.010000E+00
3.000000E+00	-7.500000E-01	2.920000E+00
3.100000E+00	-7.200000E-01	2.840000E+00
3.200000E+00	-6.800000E-01	2.760000E+00
3.300000E+00	-6.500000E-01	2.690000E+00
3.400000E+00	-6.200000E-01	2.620000E+00
3.500000E+00	-6.000000E-01	2.550000E+00
3.600000E+00	-5.800000E-01	2.480000E+00
3.700000E+00	-5.600000E-01	2.420000E+00
3.800000E+00	-5.300000E-01	2.370000E+00
3.900000E+00	-5.100000E-01	2.320000E+00
4.000000E+00	-4.900000E-01	2.250000E+00
4.200000E+00	-4.500000E-01	2.140000E+00
4.400000E+00	-4.300000E-01	2.040000E+00
4.600000E+00	-3.900000E-01	1.950000E+00
4.800000E+00	-3.800000E-01	1.850000E+00
5.000000E+00	-3.600000E-01	1.760000E+00
5.200000E+00	-3.600000E-01	1.670000E+00
5.400000E+00	-3.600000E-01	1.610000E+00
5.600000E+00	-3.600000E-01	1.540000E+00
5.800000E+00	-3.600000E-01	1.470000E+00
5.900000E+00	-3.700000E-01	1.430000E+00
6.000000E+00	-3.800000E-01	1.400000E+00
6.048000E+00	-1.900000E-01	1.400000E+00
6.100000E+00	-3.800000E-01	1.370000E+00
6.199000E+00	-2.400000E-01	1.340000E+00
6.358000E+00	-3.000000E-01	1.290000E+00
6.526000E+00	-3.400000E-01	1.260000E+00
6.702000E+00	-3.800000E-01	1.240000E+00
6.888000E+00	-4.200000E-01	1.230000E+00
7.085000E+00	-4.600000E-01	1.230000E+00
7.293000E+00	-4.900000E-01	1.220000E+00
7.514000E+00	-4.800000E-01	1.210000E+00
7.749000E+00	-4.600000E-01	1.220000E+00
7.999000E+00	-4.600000E-01	1.160000E+00
8.266000E+00	-4.700000E-01	1.150000E+00
8.377000E+00	-4.700000E-01	1.150000E+00
8.492000E+00	-4.700000E-01	1.150000E+00
8.610000E+00	-4.600000E-01	1.150000E+00
8.731000E+00	-4.600000E-01	1.150000E+00
8.856000E+00	-4.500000E-01	1.150000E+00
8.984000E+00	-4.300000E-01	1.140000E+00
9.117000E+00	-4.300000E-01	1.140000E+00
9.253000E+00	-4.300000E-01	1.150000E+00
9.393000E+00	-4.300000E-01	1.150000E+00
9.537000E+00	-4.300000E-01	1.160000E+00
9.686000E+00	-4.200000E-01	1.170000E+00
9.840000E+00	-4.000000E-01	1.170000E+00
9.999000E+00	-3.700000E-01	1.180000E+00
1.016300E+01	-3.500000E-01	1.180000E+00
1.033200E+01	-3.200000E-01	1.170000E+00
1.050700E+01	-3.000000E-01	1.150000E+00
1.068800E+01	-2.800000E-01	1.130000E+00
1.087600E+01	-2.700000E-01	1.110000E+00
1.107000E+01	-2.500000E-01	1.090000E+00
1.127100E+01	-2.400000E-01	1.070000E+00
1.148000E+01	-2.400000E-01	1.050000E+00
1.169700E+01	-2.300000E-01	1.040000E+00
1.192200E+01	-2.200000E-01	1.020000E+00
1.215500E+01	-2.200000E-01	1.010000E+00
1.239900E+01	-1.900000E-01	9.810000E-01
1.265200E+01	-1.700000E-01	9.570000E-01
1.291500E+01	-1.900000E-01	9.420000E-01
1.319000E+01	-2.000000E-01	9.300000E-01
1.347700E+01	-1.800000E-01	9.190000E-01
1.377600E+01	-1.600000E-01	9.120000E-01
1.408900E+01	-1.400000E-01	9.030000E-01
1.441700E+01	-1.200000E-01	8.990000E-01
1.476000E+01	-1.000000E-01	8.910000E-01
1.512000E+01	-9.000000E-02	8.780000E-01
1.549800E+01	-8.000000E-02	8.660000E-01
1.589600E+01	-7.000000E-02	8.500000E-01
1.631400E+01	-6.000000E-02	8.350000E-01
1.675500E+01	-5.000000E-02	8.170000E-01
1.722000E+01	-4.000000E-02	8.090000E-01
1.771200E+01	-3.000000E-02	8.260000E-01
1.796900E+01	-2.000000E-02	8.370000E-01
1.823300E+01	-1.000000E-02	8.560000E-01
1.850500E+01	7.000000E-03	8.690000E-01
1.878600E+01	2.500000E-02	8.840000E-01
1.907500E+01	4.300000E-02	9.000000E-01
1.937300E+01	6.300000E-02	9.150000E-01
1.968000E+01	8.600000E-02	9.240000E-01
1.999800E+01	1.130000E-01	9.300000E-01
2.032500E+01	1.380000E-01	9.370000E-01
2.066400E+01	1.650000E-01	9.380000E-01
2.101400E+01	1.880000E-01	9.350000E-01
2.137700E+01	2.080000E-01	9.240000E-01
2.175200E+01	2.370000E-01	9.050000E-01
2.214000E+01	2.560000E-01	8.870000E-01
2.254300E+01	2.710000E-01	8.670000E-01
2.296000E+01	2.800000E-01	8.450000E-01
2.339300E+01	2.870000E-01	8.260000E-01
2.384300E+01	2.890000E-01	7.970000E-01
2.431100E+01	2.910000E-01	7.660000E-01
2.479700E+01	2.910000E-01	7.180000E-01
2.530300E+01	2.880000E-01	6.790000E-01
2.583000E+01	2.860000E-01	6.560000E-01
2.638000E+01	2.830000E-01	6.370000E-01
2.695300E+01	2.810000E-01	6.220000E-01
2.755200E+01	2.780000E-01	6.050000E-01
2.817800E+01	2.780000E-01	5.790000E-01
2.883400E+01	2.820000E-01	6.540000E-01
2.930000E+01	2.530000E-01	5.320000E-01
2.977390E+01	2.530000E-01	5.210000E-01
3.025550E+01	2.556428E-01	5.095165E-01
3.074490E+01	2.593457E-01	4.985558E-01
3.124210E+01	2.653992E-01	4.878343E-01
3.174750E+01	2.767455E-01	4.752716E-01
3.226090E+01	2.855377E-01	4.519624E-01
3.278270E+01	2.899459E-01	4.297933E-01
3.331300E+01	2.940578E-01	4.057855E-01
3.385180E+01	2.923795E-01	3.805119E-01
3.439930E+01	2.873902E-01	3.568127E-01
3.495570E+01	2.797595E-01	3.345887E-01
3.552110E+01	2.702033E-01	3.160133E-01
3.609560E+01	2.612892E-01	2.991455E-01
3.667940E+01	2.522388E-01	2.831772E-01
3.727270E+01	2.427129E-01	2.680608E-01
3.787550E+01	2.326112E-01	2.539254E-01
3.848820E+01	2.221191E-01	2.406408E-01
3.911070E+01	2.109429E-01	2.280525E-01
3.974320E+01	1.980675E-01	2.161234E-01
4.038610E+01	1.831829E-01	2.087818E-01
4.103930E+01	1.716920E-01	2.036832E-01
4.170310E+01	1.616923E-01	1.987092E-01
4.237760E+01	1.522289E-01	1.938570E-01
4.306300E+01	1.428380E-01	1.891230E-01
4.375950E+01	1.326550E-01	1.854180E-01
4.446730E+01	1.237828E-01	1.834142E-01
4.518650E+01	1.157583E-01	1.814321E-01
4.591740E+01	1.080062E-01	1.794708E-01
4.666000E+01	9.953798E-02	1.775319E-01
4.741470E+01	8.959460E-02	1.786909E-01
4.818160E+01	8.287391E-02	1.818332E-01
4.896090E+01	7.806705E-02	1.850310E-01
4.975280E+01	7.458229E-02	1.882856E-01
5.055760E+01	7.248419E-02	1.913496E-01
5.137530E+01	7.112441E-02	1.941336E-01
5.220620E+01	7.065320E-02	1.969566E-01
5.305060E+01	7.144247E-02	1.998228E-01
5.390870E+01	7.428069E-02	2.025861E-01
5.478060E+01	7.756946E-02	2.023205E-01
5.566670E+01	8.053856E-02	2.020561E-01
5.656700E+01	8.450903E-02	2.017916E-01
5.748200E+01	9.022649E-02	1.988575E-01
5.841170E+01	9.391193E-02	1.943219E-01
5.935640E+01	9.720591E-02	1.898890E-01
6.031650E+01	1.000190E-01	1.828825E-01
6.129210E+01	1.000302E-01	1.753988E-01
6.228340E+01	9.762810E-02	1.696645E-01
6.329080E+01	9.582408E-02	1.654386E-01
6.431450E+01	9.362798E-02	1.613169E-01
6.535470E+01	8.977138E-02	1.572995E-01
6.641180E+01	8.601602E-02	1.578728E-01
6.748590E+01	8.419959E-02	1.588532E-01
6.857750E+01	8.333506E-02	1.614704E-01
6.968670E+01	8.554514E-02	1.650837E-01
7.081380E+01	9.167784E-02	1.687769E-01
7.195910E+01	9.923025E-02	1.663084E-01
7.312300E+01	1.061278E-01	1.636205E-01
7.430570E+01	1.149301E-01	1.582515E-01
7.550760E+01	1.211366E-01	1.500718E-01
7.672890E+01	1.246001E-01	1.405343E-01
7.796990E+01	1.263441E-01	1.315707E-01
7.923100E+01	1.270075E-01	1.231465E-01
8.051250E+01	1.272183E-01	1.152111E-01
8.181470E+01	1.266029E-01	1.068512E-01
8.313800E+01	1.250502E-01	9.909789E-02
8.448270E+01	1.226746E-01	9.206751E-02
8.584910E+01	1.203783E-01	8.605233E-02
8.723770E+01	1.185000E-01	8.043008E-02
8.864870E+01	1.169580E-01	7.395615E-02
9.008250E+01	1.140502E-01	6.724305E-02
9.153950E+01	1.103444E-01	6.113907E-02
9.302010E+01	1.057386E-01	5.606345E-02
9.452460E+01	1.016597E-01	5.202292E-02
9.605350E+01	9.787005E-02	4.827383E-02
9.760710E+01	9.413738E-02	4.479482E-02
9.918580E+01	9.035814E-02	4.156663E-02
1.007900E+02	8.669275E-02	3.888675E-02
1.024200E+02	8.326695E-02	3.640706E-02
1.040770E+02	7.998062E-02	3.408508E-02
1.057600E+02	7.679795E-02	3.191169E-02
1.074710E+02	7.368443E-02	2.989561E-02
1.092090E+02	7.068230E-02	2.803538E-02
1.109750E+02	6.776712E-02	2.629094E-02
1.127700E+02	6.491657E-02	2.465484E-02
1.145940E+02	6.212426E-02	2.314481E-02
1.164480E+02	5.940298E-02	2.173913E-02
1.183310E+02	5.671822E-02	2.042028E-02
1.202450E+02	5.408580E-02	1.924357E-02
1.221900E+02	5.148381E-02	1.813463E-02
1.241660E+02	4.874553E-02	1.710656E-02
1.261750E+02	4.618087E-02	1.660332E-02
1.282150E+02	4.388982E-02	1.611530E-02
1.302890E+02	4.173602E-02	1.564135E-02
1.323970E+02	3.962134E-02	1.521509E-02
1.345380E+02	3.765751E-02	1.490889E-02
1.367140E+02	3.582394E-02	1.460875E-02
1.389250E+02	3.406990E-02	1.431471E-02
1.411720E+02	3.235207E-02	1.402653E-02
1.434560E+02	3.063281E-02	1.384230E-02
1.457760E+02	2.906870E-02	1.375673E-02
1.481340E+02	2.760512E-02	1.367160E-02
1.505300E+02	2.618892E-02	1.358705E-02
1.529640E+02	2.482239E-02	1.358527E-02
1.554390E+02	2.357168E-02	1.362167E-02
1.579530E+02	2.240426E-02	1.365837E-02
1.605070E+02	2.129575E-02	1.369525E-02
1.631030E+02	2.020400E-02	1.376278E-02
1.657420E+02	1.921809E-02	1.390005E-02
1.684220E+02	1.832378E-02	1.403898E-02
1.711460E+02	1.750813E-02	1.417917E-02
1.739150E+02	1.677838E-02	1.431534E-02
1.767270E+02	1.609968E-02	1.441116E-02
1.795860E+02	1.546455E-02	1.450739E-02
1.824910E+02	1.487847E-02	1.460433E-02
1.854420E+02	1.435001E-02	1.470195E-02
1.884420E+02	1.391500E-02	1.480013E-02
1.914890E+02	1.352439E-02	1.478738E-02
1.945870E+02	1.311117E-02	1.474919E-02
1.977340E+02	1.270101E-02	1.471122E-02
2.009320E+02	1.230118E-02	1.467336E-02
2.041820E+02	1.190656E-02	1.463556E-02
2.074850E+02	1.151999E-02	1.463606E-02
2.108400E+02	1.118371E-02	1.465634E-02
2.142510E+02	1.089392E-02	1.467653E-02
2.177160E+02	1.064657E-02	1.469688E-02
2.212370E+02	1.047377E-02	1.469730E-02
2.248160E+02	1.030343E-02	1.464946E-02
2.284520E+02	1.014083E-02	1.460192E-02
2.321470E+02	1.000703E-02	1.455452E-02
2.359020E+02	9.919224E-03	1.450726E-02
2.397170E+02	9.929811E-03	1.440239E-02
2.435950E+02	9.879242E-03	1.418899E-02
2.475350E+02	9.796080E-03	1.397890E-02
2.515380E+02	9.705270E-03	1.377189E-02
2.556070E+02	9.624314E-03	1.356795E-02
2.597410E+02	9.559024E-03	1.332532E-02
2.639420E+02	9.463469E-03	1.306127E-02
2.682110E+02	9.344795E-03	1.280244E-02
2.725490E+02	9.216741E-03	1.254872E-02
2.769570E+02	9.081037E-03	1.229999E-02
2.814370E+02	8.935384E-03	1.206069E-02
2.859890E+02	8.794592E-03	1.183544E-02
2.906150E+02	8.657490E-03	1.161441E-02
2.953150E+02	8.522733E-03	1.139754E-02
3.000920E+02	8.390030E-03	1.118464E-02
3.049450E+02	8.258013E-03	1.097730E-02
3.098780E+02	8.130788E-03	1.077613E-02
3.148900E+02	8.008377E-03	1.057847E-02
3.199830E+02	7.889873E-03	1.038420E-02
3.251580E+02	7.774903E-03	1.019332E-02
3.304180E+02	7.663868E-03	1.000631E-02
3.357620E+02	7.557406E-03	9.822801E-03
3.411920E+02	7.455380E-03	9.642533E-03
3.467110E+02	7.357911E-03	9.465577E-03
3.523190E+02	7.265648E-03	9.291887E-03
3.580170E+02	7.178852E-03	9.121295E-03
3.638080E+02	7.098195E-03	8.953791E-03
3.696920E+02	7.024621E-03	8.789473E-03
3.756720E+02	6.959944E-03	8.628216E-03
3.817480E+02	6.908103E-03	8.470071E-03
3.879220E+02	6.878586E-03	8.306948E-03
3.941970E+02	6.870309E-03	8.129556E-03
4.005730E+02	6.861632E-03	7.900625E-03
4.070520E+02	6.816278E-03	7.656853E-03
4.136350E+02	6.751090E-03	7.420734E-03
4.203260E+02	6.674693E-03	7.191736E-03
4.271240E+02	6.590793E-03	6.969866E-03
4.340320E+02	6.501801E-03	6.754957E-03
4.410520E+02	6.409384E-03	6.546709E-03
4.481860E+02	6.318194E-03	6.343773E-03
4.554350E+02	6.223410E-03	6.141698E-03
4.628020E+02	6.124303E-03	5.942052E-03
4.702870E+02	6.019497E-03	5.746916E-03
4.778940E+02	5.910140E-03	5.558457E-03
4.856230E+02	5.797489E-03	5.375979E-03
4.934780E+02	5.681198E-03	5.199444E-03
5.014590E+02	5.560808E-03	5.028882E-03
5.095700E+02	5.433982E-03	4.863872E-03
5.178120E+02	5.289577E-03	4.710864E-03
5.261870E+02	5.138337E-03	4.585521E-03
5.346980E+02	4.997611E-03	4.505769E-03
5.433460E+02	4.900357E-03	4.448211E-03
5.521340E+02	4.847091E-03	4.391156E-03
5.610650E+02	4.821799E-03	4.285392E-03
5.701390E+02	4.789261E-03	4.156884E-03
5.793610E+02	4.735907E-03	4.015262E-03
5.887320E+02	4.673204E-03	3.875634E-03
5.982540E+02	4.603174E-03	3.739118E-03
6.079300E+02	4.529361E-03	3.607335E-03
6.177630E+02	4.454020E-03	3.480307E-03
6.277550E+02	4.380207E-03	3.357416E-03
6.379080E+02	4.307498E-03	3.233839E-03
6.482260E+02	4.233188E-03	3.107777E-03
6.587110E+02	4.151306E-03	2.982167E-03
6.693650E+02	4.063633E-03	2.861640E-03
6.801910E+02	3.971743E-03	2.749763E-03
6.911930E+02	3.879473E-03	2.645322E-03
7.023720E+02	3.786663E-03	2.547454E-03
7.137330E+02	3.694857E-03	2.460061E-03
7.252770E+02	3.610576E-03	2.380280E-03
7.370080E+02	3.531992E-03	2.303082E-03
7.489280E+02	3.458164E-03	2.228391E-03
7.610420E+02	3.389993E-03	2.155814E-03
7.733510E+02	3.329391E-03	2.082466E-03
7.858590E+02	3.272750E-03	2.001061E-03
7.985700E+02	3.208740E-03	1.914461E-03
8.114860E+02	3.140547E-03	1.831615E-03
8.246110E+02	3.070828E-03	1.752327E-03
8.379490E+02	3.000652E-03	1.676457E-03
8.515020E+02	2.930540E-03	1.603560E-03
8.652740E+02	2.860737E-03	1.533485E-03
8.792690E+02	2.791148E-03	1.466178E-03
8.934910E+02	2.722119E-03	1.401813E-03
9.079430E+02	2.653980E-03	1.340262E-03
9.226280E+02	2.587171E-03	1.281401E-03
9.375510E+02	2.521272E-03	1.224094E-03
9.527150E+02	2.456132E-03	1.169089E-03
9.681240E+02	2.391706E-03	1.116333E-03
9.837830E+02	2.328283E-03	1.065935E-03
9.996950E+02	2.266089E-03	1.017676E-03
1.015860E+03	2.205378E-03	9.714763E-04
1.032290E+03	2.145515E-03	9.262689E-04
1.048990E+03	2.086399E-03	8.829823E-04
1.065960E+03	2.028030E-03	8.415506E-04
1.083200E+03	1.970628E-03	8.020605E-04
1.100720E+03	1.914283E-03	7.644083E-04
1.118520E+03	1.859047E-03	7.285104E-04
1.136610E+03	1.804926E-03	6.942808E-04
1.155000E+03	1.751934E-03	6.616424E-04
1.173680E+03	1.700135E-03	6.305405E-04
1.192660E+03	1.649514E-03	6.008801E-04
1.211950E+03	1.600066E-03	5.726043E-04
1.231550E+03	1.551833E-03	5.456433E-04
1.251470E+03	1.504784E-03	5.198145E-04
1.271720E+03	1.458850E-03	4.950499E-04
1.292290E+03	1.413874E-03	4.712903E-04
1.313190E+03	1.369860E-03	4.486534E-04
1.334430E+03	1.326840E-03	4.271006E-04
1.356010E+03	1.284833E-03	4.065805E-04
1.377940E+03	1.243822E-03	3.870358E-04
1.400230E+03	1.203784E-03	3.684173E-04
1.422880E+03	1.164709E-03	3.506816E-04
1.445890E+03	1.126590E-03	3.337955E-04
1.469280E+03	1.089405E-03	3.176969E-04
1.493040E+03	1.053153E-03	3.023409E-04
1.517190E+03	1.017704E-03	2.875821E-04
1.541730E+03	9.830122E-04	2.735253E-04
1.566670E+03	9.490649E-04	2.601523E-04
1.592010E+03	9.158564E-04	2.474261E-04
1.617760E+03	8.833538E-04	2.353158E-04
1.643920E+03	8.515241E-04	2.237912E-04
1.670510E+03	8.203113E-04	2.128285E-04
1.697530E+03	7.896786E-04	2.023999E-04
1.724990E+03	7.596336E-04	1.924801E-04
1.752890E+03	7.300259E-04	1.829145E-04
1.781240E+03	7.007183E-04	1.737786E-04
1.810050E+03	6.716084E-04	1.650607E-04
1.839320E+03	6.425826E-04	1.567847E-04
1.869070E+03	6.134883E-04	1.489218E-04
1.899300E+03	5.841114E-04	1.414513E-04
1.930020E+03	5.541175E-04	1.343505E-04
1.961240E+03	5.230009E-04	1.276055E-04
1.992960E+03	4.899212E-04	1.212048E-04
2.025200E+03	4.534319E-04	1.151806E-04
2.057950E+03	4.099757E-04	1.093331E-04
2.091240E+03	3.480288E-04	1.037635E-04
2.121500E+03	5.451410E-06	9.901844E-05
2.121700E+03	5.435519E-06	2.782788E-04
2.125060E+03	2.062716E-04	2.768048E-04
2.159430E+03	3.149367E-04	2.622928E-04
2.194360E+03	2.804262E-04	2.485475E-04
2.201800E+03	1.236322E-04	2.457420E-04
2.202000E+03	1.238047E-04	3.630659E-04
2.229850E+03	3.454385E-04	3.476972E-04
2.265920E+03	3.813272E-04	3.290186E-04
2.302570E+03	3.977446E-04	3.113489E-04
2.339810E+03	4.055656E-04	2.946271E-04
2.377660E+03	4.082787E-04	2.788131E-04
2.416110E+03	4.075306E-04	2.638492E-04
2.455190E+03	4.042099E-04	2.496946E-04
2.494900E+03	3.988067E-04	2.363005E-04
2.535260E+03	3.914690E-04	2.236284E-04
2.576260E+03	3.818358E-04	2.116470E-04
2.617930E+03	3.673261E-04	2.003069E-04
2.645300E+03	3.095773E-04	1.932828E-04
2.645500E+03	3.095671E-04	2.236278E-04
2.660270E+03	3.561306E-04	2.193452E-04
2.703300E+03	3.626169E-04	2.074581E-04
2.747030E+03	3.604783E-04	1.962199E-04
2.791460E+03	3.558150E-04	1.855988E-04
2.836610E+03	3.497911E-04	1.755594E-04
2.882490E+03	3.428304E-04	1.660646E-04
2.929110E+03	3.350624E-04	1.570926E-04
2.976480E+03	3.262310E-04	1.486102E-04
3.024630E+03	3.101079E-04	1.405834E-04
3.026400E+03	3.018367E-04	1.402989E-04
3.026600E+03	3.018103E-04	1.488694E-04
3.073550E+03	3.116304E-04	1.412242E-04
3.123260E+03	3.059330E-04	1.336725E-04
3.173780E+03	2.991664E-04	1.265303E-04
3.225110E+03	2.917396E-04	1.197719E-04
3.277270E+03	2.829854E-04	1.133836E-04
3.295900E+03	2.727004E-04	1.112094E-04
3.296100E+03	2.726766E-04	1.159421E-04
3.330280E+03	2.771631E-04	1.119601E-04
3.384150E+03	2.717098E-04	1.060369E-04
3.438880E+03	2.655307E-04	1.004165E-04
3.494500E+03	2.591317E-04	9.508593E-05
3.551020E+03	2.526525E-04	9.002406E-05
3.608460E+03	2.461616E-04	8.522819E-05
3.666820E+03	2.397042E-04	8.068016E-05
3.726130E+03	2.333038E-04	7.636801E-05
3.786400E+03	2.269748E-04	7.227481E-05
3.847640E+03	2.207332E-04	6.840056E-05
3.909870E+03	2.145921E-04	6.472792E-05
3.973110E+03	2.085587E-04	6.124872E-05
4.037380E+03	2.026364E-04	5.794776E-05
4.102680E+03	1.968296E-04	5.482215E-05
4.169030E+03	1.911460E-04	5.186365E-05
4.236460E+03	1.855845E-04	4.905803E-05
4.304980E+03	1.801467E-04	4.640353E-05
4.374620E+03	1.748346E-04	4.388853E-05
4.445370E+03	1.696491E-04	4.150721E-05
4.517270E+03	1.645892E-04	3.925212E-05
4.590330E+03	1.596550E-04	3.711784E-05
4.664580E+03	1.548453E-04	3.509693E-05
4.740030E+03	1.501593E-04	3.318414E-05
4.816690E+03	1.455962E-04	3.137423E-05
4.894600E+03	1.411540E-04	2.966105E-05
4.973770E+03	1.368310E-04	2.803974E-05
5.054210E+03	1.326257E-04	2.650584E-05
5.135960E+03	1.285358E-04	2.505445E-05
5.219030E+03	1.245595E-04	2.368173E-05
5.303440E+03	1.206950E-04	2.238293E-05
5.389220E+03	1.169394E-04	2.115430E-05
5.476390E+03	1.132909E-04	1.999236E-05
5.564970E+03	1.097471E-04	1.889318E-05
5.654980E+03	1.063059E-04	1.785392E-05
5.746440E+03	1.029648E-04	1.687105E-05
5.839390E+03	9.972141E-05	1.594189E-05
5.933830E+03	9.657399E-05	1.506323E-05
6.029810E+03	9.351923E-05	1.423239E-05
6.127330E+03	9.055564E-05	1.344722E-05
6.226440E+03	8.768017E-05	1.270457E-05
6.327150E+03	8.489119E-05	1.200285E-05
6.429480E+03	8.218628E-05	1.133932E-05
6.533480E+03	7.956270E-05	1.071232E-05
6.639150E+03	7.701900E-05	1.011947E-05
6.746540E+03	7.455215E-05	9.559319E-06
6.855650E+03	7.216096E-05	9.030035E-06
6.966540E+03	6.984248E-05	8.529727E-06
7.079220E+03	6.759516E-05	8.056943E-06
7.193720E+03	6.541664E-05	7.610064E-06
7.310070E+03	6.330509E-05	7.187960E-06
7.428310E+03	6.125839E-05	6.788885E-06
7.548450E+03	5.927473E-05	6.412108E-06
7.670540E+03	5.735214E-05	6.055832E-06
7.794610E+03	5.548871E-05	5.719429E-06
7.920680E+03	5.368273E-05	5.401397E-06
8.048790E+03	5.193230E-05	5.101066E-06
8.178980E+03	5.023572E-05	4.817339E-06
8.311260E+03	4.859138E-05	4.549214E-06
8.445690E+03	4.699722E-05	4.295968E-06
8.582290E+03	4.545180E-05	4.056738E-06
8.721110E+03	4.395347E-05	3.830835E-06
8.862160E+03	4.250070E-05	3.617225E-06
9.005500E+03	4.109143E-05	3.415662E-06
9.151160E+03	3.972447E-05	3.225163E-06
9.299170E+03	3.839789E-05	3.045247E-06
9.449580E+03	3.711012E-05	2.875280E-06
9.602420E+03	3.585946E-05	2.714707E-06
9.757730E+03	3.464404E-05	2.563108E-06
9.915550E+03	3.346425E-05	2.419859E-06
1.007590E+04	3.231507E-05	2.279103E-06
1.023890E+04	3.118855E-05	2.146377E-06
1.040450E+04	3.008589E-05	2.021273E-06
1.057280E+04	2.900205E-05	1.903332E-06
1.074380E+04	2.793065E-05	1.792174E-06
1.091760E+04	2.686032E-05	1.687388E-06
1.109420E+04	2.576979E-05	1.588635E-06
1.127360E+04	2.460521E-05	1.495581E-06
1.145590E+04	2.313477E-05	1.407887E-06
1.156360E+04	1.784147E-05	1.359139E-06
1.156380E+04	1.784119E-05	3.565717E-06
1.164120E+04	2.221422E-05	3.476872E-06
1.182950E+04	2.234042E-05	3.272089E-06
1.202080E+04	2.196545E-05	3.079427E-06
1.221530E+04	2.145538E-05	2.898050E-06
1.241280E+04	2.088293E-05	2.727420E-06
1.261360E+04	2.027062E-05	2.566791E-06
1.281760E+04	1.962134E-05	2.415644E-06
1.302500E+04	1.890806E-05	2.273362E-06
1.323560E+04	1.786075E-05	2.139511E-06
1.327250E+04	1.620218E-05	2.117110E-06
1.327270E+04	1.620177E-05	2.949868E-06
1.344970E+04	1.773785E-05	2.814314E-06
1.366720E+04	1.737710E-05	2.658483E-06
1.387980E+04	1.631218E-05	2.516714E-06
1.388000E+04	1.631208E-05	2.828075E-06
1.388830E+04	1.667924E-05	2.822422E-06
1.411290E+04	1.657090E-05	2.674554E-06
1.434120E+04	1.620488E-05	2.533786E-06
1.457310E+04	1.580779E-05	2.399874E-06
1.480890E+04	1.539967E-05	2.272471E-06
1.504840E+04	1.498910E-05	2.151381E-06
1.529180E+04	1.457987E-05	2.036310E-06
1.553910E+04	1.417465E-05	1.927014E-06
1.579040E+04	1.377492E-05	1.823199E-06
1.604580E+04	1.338171E-05	1.724647E-06
1.630540E+04	1.299571E-05	1.631102E-06
1.656910E+04	1.261770E-05	1.542373E-06
1.683710E+04	1.224780E-05	1.458210E-06
1.710940E+04	1.188637E-05	1.378415E-06
1.738610E+04	1.153347E-05	1.302775E-06
1.766740E+04	1.118904E-05	1.231075E-06
1.795310E+04	1.085343E-05	1.163164E-06
1.824350E+04	1.052634E-05	1.098828E-06
1.853860E+04	1.020783E-05	1.037903E-06
1.883840E+04	9.897871E-06	9.802290E-07
1.914310E+04	9.596246E-06	9.256317E-07
1.945270E+04	9.302910E-06	8.739652E-07
1.976740E+04	9.017627E-06	8.250728E-07
2.008710E+04	8.740429E-06	7.788287E-07
2.041200E+04	8.471064E-06	7.350880E-07
2.074210E+04	8.209422E-06	6.937298E-07
2.107760E+04	7.955267E-06	6.546220E-07
2.141850E+04	7.708508E-06	6.176563E-07
2.176500E+04	7.468888E-06	5.827139E-07
2.211700E+04	7.236373E-06	5.496985E-07
2.247470E+04	7.010729E-06	5.185051E-07
2.283820E+04	6.791778E-06	4.890342E-07
2.320760E+04	6.579339E-06	4.611976E-07
2.358300E+04	6.373259E-06	4.349056E-07
2.396440E+04	6.173424E-06	4.100816E-07
2.435200E+04	5.979609E-06	3.866418E-07
2.474590E+04	5.791655E-06	3.645128E-07
2.514620E+04	5.609408E-06	3.436233E-07
2.555290E+04	5.432753E-06	3.239091E-07
2.596620E+04	5.261503E-06	3.053049E-07
2.638610E+04	5.095539E-06	2.877506E-07
2.681290E+04	4.934644E-06	2.711857E-07
2.724660E+04	4.778713E-06	2.555586E-07
2.768730E+04	4.627613E-06	2.408181E-07
2.813510E+04	4.481207E-06	2.269140E-07
2.859020E+04	4.339332E-06	2.138008E-07
2.905260E+04	4.201923E-06	2.014348E-07
2.952250E+04	4.069295E-06	1.897741E-07
3.000000E+04	3.938147E-06	1.787795E-07
3.040000E+04	3.829046E-06	1.681062E-07
3.080000E+04	3.729769E-06	1.601737E-07
3.120000E+04	3.634264E-06	1.527107E-07
3.150000E+04	3.564996E-06	1.474015E-07
3.190000E+04	3.475659E-06	1.406820E-07
3.230000E+04	3.389622E-06	1.343466E-07
3.260000E+04	3.327132E-06	1.298316E-07
3.300000E+04	3.246468E-06	1.241072E-07
3.340000E+04	3.168671E-06	1.186894E-07
3.380000E+04	3.093628E-06	1.135681E-07
3.410000E+04	3.039061E-06	1.099105E-07
3.450000E+04	2.968516E-06	1.052631E-07
3.490000E+04	2.900379E-06	1.008625E-07
3.530000E+04	2.834548E-06	9.668185E-08
3.570000E+04	2.770911E-06	9.271526E-08
3.603000E+04	2.720003E-06	8.959734E-08
3.650000E+04	2.649859E-06	8.538225E-08
3.700000E+04	2.578161E-06	8.117093E-08
3.750000E+04	2.509313E-06	7.721926E-08
3.800000E+04	2.443173E-06	7.350873E-08
3.850000E+04	2.379596E-06	7.001573E-08
3.900000E+04	2.318452E-06	6.673059E-08
3.950000E+04	2.259622E-06	6.363835E-08
4.000000E+04	2.202991E-06	6.072572E-08
4.080000E+04	2.116680E-06	5.639801E-08
4.150000E+04	2.045230E-06	5.292724E-08
4.230000E+04	1.967885E-06	4.928558E-08
4.300000E+04	1.903731E-06	4.635595E-08
4.380000E+04	1.834159E-06	4.327298E-08
4.450000E+04	1.776347E-06	4.078571E-08
4.530000E+04	1.713539E-06	3.815849E-08
4.600000E+04	1.661258E-06	3.603017E-08
4.613000E+04	1.651811E-06	3.565160E-08
4.625980E+04	1.642456E-06	3.527873E-08
4.710000E+04	1.583777E-06	3.298051E-08
4.800000E+04	1.524318E-06	3.072515E-08
4.900000E+04	1.462070E-06	2.844336E-08
4.950000E+04	1.432356E-06	2.738291E-08
5.000000E+04	1.403533E-06	2.637196E-08
5.100000E+04	1.348414E-06	2.448346E-08
5.200000E+04	1.296451E-06	2.276290E-08
5.300000E+04	1.247406E-06	2.119273E-08
5.400000E+04	1.201067E-06	1.975726E-08
5.500000E+04	1.157234E-06	1.844263E-08
5.600000E+04	1.115730E-06	1.723307E-08
5.680000E+04	1.084092E-06	1.633684E-08
5.753000E+04	1.056364E-06	1.556995E-08
5.800000E+04	1.039062E-06	1.510032E-08
5.850000E+04	1.021111E-06	1.462003E-08
5.954000E+04	9.852052E-07	1.368164E-08
5.980000E+04	9.765189E-07	1.345896E-08
6.000000E+04	9.699130E-07	1.329086E-08
6.080000E+04	9.441356E-07	1.264342E-08
6.150000E+04	9.223947E-07	1.210946E-08
6.230000E+04	8.984329E-07	1.153353E-08
6.300000E+04	8.782012E-07	1.105777E-08
6.350000E+04	8.641527E-07	1.073471E-08
6.400000E+04	8.504277E-07	1.042036E-08
6.450000E+04	8.370150E-07	1.012057E-08
6.500000E+04	8.239042E-07	9.828743E-09
6.550000E+04	8.110871E-07	9.549682E-09
6.590000E+04	8.010362E-07	9.331704E-09
6.640000E+04	7.887216E-07	9.070383E-09
6.683000E+04	7.783438E-07	8.851040E-09
6.710000E+04	7.719252E-07	8.717771E-09
6.740000E+04	7.648807E-07	8.571862E-09
6.770000E+04	7.579266E-07	8.429804E-09
6.800000E+04	7.510592E-07	8.289915E-09
6.850000E+04	7.398048E-07	8.064925E-09
6.900000E+04	7.287804E-07	7.845563E-09
6.950000E+04	7.179794E-07	7.635655E-09
7.000000E+04	7.073910E-07	7.430923E-09
7.050000E+04	6.970095E-07	7.234665E-09
7.100000E+04	6.868247E-07	7.043179E-09
7.130000E+04	6.808047E-07	6.932574E-09
7.150000E+04	6.768280E-07	6.859735E-09
7.180000E+04	6.709172E-07	6.751785E-09
7.200000E+04	6.670118E-07	6.680682E-09
7.240000E+04	6.592811E-07	6.542790E-09
7.280000E+04	6.516537E-07	6.407525E-09
7.320000E+04	6.441251E-07	6.276591E-09
7.350000E+04	6.385378E-07	6.180009E-09
7.370000E+04	6.348407E-07	6.117168E-09
7.390000E+04	6.311632E-07	6.054907E-09
7.405000E+04	6.284180E-07	6.008604E-09
7.420000E+04	6.256832E-07	5.962618E-09
7.440000E+04	6.220524E-07	5.902575E-09
7.460000E+04	6.184383E-07	5.843098E-09
7.480000E+04	6.148385E-07	5.784164E-09
7.496000E+04	6.119678E-07	5.737414E-09
7.508000E+04	6.098196E-07	5.702974E-09
7.520000E+04	6.076746E-07	5.668724E-09
7.535000E+04	6.049986E-07	5.626171E-09
7.550000E+04	6.023262E-07	5.583919E-09
7.565000E+04	5.996566E-07	5.542333E-09
7.580000E+04	5.969876E-07	5.501024E-09
7.590000E+04	5.952078E-07	5.473647E-09
7.600000E+04	5.934282E-07	5.446395E-09
7.615000E+04	5.907548E-07	5.406301E-09
7.630000E+04	5.880766E-07	5.366480E-09
7.645000E+04	5.853898E-07	5.326930E-09
7.660000E+04	5.826907E-07	5.287648E-09
7.675000E+04	5.799765E-07	5.248632E-09
7.690000E+04	5.772412E-07	5.209880E-09
7.701000E+04	5.752182E-07	5.181623E-09
7.711000E+04	5.733632E-07	5.156063E-09
7.721000E+04	5.714905E-07	5.131025E-09
7.730000E+04	5.697875E-07	5.108582E-09
7.740000E+04	5.678702E-07	5.083756E-09
7.750000E+04	5.659228E-07	5.059041E-09
7.755000E+04	5.649358E-07	5.046725E-09
7.760000E+04	5.639380E-07	5.034437E-09
7.765000E+04	5.629287E-07	5.022176E-09
7.770000E+04	5.619072E-07	5.009943E-09
7.775000E+04	5.608704E-07	4.997736E-09
7.780000E+04	5.598177E-07	4.985557E-09
7.785000E+04	5.587462E-07	4.973406E-09
7.790000E+04	5.576536E-07	4.961281E-09
7.795000E+04	5.565370E-07	4.949341E-09
7.800000E+04	5.553914E-07	4.937420E-09
7.805000E+04	5.542137E-07	4.925533E-09
7.810000E+04	5.529959E-07	4.913673E-09
7.813000E+04	5.522436E-07	4.906563E-09
7.815000E+04	5.517321E-07	4.901831E-09
7.817000E+04	5.512106E-07	4.897103E-09
7.820000E+04	5.504106E-07	4.890023E-09
7.822000E+04	5.498627E-07	4.885306E-09
7.825000E+04	5.490175E-07	4.878234E-09
7.828000E+04	5.481399E-07	4.871179E-09
7.830000E+04	5.475336E-07	4.866478E-09
7.833000E+04	5.465888E-07	4.859439E-09
7.835000E+04	5.459303E-07	4.854748E-09
7.838000E+04	5.448932E-07	4.847717E-09
7.840000E+04	5.441627E-07	4.843037E-09
7.841000E+04	5.437840E-07	4.840703E-09
7.842000E+04	5.433951E-07	4.838362E-09
7.843500E+04	5.427901E-07	4.834863E-09
7.845000E+04	5.421565E-07	4.831359E-09
7.846000E+04	5.417157E-07	4.829023E-09
7.847000E+04	5.412594E-07	4.826694E-09
7.848500E+04	5.405395E-07	4.823196E-09
7.850000E+04	5.397711E-07	4.819707E-09
7.850800E+04	5.393380E-07	4.817843E-09
7.851500E+04	5.389433E-07	4.816214E-09
7.852300E+04	5.384735E-07	4.814351E-09
7.853000E+04	5.380435E-07	4.812723E-09
7.854000E+04	5.373934E-07	4.810401E-09
7.855000E+04	5.366940E-07	4.808074E-09
7.856000E+04	5.359365E-07	4.805755E-09
7.856500E+04	5.355316E-07	4.804588E-09
7.857000E+04	5.351061E-07	4.803429E-09
7.857500E+04	5.346578E-07	4.802270E-09
7.858000E+04	5.341844E-07	4.801112E-09
7.858500E+04	5.336801E-07	4.799954E-09
7.859000E+04	5.331434E-07	4.798788E-09
7.859500E+04	5.325647E-07	4.797631E-09
7.860000E+04	5.319388E-07	4.796473E-09
7.860500E+04	5.312569E-07	4.795316E-09
7.861000E+04	5.305041E-07	4.794152E-09
7.861500E+04	5.296629E-07	4.792995E-09
7.861800E+04	5.291075E-07	4.792304E-09
7.862000E+04	5.287104E-07	4.791839E-09
7.862300E+04	5.280701E-07	4.791141E-09
7.862500E+04	5.276066E-07	4.790683E-09
7.862700E+04	5.271092E-07	4.790217E-09
7.863000E+04	5.262918E-07	4.789519E-09
7.863200E+04	5.256837E-07	4.789061E-09
7.863400E+04	5.250181E-07	4.788596E-09
7.863700E+04	5.238761E-07	4.787899E-09
7.863900E+04	5.229898E-07	4.787441E-09
7.864100E+04	5.219625E-07	4.786976E-09
7.864200E+04	5.213843E-07	4.786743E-09
7.864300E+04	5.207419E-07	4.786511E-09
7.864400E+04	5.200293E-07	4.786286E-09
7.864500E+04	5.192053E-07	4.786053E-09
7.864610E+04	5.181149E-07	4.785794E-09
7.864720E+04	5.165742E-07	4.785542E-09
7.864730E+04	5.165662E-07	5.056781E-09
7.864740E+04	5.165583E-07	5.328011E-09
7.864760E+04	5.165379E-07	5.870475E-09
7.864800E+04	5.164832E-07	6.955387E-09
7.864880E+04	5.163095E-07	9.125143E-09
7.865030E+04	5.155670E-07	4.784825E-09
7.865190E+04	5.120709E-07	4.784460E-09
7.865340E+04	5.078602E-07	4.784115E-09
7.865490E+04	5.009228E-07	4.783771E-09
7.865640E+04	4.834325E-07	4.783426E-09
7.865720E+04	4.924036E-07	6.475675E-09
7.865800E+04	5.021478E-07	9.379600E-08
7.865850E+04	5.092146E-07	1.256660E-08
7.865910E+04	5.194355E-07	1.662458E-08
7.865930E+04	5.237990E-07	1.907872E-08
7.865960E+04	5.299387E-07	2.189513E-08
7.866060E+04	5.252964E-07	3.624486E-08
7.866220E+04	5.289751E-07	2.513232E-08
7.866360E+04	5.271738E-07	2.489391E-08
7.866500E+04	5.267668E-07	2.465545E-08
7.866600E+04	5.267380E-07	2.449710E-08
7.866700E+04	5.268094E-07	2.433891E-08
7.866800E+04	5.269193E-07	2.422169E-08
7.866900E+04	5.270697E-07	2.410330E-08
7.867000E+04	5.272246E-07	2.398727E-08
7.867100E+04	5.273898E-07	2.387014E-08
7.867250E+04	5.276279E-07	2.374541E-08
7.867400E+04	5.278690E-07	2.362069E-08
7.867500E+04	5.280164E-07	2.355161E-08
7.867600E+04	5.281639E-07	2.348254E-08
7.867800E+04	5.284439E-07	2.337164E-08
7.868000E+04	5.287004E-07	2.327970E-08
7.868300E+04	5.290525E-07	2.318446E-08
7.868500E+04	5.292735E-07	2.314109E-08
7.868800E+04	5.295791E-07	2.310229E-08
7.869000E+04	5.297734E-07	2.308519E-08
7.869300E+04	5.300531E-07	2.308977E-08
7.869500E+04	5.302327E-07	2.309287E-08
7.870000E+04	5.306623E-07	2.313580E-08
7.870400E+04	5.309947E-07	2.318492E-08
7.870800E+04	5.313167E-07	2.323675E-08
7.871500E+04	5.318643E-07	2.332490E-08
7.872200E+04	5.323843E-07	2.339128E-08
7.873000E+04	5.329371E-07	2.343848E-08
7.873700E+04	5.333786E-07	2.345162E-08
7.874500E+04	5.338293E-07	2.344310E-08
7.875200E+04	5.341807E-07	2.342295E-08
7.876000E+04	5.345331E-07	2.339559E-08
7.877000E+04	5.349163E-07	2.336676E-08
7.878000E+04	5.352441E-07	2.333787E-08
7.879000E+04	5.355342E-07	2.333194E-08
7.880000E+04	5.357977E-07	2.332602E-08
7.881500E+04	5.361540E-07	2.333494E-08
7.883000E+04	5.364785E-07	2.334377E-08
7.884000E+04	5.366767E-07	2.334071E-08
7.885000E+04	5.368609E-07	2.333766E-08
7.886500E+04	5.371068E-07	2.331564E-08
7.888000E+04	5.373151E-07	2.329371E-08
7.889000E+04	5.374372E-07	2.327679E-08
7.890000E+04	5.375430E-07	2.325996E-08
7.892000E+04	5.377289E-07	2.324106E-08
7.895000E+04	5.379512E-07	2.321278E-08
7.897000E+04	5.380669E-07	2.319868E-08
7.900000E+04	5.382065E-07	2.317762E-08
7.902000E+04	5.382764E-07	2.315514E-08
7.904000E+04	5.383257E-07	2.313275E-08
7.906000E+04	5.383573E-07	2.311031E-08
7.908000E+04	5.383728E-07	2.308795E-08
7.910000E+04	5.383750E-07	2.306913E-08
7.912000E+04	5.383677E-07	2.305024E-08
7.915000E+04	5.383380E-07	2.302206E-08
7.919000E+04	5.382663E-07	2.297819E-08
7.923000E+04	5.381580E-07	2.293448E-08
7.926000E+04	5.380575E-07	2.290171E-08
7.930000E+04	5.378990E-07	2.285806E-08
7.935000E+04	5.376696E-07	2.280852E-08
7.940000E+04	5.374114E-07	2.275908E-08
7.945000E+04	5.371273E-07	2.270975E-08
7.950000E+04	5.368212E-07	2.266053E-08
7.955000E+04	5.364952E-07	2.261141E-08
7.960000E+04	5.361508E-07	2.256240E-08
7.965000E+04	5.357910E-07	2.251349E-08
7.970000E+04	5.354174E-07	2.246469E-08
7.974000E+04	5.351088E-07	2.242570E-08
7.978000E+04	5.347926E-07	2.238672E-08
7.985000E+04	5.342228E-07	2.231876E-08
7.992000E+04	5.336349E-07	2.225101E-08
7.996000E+04	5.332983E-07	2.221232E-08
8.000000E+04	5.329436E-07	2.217377E-08
8.010000E+04	5.320529E-07	2.207523E-08
8.020000E+04	5.311345E-07	2.197705E-08
8.030000E+04	5.301942E-07	2.187935E-08
8.040000E+04	5.292351E-07	2.178207E-08
8.050000E+04	5.282593E-07	2.168514E-08
8.060000E+04	5.272692E-07	2.158869E-08
8.070000E+04	5.262662E-07	2.149265E-08
8.080000E+04	5.252533E-07	2.139695E-08
8.090000E+04	5.242305E-07	2.130172E-08
8.100000E+04	5.231994E-07	2.120691E-08
8.110000E+04	5.221613E-07	2.111242E-08
8.120000E+04	5.211163E-07	2.101841E-08
8.135000E+04	5.195393E-07	2.087809E-08
8.150000E+04	5.179518E-07	2.073867E-08
8.170000E+04	5.158228E-07	2.055803E-08
8.190000E+04	5.136824E-07	2.037897E-08
8.210000E+04	5.115344E-07	2.020133E-08
8.230000E+04	5.093816E-07	2.002519E-08
8.250000E+04	5.072256E-07	1.985051E-08
8.270000E+04	5.050684E-07	1.967735E-08
8.285000E+04	5.034508E-07	1.954834E-08
8.300000E+04	5.018329E-07	1.942020E-08
8.315000E+04	5.002169E-07	1.929669E-08
8.330000E+04	4.986033E-07	1.917394E-08
8.350000E+04	4.964554E-07	1.901146E-08
8.380000E+04	4.932441E-07	1.877016E-08
8.400000E+04	4.911110E-07	1.861098E-08
8.430000E+04	4.879232E-07	1.837772E-08
8.450000E+04	4.858075E-07	1.822379E-08
8.480000E+04	4.826481E-07	1.799524E-08
8.500000E+04	4.805508E-07	1.784441E-08
8.540000E+04	4.763847E-07	1.755709E-08
8.580000E+04	4.722597E-07	1.727434E-08
8.620000E+04	4.681752E-07	1.699613E-08
8.650000E+04	4.651410E-07	1.679031E-08
8.670000E+04	4.631311E-07	1.665333E-08
8.690000E+04	4.611300E-07	1.651749E-08
8.710000E+04	4.591387E-07	1.638266E-08
8.730000E+04	4.571573E-07	1.624890E-08
8.770000E+04	4.532258E-07	1.598457E-08
8.800000E+04	4.503060E-07	1.578901E-08
8.830000E+04	4.474090E-07	1.559609E-08
8.850000E+04	4.454899E-07	1.546871E-08
8.880000E+04	4.426303E-07	1.527946E-08
8.900000E+04	4.407372E-07	1.515453E-08
8.930000E+04	4.379172E-07	1.496989E-08
8.950000E+04	4.360489E-07	1.484798E-08
8.980000E+04	4.332666E-07	1.466693E-08
9.000000E+04	4.314237E-07	1.454735E-08
9.040000E+04	4.277691E-07	1.431568E-08
9.080000E+04	4.241558E-07	1.408745E-08
9.120000E+04	4.205839E-07	1.386273E-08
9.150000E+04	4.179303E-07	1.369637E-08
9.190000E+04	4.144283E-07	1.348174E-08
9.230000E+04	4.109668E-07	1.327030E-08
9.270000E+04	4.075432E-07	1.306206E-08
9.300000E+04	4.050015E-07	1.290785E-08
9.330000E+04	4.024820E-07	1.275819E-08
9.350000E+04	4.008142E-07	1.265931E-08
9.400000E+04	3.966867E-07	1.241531E-08
9.450000E+04	3.926182E-07	1.217877E-08
9.480000E+04	3.902053E-07	1.203890E-08
9.500000E+04	3.886076E-07	1.194651E-08
9.540000E+04	3.854399E-07	1.176831E-08
9.580000E+04	3.823101E-07	1.159261E-08
9.620000E+04	3.792159E-07	1.141947E-08
9.650000E+04	3.769191E-07	1.129119E-08
9.690000E+04	3.738876E-07	1.112530E-08
9.730000E+04	3.708903E-07	1.096180E-08
9.770000E+04	3.679279E-07	1.080055E-08
9.800000E+04	3.657282E-07	1.068112E-08
9.850000E+04	3.621038E-07	1.048790E-08
9.900000E+04	3.585313E-07	1.029807E-08
9.950000E+04	3.550090E-07	1.011364E-08
9.980000E+04	3.529201E-07	1.000455E-08
1.000000E+05	3.515368E-07	9.932416E-09
1.004000E+05	3.487947E-07	9.791766E-09
1.008000E+05	3.460832E-07	9.653032E-09
1.012000E+05	3.434023E-07	9.516225E-09
1.015000E+05	3.414113E-07	9.414791E-09
1.019000E+05	3.387832E-07	9.283447E-09
1.023000E+05	3.361840E-07	9.153821E-09
1.027000E+05	3.336141E-07	9.025972E-09
1.030000E+05	3.317054E-07	8.931195E-09
1.035000E+05	3.285598E-07	8.777493E-09
1.040000E+05	3.254580E-07	8.626326E-09
1.045000E+05	3.223991E-07	8.478020E-09
1.050000E+05	3.193811E-07	8.332100E-09
1.054000E+05	3.169965E-07	8.219603E-09
1.058000E+05	3.146380E-07	8.108566E-09
1.062000E+05	3.123047E-07	7.998925E-09
1.065000E+05	3.105715E-07	7.917684E-09
1.069000E+05	3.082824E-07	7.810502E-09
1.073000E+05	3.060180E-07	7.704736E-09
1.080000E+05	3.021136E-07	7.522877E-09
1.085000E+05	2.993697E-07	7.398494E-09
1.090000E+05	2.966618E-07	7.276111E-09
1.095000E+05	2.939900E-07	7.155611E-09
1.100000E+05	2.913533E-07	7.036996E-09
1.108000E+05	2.872066E-07	6.855612E-09
1.115000E+05	2.836492E-07	6.700555E-09
1.123000E+05	2.796632E-07	6.527421E-09
1.130000E+05	2.762423E-07	6.379379E-09
1.135000E+05	2.738365E-07	6.277881E-09
1.140000E+05	2.714615E-07	6.177915E-09
1.145000E+05	2.691171E-07	6.079417E-09
1.150000E+05	2.668024E-07	5.982428E-09
1.158000E+05	2.631594E-07	5.832108E-09
1.165000E+05	2.600310E-07	5.703512E-09
1.173000E+05	2.565231E-07	5.562050E-09
1.180000E+05	2.535103E-07	5.440953E-09
1.185000E+05	2.513901E-07	5.357081E-09
1.190000E+05	2.492962E-07	5.274391E-09
1.195000E+05	2.472279E-07	5.193886E-09
1.200000E+05	2.451849E-07	5.114537E-09
1.210000E+05	2.411737E-07	4.961565E-09
1.220000E+05	2.372586E-07	4.812901E-09
1.230000E+05	2.334367E-07	4.671625E-09
1.240000E+05	2.297055E-07	4.534233E-09
1.255000E+05	2.242734E-07	4.339095E-09
1.270000E+05	2.190301E-07	4.154546E-09
1.285000E+05	2.139672E-07	3.979843E-09
1.300000E+05	2.090766E-07	3.814455E-09
1.315000E+05	2.043506E-07	3.657411E-09
1.330000E+05	1.997817E-07	3.508506E-09
1.345000E+05	1.953635E-07	3.367241E-09
1.360000E+05	1.910892E-07	3.233123E-09
1.375000E+05	1.869528E-07	3.105739E-09
1.390000E+05	1.829486E-07	2.984678E-09
1.405000E+05	1.790715E-07	2.869394E-09
1.420000E+05	1.753153E-07	2.759421E-09
1.440000E+05	1.704867E-07	2.620971E-09
1.454000E+05	1.672239E-07	2.529263E-09
1.460000E+05	1.658540E-07	2.491227E-09
1.467000E+05	1.642767E-07	2.447751E-09
1.480000E+05	1.614066E-07	2.369555E-09
1.490000E+05	1.592492E-07	2.311544E-09
1.495000E+05	1.581865E-07	2.283214E-09
1.500000E+05	1.571345E-07	2.255332E-09
1.520000E+05	1.530290E-07	2.148612E-09
1.540000E+05	1.490823E-07	2.048238E-09
1.560000E+05	1.452855E-07	1.953754E-09
1.580000E+05	1.416320E-07	1.864759E-09
1.600000E+05	1.381137E-07	1.780857E-09
1.620000E+05	1.347249E-07	1.701704E-09
1.635000E+05	1.322640E-07	1.645261E-09
1.650000E+05	1.298698E-07	1.591178E-09
1.670000E+05	1.267771E-07	1.522540E-09
1.690000E+05	1.237934E-07	1.457628E-09
1.710000E+05	1.209134E-07	1.396199E-09
1.730000E+05	1.181328E-07	1.338027E-09
1.750000E+05	1.154465E-07	1.282765E-09
1.770000E+05	1.128510E-07	1.230319E-09
1.800000E+05	1.091180E-07	1.156655E-09
1.830000E+05	1.055668E-07	1.088531E-09
1.850000E+05	1.032946E-07	1.045918E-09
1.880000E+05	1.000212E-07	9.858889E-10
1.900000E+05	9.792439E-08	9.483098E-10
1.930000E+05	9.490046E-08	8.952968E-10
1.950000E+05	9.296160E-08	8.620387E-10
1.980000E+05	9.016266E-08	8.150398E-10
2.000000E+05	8.836626E-08	7.855094E-10
2.030000E+05	8.577042E-08	7.437426E-10
2.050000E+05	8.410284E-08	7.174599E-10
2.080000E+05	8.169113E-08	6.802117E-10
2.100000E+05	8.014044E-08	6.567389E-10
2.130000E+05	7.789574E-08	6.234275E-10
2.150000E+05	7.645119E-08	6.024085E-10
2.180000E+05	7.435852E-08	5.725411E-10
2.200000E+05	7.301071E-08	5.536717E-10
2.230000E+05	7.105667E-08	5.268244E-10
2.260000E+05	6.917987E-08	5.016130E-10
2.290000E+05	6.737647E-08	4.779164E-10
2.320000E+05	6.564252E-08	4.556186E-10
2.350000E+05	6.397468E-08	4.346238E-10
2.380000E+05	6.236954E-08	4.148441E-10
2.410000E+05	6.082392E-08	3.961963E-10
2.447000E+05	5.899546E-08	3.746400E-10
2.480000E+05	5.743334E-08	3.566583E-10
2.520000E+05	5.562151E-08	3.363012E-10
2.560000E+05	5.389385E-08	3.173969E-10
2.600000E+05	5.224530E-08	3.000674E-10
2.650000E+05	5.028919E-08	2.802694E-10
2.700000E+05	4.844080E-08	2.621119E-10
2.750000E+05	4.669255E-08	2.454685E-10
2.792000E+05	4.529610E-08	2.325278E-10
2.820000E+05	4.439969E-08	2.243845E-10
2.850000E+05	4.346848E-08	2.160604E-10
2.900000E+05	4.198021E-08	2.030459E-10
2.950000E+05	4.056716E-08	1.910178E-10
3.000000E+05	3.922421E-08	1.798868E-10
3.040000E+05	3.819730E-08	1.715898E-10
3.080000E+05	3.721016E-08	1.637768E-10
3.120000E+05	3.626086E-08	1.564139E-10
3.165000E+05	3.523562E-08	1.486288E-10
3.180000E+05	3.490354E-08	1.461447E-10
3.201000E+05	3.444641E-08	1.427554E-10
3.260000E+05	3.320918E-08	1.337565E-10
3.320000E+05	3.201808E-08	1.253367E-10
3.380000E+05	3.088995E-08	1.175838E-10
3.410000E+05	3.034812E-08	1.139372E-10
3.443000E+05	2.976834E-08	1.100915E-10
3.510000E+05	2.864129E-08	1.027813E-10
3.570000E+05	2.768539E-08	9.675462E-11
3.640000E+05	2.662950E-08	9.028352E-11
3.700000E+05	2.577174E-08	8.517163E-11
3.780000E+05	2.469107E-08	7.891804E-11
3.850000E+05	2.380024E-08	7.392521E-11
3.930000E+05	2.283992E-08	6.870441E-11
4.000000E+05	2.204649E-08	6.451790E-11
4.015000E+05	2.188184E-08	6.369419E-11
4.030000E+05	2.171906E-08	6.288375E-11
4.060000E+05	2.139886E-08	6.130286E-11
4.111000E+05	2.087056E-08	5.873085E-11
4.118000E+05	2.079959E-08	5.838888E-11
4.210000E+05	1.989949E-08	5.412344E-11
4.300000E+05	1.907426E-08	5.033204E-11
4.370000E+05	1.846746E-08	4.761753E-11
4.440000E+05	1.788912E-08	4.508908E-11
4.500000E+05	1.741478E-08	4.306383E-11
4.560000E+05	1.695905E-08	4.116071E-11
4.620000E+05	1.652099E-08	3.936503E-11
4.680500E+05	1.609623E-08	3.765554E-11
4.740000E+05	1.569430E-08	3.606664E-11
4.800000E+05	1.530404E-08	3.455135E-11
4.900000E+05	1.468521E-08	3.220362E-11
4.950000E+05	1.438977E-08	3.110711E-11
5.000000E+05	1.410316E-08	3.005822E-11
5.080000E+05	1.366209E-08	2.847564E-11
5.150000E+05	1.329291E-08	2.717815E-11
5.230000E+05	1.288900E-08	2.578736E-11
5.300000E+05	1.255049E-08	2.464518E-11
5.400000E+05	1.208957E-08	2.312437E-11
5.450000E+05	1.186856E-08	2.240941E-11
5.500000E+05	1.165356E-08	2.173628E-11
5.580000E+05	1.132154E-08	2.073728E-11
5.650000E+05	1.104251E-08	1.991186E-11
5.800000E+05	1.047832E-08	1.828254E-11
5.900000E+05	1.012590E-08	1.729215E-11
6.000000E+05	9.790956E-09	1.637078E-11
6.080000E+05	9.534834E-09	1.568150E-11
6.150000E+05	9.318871E-09	1.510932E-11
6.300000E+05	8.880133E-09	1.397194E-11
6.460000E+05	8.445457E-09	1.287909E-11
6.616000E+05	8.051649E-09	1.191881E-11
6.710000E+05	7.827527E-09	1.138525E-11
6.800000E+05	7.621581E-09	1.090334E-11
6.900000E+05	7.402151E-09	1.040166E-11
7.000000E+05	7.192069E-09	9.929969E-12
7.120000E+05	6.951566E-09	9.400229E-12
7.233000E+05	6.735951E-09	8.934732E-12
7.370000E+05	6.487742E-09	8.409983E-12
7.500000E+05	6.264677E-09	7.948767E-12
7.640000E+05	6.037084E-09	7.488433E-12
7.789000E+05	5.808214E-09	7.036119E-12
7.890000E+05	5.660398E-09	6.749711E-12
7.950000E+05	5.575237E-09	6.586768E-12
8.000000E+05	5.505736E-09	6.454894E-12
8.150000E+05	5.304860E-09	6.095800E-12
8.300000E+05	5.114778E-09	5.762695E-12
8.500000E+05	4.876819E-09	5.355042E-12
8.674000E+05	4.683045E-09	5.030909E-12
8.780000E+05	4.570616E-09	4.846104E-12
8.892000E+05	4.456168E-09	4.660556E-12
9.000000E+05	4.349827E-09	4.490485E-12
9.150000E+05	4.208341E-09	4.267655E-12
9.300000E+05	4.073646E-09	4.059235E-12
9.500000E+05	3.903879E-09	3.801802E-12
9.640000E+05	3.791277E-09	3.634288E-12
9.800000E+05	3.668462E-09	3.454356E-12
1.000000E+06	3.523155E-09	3.245023E-12
1.004800E+06	3.489565E-09	3.198193E-12
1.030000E+06	3.320868E-09	2.966554E-12
1.050000E+06	3.195535E-09	2.799452E-12
1.070000E+06	3.077168E-09	2.643703E-12
1.085800E+06	2.988246E-09	2.528089E-12
1.100000E+06	2.911581E-09	2.429408E-12
1.120500E+06	2.806000E-09	2.295107E-12
1.121100E+06	2.802998E-09	2.291314E-12
1.150000E+06	2.663866E-09	2.117411E-12
1.173200E+06	2.559535E-09	1.989408E-12
1.200000E+06	2.446467E-09	1.853169E-12
1.220000E+06	2.366900E-09	1.758936E-12
1.235000E+06	2.309745E-09	1.692120E-12
1.250000E+06	2.254635E-09	1.628416E-12
1.262000E+06	2.211956E-09	1.581020E-12
1.274500E+06	2.168771E-09	1.533458E-12
1.287000E+06	2.126842E-09	1.487665E-12
1.300000E+06	2.084512E-09	1.441835E-12
1.332500E+06	1.984056E-09	1.334730E-12
1.370000E+06	1.876914E-09	1.223204E-12
1.408000E+06	1.776957E-09	1.121834E-12
1.450000E+06	1.675496E-09	1.021739E-12
1.480000E+06	1.608248E-09	9.570382E-13
1.490000E+06	1.586731E-09	9.366215E-13
1.500000E+06	1.565644E-09	9.167496E-13
1.550000E+06	1.466252E-09	8.280510E-13
1.600000E+06	1.376032E-09	7.499425E-13
1.650000E+06	1.293892E-09	6.809393E-13
1.680000E+06	1.248091E-09	6.433787E-13
1.700000E+06	1.218893E-09	6.197908E-13
1.740000E+06	1.163492E-09	5.758145E-13
1.780000E+06	1.111782E-09	5.357233E-13
1.820000E+06	1.063445E-09	4.991117E-13
1.850000E+06	1.029232E-09	4.737184E-13
1.890000E+06	9.861240E-10	4.423565E-13
1.930000E+06	9.456683E-10	4.135862E-13
1.970000E+06	9.076519E-10	3.871524E-13
2.000000E+06	8.806243E-10	3.687228E-13
2.030000E+06	8.547861E-10	3.516732E-13
2.050000E+06	8.381876E-10	3.409639E-13
2.080000E+06	8.141814E-10	3.260055E-13
2.100000E+06	7.987460E-10	3.164979E-13
2.150000E+06	7.620240E-10	2.942387E-13
2.200000E+06	7.277764E-10	2.739484E-13
2.240000E+06	7.020155E-10	2.589934E-13
2.280000E+06	6.775977E-10	2.450692E-13
2.320000E+06	6.544320E-10	2.320923E-13
2.350000E+06	6.378289E-10	2.229327E-13
2.390000E+06	6.166569E-10	2.114288E-13
2.430000E+06	5.965210E-10	2.006760E-13
2.500000E+06	5.635813E-10	1.834908E-13
2.550000E+06	5.416960E-10	1.723586E-13
2.600000E+06	5.210605E-10	1.620779E-13
2.650000E+06	5.015821E-10	1.525713E-13
2.700000E+06	4.831763E-10	1.437676E-13
2.780000E+06	4.557660E-10	1.309928E-13
2.850000E+06	4.336513E-10	1.209867E-13
2.930000E+06	4.102929E-10	1.107195E-13
2.970000E+06	3.993151E-10	1.060041E-13
3.000000E+06	3.913683E-10	1.026356E-13
3.030000E+06	3.836563E-10	9.952479E-14
3.050000E+06	3.786412E-10	9.751831E-14
3.100000E+06	3.665250E-10	9.272599E-14
3.150000E+06	3.549812E-10	8.823334E-14
3.200000E+06	3.439742E-10	8.401861E-14
3.280000E+06	3.273988E-10	7.780039E-14
3.350000E+06	3.138586E-10	7.283915E-14
3.430000E+06	2.993883E-10	6.765842E-14
3.500000E+06	2.875318E-10	6.350982E-14
3.550000E+06	2.794893E-10	6.074586E-14
3.600000E+06	2.717793E-10	5.813526E-14
3.650000E+06	2.643839E-10	5.566793E-14
3.700000E+06	2.572864E-10	5.333419E-14
3.780000E+06	2.465109E-10	4.985650E-14
3.850000E+06	2.376280E-10	4.705029E-14
3.930000E+06	2.280518E-10	4.408764E-14
4.000000E+06	2.201395E-10	4.169059E-14
4.050000E+06	2.147372E-10	4.012041E-14
4.100000E+06	2.095317E-10	3.862618E-14
4.200000E+06	1.996725E-10	3.584792E-14
4.280000E+06	1.922776E-10	3.380952E-14
4.350000E+06	1.861389E-10	3.214774E-14
4.430000E+06	1.794765E-10	3.037599E-14
4.500000E+06	1.739360E-10	2.892837E-14
4.600000E+06	1.664558E-10	2.701173E-14
4.700000E+06	1.594477E-10	2.525695E-14
4.850000E+06	1.497373E-10	2.289189E-14
5.000000E+06	1.408875E-10	2.080658E-14
5.020000E+06	1.397671E-10	2.055196E-14
5.039330E+06	1.386969E-10	2.030971E-14
5.170000E+06	1.317743E-10	1.876600E-14
5.300000E+06	1.253892E-10	1.737851E-14
5.400000E+06	1.207880E-10	1.640095E-14
5.500000E+06	1.164355E-10	1.549367E-14
5.600000E+06	1.123142E-10	1.465078E-14
5.700000E+06	1.084078E-10	1.386657E-14
5.850000E+06	1.029195E-10	1.278969E-14
6.000000E+06	9.783788E-11	1.181917E-14
6.100000E+06	9.465625E-11	1.123254E-14
6.200000E+06	9.162745E-11	1.068335E-14
6.350000E+06	8.734961E-11	9.923485E-15
6.500000E+06	8.336460E-11	9.232664E-15
6.600000E+06	8.085744E-11	8.806699E-15
6.700000E+06	7.846179E-11	8.406012E-15
6.850000E+06	7.506304E-11	7.848473E-15
7.000000E+06	7.188052E-11	7.338237E-15
7.100000E+06	6.986997E-11	7.024905E-15
7.200000E+06	6.794253E-11	6.728847E-15
7.350000E+06	6.519766E-11	6.314617E-15
7.500000E+06	6.261584E-11	5.933121E-15
7.600000E+06	6.097881E-11	5.695407E-15
7.700000E+06	5.940523E-11	5.469994E-15
7.850000E+06	5.715666E-11	5.153264E-15
8.000000E+06	5.503331E-11	4.860087E-15
8.100000E+06	5.368285E-11	4.678225E-15
8.200000E+06	5.238149E-11	4.505174E-15
8.500000E+06	4.874916E-11	4.033855E-15
8.700000E+06	4.653359E-11	3.755051E-15
9.000000E+06	4.348299E-11	3.382342E-15
9.200000E+06	4.161298E-11	3.162050E-15
9.500000E+06	3.902629E-11	2.865615E-15
9.700000E+06	3.743350E-11	2.688002E-15
1.000000E+07	3.522118E-11	2.447718E-15
