1.000000E-01	-1.750000E+01	6.940000E+01
1.500000E-01	-1.050000E+01	4.860000E+01
2.000000E-01	-7.660000E+00	3.750000E+01
2.500000E-01	-6.010000E+00	3.070000E+01
3.000000E-01	-4.850000E+00	2.590000E+01
3.500000E-01	-4.220000E+00	2.240000E+01
4.000000E-01	-3.740000E+00	1.980000E+01
4.500000E-01	-3.450000E+00	1.770000E+01
5.000000E-01	-3.200000E+00	1.610000E+01
5.500000E-01	-2.970000E+00	1.470000E+01
6.000000E-01	-2.870000E+00	1.350000E+01
6.500000E-01	-2.770000E+00	1.260000E+01
7.000000E-01	-2.670000E+00	1.170000E+01
7.500000E-01	-2.630000E+00	1.100000E+01
8.000000E-01	-2.630000E+00	1.030000E+01
8.500000E-01	-2.640000E+00	9.810000E+00
9.000000E-01	-2.620000E+00	9.360000E+00
9.500000E-01	-2.690000E+00	8.940000E+00
1.000000E+00	-2.710000E+00	8.670000E+00
1.050000E+00	-2.720000E+00	8.440000E+00
1.100000E+00	-2.670000E+00	8.260000E+00
1.150000E+00	-2.600000E+00	8.090000E+00
1.200000E+00	-2.510000E+00	7.940000E+00
1.250000E+00	-2.380000E+00	7.800000E+00
1.300000E+00	-2.260000E+00	7.630000E+00
1.400000E+00	-2.010000E+00	7.310000E+00
1.500000E+00	-1.780000E+00	6.970000E+00
1.600000E+00	-1.600000E+00	6.640000E+00
1.700000E+00	-1.420000E+00	6.330000E+00
1.800000E+00	-1.300000E+00	6.020000E+00
1.900000E+00	-1.200000E+00	5.760000E+00
2.000000E+00	-1.120000E+00	5.510000E+00
2.100000E+00	-1.050000E+00	5.300000E+00
2.200000E+00	-1.000000E+00	5.110000E+00
2.300000E+00	-9.400000E-01	4.940000E+00
2.400000E+00	-9.000000E-01	4.780000E+00
2.500000E+00	-8.800000E-01	4.650000E+00
2.600000E+00	-8.500000E-01	4.550000E+00
2.700000E+00	-8.000000E-01	4.490000E+00
2.900000E+00	-6.300000E-01	4.360000E+00
3.000000E+00	-5.300000E-01	4.290000E+00
3.100000E+00	-4.100000E-01	4.200000E+00
3.200000E+00	-3.000000E-01	4.090000E+00
3.300000E+00	-2.000000E-01	3.970000E+00
3.400000E+00	-1.100000E-01	3.840000E+00
3.500000E+00	-4.000000E-02	3.710000E+00
3.600000E+00	1.000000E-02	3.580000E+00
3.700000E+00	5.000000E-02	3.450000E+00
3.800000E+00	9.000000E-02	3.340000E+00
3.900000E+00	1.200000E-01	3.230000E+00
4.000000E+00	1.400000E-01	3.120000E+00
4.100000E+00	1.600000E-01	3.030000E+00
4.200000E+00	1.600000E-01	2.940000E+00
4.300000E+00	1.700000E-01	2.850000E+00
4.400000E+00	2.000000E-01	2.760000E+00
4.500000E+00	2.100000E-01	2.680000E+00
4.600000E+00	2.200000E-01	2.600000E+00
4.700000E+00	2.100000E-01	2.520000E+00
4.800000E+00	2.100000E-01	2.460000E+00
4.900000E+00	2.100000E-01	2.390000E+00
5.000000E+00	2.100000E-01	2.340000E+00
5.200000E+00	2.100000E-01	2.230000E+00
5.400000E+00	2.000000E-01	2.140000E+00
5.600000E+00	2.000000E-01	2.060000E+00
5.800000E+00	2.100000E-01	2.000000E+00
6.000000E+00	2.400000E-01	1.930000E+00
6.199000E+00	3.250000E-01	1.690000E+00
6.200000E+00	2.200000E-01	1.850000E+00
6.358000E+00	3.280000E-01	1.630000E+00
6.526000E+00	3.290000E-01	1.570000E+00
6.702000E+00	3.280000E-01	1.510000E+00
6.888000E+00	3.280000E-01	1.450000E+00
7.085000E+00	3.250000E-01	1.380000E+00
7.293000E+00	3.230000E-01	1.300000E+00
7.514000E+00	3.190000E-01	1.220000E+00
7.749000E+00	3.090000E-01	1.120000E+00
7.999000E+00	2.800000E-01	1.030000E+00
8.266000E+00	2.340000E-01	9.400000E-01
8.551000E+00	1.800000E-01	8.430000E-01
8.856000E+00	1.200000E-01	7.500000E-01
9.184000E+00	4.700000E-02	6.750000E-01
9.537000E+00	-3.000000E-02	6.380000E-01
9.919000E+00	-1.100000E-01	6.380000E-01
1.033000E+01	-1.800000E-01	6.550000E-01
1.078000E+01	-2.200000E-01	6.820000E-01
1.127000E+01	-2.400000E-01	7.070000E-01
1.181000E+01	-2.600000E-01	7.300000E-01
1.240000E+01	-2.700000E-01	7.550000E-01
1.252000E+01	-2.700000E-01	7.580000E-01
1.265000E+01	-2.700000E-01	7.640000E-01
1.278000E+01	-2.700000E-01	7.690000E-01
1.292000E+01	-2.700000E-01	7.730000E-01
1.305000E+01	-2.700000E-01	7.780000E-01
1.319000E+01	-2.600000E-01	7.820000E-01
1.333000E+01	-2.600000E-01	7.840000E-01
1.348000E+01	-2.600000E-01	7.870000E-01
1.362000E+01	-2.500000E-01	7.880000E-01
1.378000E+01	-2.400000E-01	7.910000E-01
1.393000E+01	-2.400000E-01	7.930000E-01
1.409000E+01	-2.300000E-01	7.960000E-01
1.425000E+01	-2.200000E-01	7.980000E-01
1.442000E+01	-2.100000E-01	7.990000E-01
1.459000E+01	-2.100000E-01	8.000000E-01
1.476000E+01	-2.000000E-01	8.010000E-01
1.512000E+01	-1.800000E-01	8.020000E-01
1.531000E+01	-1.700000E-01	8.020000E-01
1.550000E+01	-1.700000E-01	8.020000E-01
1.569000E+01	-1.500000E-01	8.020000E-01
1.590000E+01	-1.500000E-01	8.020000E-01
1.610000E+01	-1.400000E-01	8.020000E-01
1.631000E+01	-1.300000E-01	8.020000E-01
1.653000E+01	-1.200000E-01	8.020000E-01
1.675000E+01	-1.100000E-01	8.020000E-01
1.698000E+01	-1.000000E-01	8.020000E-01
1.722000E+01	-1.000000E-01	8.030000E-01
1.746000E+01	-9.000000E-02	8.050000E-01
1.771000E+01	-8.000000E-02	8.120000E-01
1.797000E+01	-7.000000E-02	8.200000E-01
1.823000E+01	-6.000000E-02	8.340000E-01
1.851000E+01	-6.000000E-02	8.510000E-01
1.879000E+01	-5.000000E-02	8.770000E-01
1.907000E+01	-4.000000E-02	9.130000E-01
1.937000E+01	-3.000000E-02	9.380000E-01
1.968000E+01	-2.000000E-02	9.480000E-01
2.000000E+01	1.300000E-02	9.500000E-01
2.033000E+01	7.400000E-02	9.490000E-01
2.066000E+01	1.250000E-01	9.420000E-01
2.101000E+01	1.680000E-01	9.250000E-01
2.138000E+01	1.770000E-01	8.930000E-01
2.175000E+01	1.790000E-01	8.210000E-01
2.214000E+01	1.850000E-01	8.320000E-01
2.254000E+01	1.930000E-01	7.980000E-01
2.296000E+01	2.050000E-01	7.710000E-01
2.339000E+01	2.200000E-01	7.430000E-01
2.384000E+01	2.430000E-01	7.200000E-01
2.431000E+01	2.580000E-01	6.960000E-01
2.480000E+01	2.680000E-01	6.730000E-01
2.530000E+01	2.730000E-01	6.450000E-01
2.583000E+01	2.720000E-01	6.270000E-01
2.638000E+01	2.670000E-01	6.030000E-01
2.695000E+01	2.620000E-01	5.800000E-01
2.755000E+01	2.610000E-01	5.600000E-01
2.818000E+01	2.610000E-01	5.360000E-01
2.883000E+01	2.610000E-01	5.110000E-01
2.930000E+01	2.739773E-01	5.480956E-01
2.977390E+01	2.766828E-01	5.276460E-01
3.025550E+01	2.783631E-01	5.079587E-01
3.074490E+01	2.795485E-01	4.890053E-01
3.124210E+01	2.807946E-01	4.707623E-01
3.174750E+01	2.836732E-01	4.531957E-01
3.226090E+01	2.856406E-01	4.293081E-01
3.278270E+01	2.833107E-01	4.063730E-01
3.331300E+01	2.785769E-01	3.846623E-01
3.385180E+01	2.722420E-01	3.641125E-01
3.439930E+01	2.644192E-01	3.446616E-01
3.495570E+01	2.547664E-01	3.272071E-01
3.552110E+01	2.454968E-01	3.116440E-01
3.609560E+01	2.360236E-01	2.968216E-01
3.667940E+01	2.260722E-01	2.827042E-01
3.727270E+01	2.153047E-01	2.692573E-01
3.787550E+01	2.036865E-01	2.574156E-01
3.848820E+01	1.919414E-01	2.464220E-01
3.911070E+01	1.790328E-01	2.358990E-01
3.974320E+01	1.648058E-01	2.288338E-01
4.038610E+01	1.522359E-01	2.232462E-01
4.103930E+01	1.390851E-01	2.177962E-01
4.170310E+01	1.244989E-01	2.161174E-01
4.237760E+01	1.125988E-01	2.162885E-01
4.306300E+01	1.007536E-01	2.165539E-01
4.375950E+01	9.057584E-02	2.217926E-01
4.446730E+01	8.364980E-02	2.271581E-01
4.518650E+01	7.929180E-02	2.326537E-01
4.591740E+01	7.642557E-02	2.363530E-01
4.666000E+01	7.406096E-02	2.400753E-01
4.741470E+01	7.245270E-02	2.438555E-01
4.818160E+01	7.175351E-02	2.476959E-01
4.896090E+01	7.203403E-02	2.515970E-01
4.975280E+01	7.358072E-02	2.555580E-01
5.055760E+01	7.688742E-02	2.586316E-01
5.137530E+01	8.018475E-02	2.608938E-01
5.220620E+01	8.403117E-02	2.631736E-01
5.305060E+01	8.920898E-02	2.654750E-01
5.390870E+01	9.720675E-02	2.669191E-01
5.478060E+01	1.043635E-01	2.641835E-01
5.566670E+01	1.101975E-01	2.614746E-01
5.656700E+01	1.157815E-01	2.587963E-01
5.748200E+01	1.215444E-01	2.561417E-01
5.841170E+01	1.282151E-01	2.535176E-01
5.935640E+01	1.360676E-01	2.485823E-01
6.031650E+01	1.422955E-01	2.425769E-01
6.129210E+01	1.478597E-01	2.367177E-01
6.228340E+01	1.537466E-01	2.310001E-01
6.329080E+01	1.614313E-01	2.254208E-01
6.431450E+01	1.684422E-01	2.144444E-01
6.535470E+01	1.724247E-01	2.035634E-01
6.641180E+01	1.749411E-01	1.932336E-01
6.748590E+01	1.765784E-01	1.834294E-01
6.857750E+01	1.776618E-01	1.741213E-01
6.968670E+01	1.785051E-01	1.652864E-01
7.081380E+01	1.795000E-01	1.563365E-01
7.195910E+01	1.796923E-01	1.473191E-01
7.312300E+01	1.796520E-01	1.388215E-01
7.430570E+01	1.800018E-01	1.308135E-01
7.550760E+01	1.824498E-01	1.213217E-01
7.672890E+01	1.814673E-01	1.089257E-01
7.796990E+01	1.783859E-01	9.779618E-02
7.923100E+01	1.742089E-01	8.780397E-02
8.051250E+01	1.694245E-01	7.883192E-02
8.181470E+01	1.642884E-01	7.077762E-02
8.313800E+01	1.590083E-01	6.354575E-02
8.448270E+01	1.537696E-01	5.681745E-02
8.584910E+01	1.482219E-01	5.061406E-02
8.723770E+01	1.425503E-01	4.508770E-02
8.864870E+01	1.368998E-01	4.016498E-02
9.008250E+01	1.313248E-01	3.577952E-02
9.153950E+01	1.258587E-01	3.187306E-02
9.302010E+01	1.205194E-01	2.839305E-02
9.452460E+01	1.152874E-01	2.529303E-02
9.605350E+01	1.102611E-01	2.268699E-02
9.760710E+01	1.054873E-01	2.035377E-02
9.918580E+01	1.009330E-01	1.826055E-02
1.007900E+02	9.657498E-02	1.638262E-02
1.024200E+02	9.240803E-02	1.469782E-02
1.040770E+02	8.843869E-02	1.318613E-02
1.057600E+02	8.467479E-02	1.174285E-02
1.074710E+02	8.097224E-02	1.039871E-02
1.092090E+02	7.736307E-02	9.208562E-03
1.109750E+02	7.386674E-02	8.154659E-03
1.127700E+02	7.045023E-02	7.221316E-03
1.145940E+02	6.716408E-02	6.509254E-03
1.164480E+02	6.406224E-02	5.890616E-03
1.183310E+02	6.106323E-02	5.330824E-03
1.202450E+02	5.812837E-02	4.967620E-03
1.221900E+02	5.543277E-02	4.721841E-03
1.241660E+02	5.288649E-02	4.488254E-03
1.261750E+02	5.049106E-02	4.369449E-03
1.282150E+02	4.825888E-02	4.255626E-03
1.302890E+02	4.614252E-02	4.144717E-03
1.323970E+02	4.408858E-02	4.053480E-03
1.345380E+02	4.216463E-02	4.036679E-03
1.367140E+02	4.036452E-02	4.019924E-03
1.389250E+02	3.866026E-02	4.003244E-03
1.411720E+02	3.703956E-02	3.986630E-03
1.434560E+02	3.549011E-02	3.970048E-03
1.457760E+02	3.398463E-02	3.968182E-03
1.481340E+02	3.256892E-02	4.002338E-03
1.505300E+02	3.123638E-02	4.036805E-03
1.529640E+02	2.997312E-02	4.071595E-03
1.554390E+02	2.877381E-02	4.106595E-03
1.579530E+02	2.763816E-02	4.138481E-03
1.605070E+02	2.655391E-02	4.164815E-03
1.631030E+02	2.551993E-02	4.191283E-03
1.657420E+02	2.453467E-02	4.217878E-03
1.684220E+02	2.359830E-02	4.244723E-03
1.711460E+02	2.270973E-02	4.271711E-03
1.739150E+02	2.187137E-02	4.298813E-03
1.767270E+02	2.110743E-02	4.326173E-03
1.795860E+02	2.037097E-02	4.280103E-03
1.824910E+02	1.963842E-02	4.232639E-03
1.854420E+02	1.892432E-02	4.185750E-03
1.884420E+02	1.823211E-02	4.139321E-03
1.914890E+02	1.756326E-02	4.093472E-03
1.945870E+02	1.691764E-02	4.048063E-03
1.977340E+02	1.629648E-02	4.003197E-03
2.009320E+02	1.570436E-02	3.953682E-03
2.041820E+02	1.512687E-02	3.896613E-03
2.074850E+02	1.456467E-02	3.840351E-03
2.108400E+02	1.402050E-02	3.784953E-03
2.142510E+02	1.349410E-02	3.730297E-03
2.177160E+02	1.298606E-02	3.676465E-03
2.212370E+02	1.249705E-02	3.623418E-03
2.248160E+02	1.203250E-02	3.571099E-03
2.284520E+02	1.158070E-02	3.497493E-03
2.321470E+02	1.113540E-02	3.424571E-03
2.359020E+02	1.070000E-02	3.353164E-03
2.397170E+02	1.028263E-02	3.283272E-03
2.435950E+02	9.871750E-03	3.191157E-03
2.475350E+02	9.458754E-03	3.099483E-03
2.515380E+02	9.045380E-03	3.010457E-03
2.556070E+02	8.635129E-03	2.926177E-03
2.597410E+02	8.230708E-03	2.845450E-03
2.639420E+02	7.834169E-03	2.766943E-03
2.682110E+02	7.436674E-03	2.678098E-03
2.725490E+02	7.033999E-03	2.592098E-03
2.769570E+02	6.625301E-03	2.508869E-03
2.814370E+02	6.207797E-03	2.428299E-03
2.859890E+02	5.770484E-03	2.359424E-03
2.906150E+02	5.329942E-03	2.306593E-03
2.953150E+02	4.880185E-03	2.263431E-03
3.000920E+02	4.411065E-03	2.225099E-03
3.049450E+02	3.894141E-03	2.209906E-03
3.098780E+02	3.335128E-03	2.223528E-03
3.148900E+02	2.703524E-03	2.336338E-03
3.199830E+02	2.071565E-03	2.608125E-03
3.251580E+02	1.440436E-03	2.983808E-03
3.304180E+02	1.015045E-03	3.688665E-03
3.357620E+02	8.206671E-04	4.230631E-03
3.411920E+02	7.298154E-04	4.795916E-03
3.467110E+02	7.213075E-04	5.302427E-03
3.523190E+02	8.767285E-04	5.804465E-03
3.580170E+02	1.094108E-03	6.180769E-03
3.638080E+02	1.415404E-03	6.445873E-03
3.696920E+02	1.679795E-03	6.567981E-03
3.756720E+02	1.925824E-03	6.647265E-03
3.817480E+02	2.179324E-03	6.685894E-03
3.879220E+02	2.383170E-03	6.621026E-03
3.941970E+02	2.521903E-03	6.556702E-03
4.005730E+02	2.638636E-03	6.508731E-03
4.070520E+02	2.751736E-03	6.462957E-03
4.136350E+02	2.868623E-03	6.417551E-03
4.203260E+02	3.009917E-03	6.349198E-03
4.271240E+02	3.130179E-03	6.247890E-03
4.340320E+02	3.248413E-03	6.133778E-03
4.410520E+02	3.338068E-03	5.992600E-03
4.481860E+02	3.401020E-03	5.854632E-03
4.554350E+02	3.452238E-03	5.719484E-03
4.628020E+02	3.493060E-03	5.585988E-03
4.702870E+02	3.526070E-03	5.455609E-03
4.778940E+02	3.552031E-03	5.328288E-03
4.856230E+02	3.574335E-03	5.207447E-03
4.934780E+02	3.598344E-03	5.091348E-03
5.014590E+02	3.625160E-03	4.977865E-03
5.095700E+02	3.679888E-03	4.866899E-03
5.178120E+02	3.722718E-03	4.703318E-03
5.261870E+02	3.736790E-03	4.542296E-03
5.346980E+02	3.737266E-03	4.386798E-03
5.433460E+02	3.731962E-03	4.235669E-03
5.521340E+02	3.717427E-03	4.084790E-03
5.610650E+02	3.693519E-03	3.937886E-03
5.701390E+02	3.658805E-03	3.796976E-03
5.793610E+02	3.622108E-03	3.670076E-03
5.887320E+02	3.586015E-03	3.549715E-03
5.982540E+02	3.552114E-03	3.434754E-03
6.079300E+02	3.520323E-03	3.323649E-03
6.177630E+02	3.491733E-03	3.216040E-03
6.277550E+02	3.471332E-03	3.110746E-03
6.379080E+02	3.456852E-03	2.995584E-03
6.482260E+02	3.439875E-03	2.865649E-03
6.587110E+02	3.404267E-03	2.729330E-03
6.693650E+02	3.355935E-03	2.599393E-03
6.801910E+02	3.299734E-03	2.480400E-03
6.911930E+02	3.242639E-03	2.370320E-03
7.023720E+02	3.188198E-03	2.265648E-03
7.137330E+02	3.133687E-03	2.161516E-03
7.252770E+02	3.075397E-03	2.059482E-03
7.370080E+02	3.014716E-03	1.962215E-03
7.489280E+02	2.952837E-03	1.869566E-03
7.610420E+02	2.890470E-03	1.781272E-03
7.733510E+02	2.828176E-03	1.696812E-03
7.858590E+02	2.765898E-03	1.615392E-03
7.985700E+02	2.702871E-03	1.537098E-03
8.114860E+02	2.639590E-03	1.462589E-03
8.246110E+02	2.576499E-03	1.391685E-03
8.379490E+02	2.513931E-03	1.324227E-03
8.515020E+02	2.452012E-03	1.259788E-03
8.652740E+02	2.390756E-03	1.198212E-03
8.792690E+02	2.330024E-03	1.139424E-03
8.934910E+02	2.270014E-03	1.083515E-03
9.079430E+02	2.210930E-03	1.030347E-03
9.226280E+02	2.153072E-03	9.797873E-04
9.375510E+02	2.096131E-03	9.310453E-04
9.527150E+02	2.040025E-03	8.845596E-04
9.681240E+02	1.984717E-03	8.402578E-04
9.837830E+02	1.930395E-03	7.981754E-04
9.996950E+02	1.877200E-03	7.581335E-04
1.015860E+03	1.825291E-03	7.200342E-04
1.032290E+03	1.774316E-03	6.832425E-04
1.048990E+03	1.724213E-03	6.481965E-04
1.065960E+03	1.674951E-03	6.148281E-04
1.083200E+03	1.626656E-03	5.831773E-04
1.100720E+03	1.579382E-03	5.531587E-04
1.118520E+03	1.533170E-03	5.246893E-04
1.136610E+03	1.488025E-03	4.976811E-04
1.155000E+03	1.443932E-03	4.720592E-04
1.173680E+03	1.400938E-03	4.477612E-04
1.192660E+03	1.359016E-03	4.247148E-04
1.211950E+03	1.318154E-03	4.028522E-04
1.231550E+03	1.278344E-03	3.821196E-04
1.251470E+03	1.239568E-03	3.624588E-04
1.271720E+03	1.201806E-03	3.438183E-04
1.292290E+03	1.165094E-03	3.261564E-04
1.313190E+03	1.129396E-03	3.093989E-04
1.334430E+03	1.094680E-03	2.935055E-04
1.356010E+03	1.060945E-03	2.784312E-04
1.377940E+03	1.028162E-03	2.641237E-04
1.400230E+03	9.963028E-04	2.505528E-04
1.422880E+03	9.653645E-04	2.376797E-04
1.445890E+03	9.353470E-04	2.254708E-04
1.469280E+03	9.062345E-04	2.138560E-04
1.493040E+03	8.780333E-04	2.027964E-04
1.517190E+03	8.505835E-04	1.921163E-04
1.541730E+03	8.238390E-04	1.819753E-04
1.566670E+03	7.978080E-04	1.723716E-04
1.592010E+03	7.725142E-04	1.632763E-04
1.617760E+03	7.479457E-04	1.546594E-04
1.643920E+03	7.240921E-04	1.464951E-04
1.670510E+03	7.009288E-04	1.387638E-04
1.697530E+03	6.784492E-04	1.314402E-04
1.724990E+03	6.566730E-04	1.245012E-04
1.752890E+03	6.355384E-04	1.178553E-04
1.781240E+03	6.149949E-04	1.115406E-04
1.810050E+03	5.950317E-04	1.055480E-04
1.839320E+03	5.756400E-04	9.987488E-05
1.869070E+03	5.568056E-04	9.450660E-05
1.899300E+03	5.385236E-04	8.942972E-05
1.930020E+03	5.207813E-04	8.462463E-05
1.961240E+03	5.035599E-04	8.007687E-05
1.992960E+03	4.868388E-04	7.577275E-05
2.025200E+03	4.706526E-04	7.173153E-05
2.057950E+03	4.549516E-04	6.784161E-05
2.091240E+03	4.396816E-04	6.415617E-05
2.125060E+03	4.248527E-04	6.066169E-05
2.159430E+03	4.104425E-04	5.734895E-05
2.194360E+03	3.964374E-04	5.421319E-05
2.229850E+03	3.828277E-04	5.124104E-05
2.265920E+03	3.695908E-04	4.842575E-05
2.302570E+03	3.567158E-04	4.575995E-05
2.339810E+03	3.441840E-04	4.323442E-05
2.377660E+03	3.319744E-04	4.084265E-05
2.416110E+03	3.200743E-04	3.857850E-05
2.455190E+03	3.084584E-04	3.643461E-05
2.494900E+03	2.971048E-04	3.440442E-05
2.535260E+03	2.859863E-04	3.248225E-05
2.576260E+03	2.750770E-04	3.066323E-05
2.617930E+03	2.643345E-04	2.894135E-05
2.660270E+03	2.537150E-04	2.731221E-05
2.703300E+03	2.431522E-04	2.576959E-05
2.747030E+03	2.325577E-04	2.431008E-05
2.791460E+03	2.217938E-04	2.292936E-05
2.836610E+03	2.106247E-04	2.162289E-05
2.882490E+03	1.985916E-04	2.038708E-05
2.929110E+03	1.845516E-04	1.921764E-05
2.976480E+03	1.636018E-04	1.811227E-05
3.003700E+03	8.162759E-05	1.751356E-05
3.003900E+03	8.162059E-05	6.154520E-05
3.024630E+03	1.538719E-04	6.007227E-05
3.073550E+03	1.627071E-04	5.677244E-05
3.123260E+03	1.578765E-04	5.365959E-05
3.146000E+03	1.243443E-04	5.230888E-05
3.146200E+03	1.243522E-04	7.185004E-05
3.173780E+03	1.590990E-04	6.967029E-05
3.225110E+03	1.635790E-04	6.583528E-05
3.277270E+03	1.634748E-04	6.221071E-05
3.330280E+03	1.612966E-04	5.878433E-05
3.384150E+03	1.567265E-04	5.554672E-05
3.411800E+03	1.405497E-04	5.397369E-05
3.412000E+03	1.405448E-04	6.245361E-05
3.438880E+03	1.546185E-04	6.078914E-05
3.494500E+03	1.550167E-04	5.752270E-05
3.551020E+03	1.534476E-04	5.442295E-05
3.608460E+03	1.511684E-04	5.147948E-05
3.666820E+03	1.484961E-04	4.868834E-05
3.726130E+03	1.455774E-04	4.604252E-05
3.786400E+03	1.424989E-04	4.353406E-05
3.847640E+03	1.393154E-04	4.115545E-05
3.909870E+03	1.360654E-04	3.890165E-05
3.973110E+03	1.327766E-04	3.676429E-05
4.037380E+03	1.294711E-04	3.474202E-05
4.102680E+03	1.261694E-04	3.282641E-05
4.169030E+03	1.228820E-04	3.101133E-05
4.236460E+03	1.196202E-04	2.929448E-05
4.304980E+03	1.163937E-04	2.766864E-05
4.374620E+03	1.132077E-04	2.612997E-05
4.445370E+03	1.100698E-04	2.467436E-05
4.517270E+03	1.069833E-04	2.329732E-05
4.590330E+03	1.039522E-04	2.199518E-05
4.664580E+03	1.009788E-04	2.076326E-05
4.740030E+03	9.806558E-05	1.959857E-05
4.816690E+03	9.521452E-05	1.849769E-05
4.894600E+03	9.242615E-05	1.745682E-05
4.973770E+03	8.970177E-05	1.647327E-05
5.054210E+03	8.704179E-05	1.554366E-05
5.135960E+03	8.444604E-05	1.466537E-05
5.219030E+03	8.191466E-05	1.383559E-05
5.303440E+03	7.944750E-05	1.305197E-05
5.389220E+03	7.704418E-05	1.231157E-05
5.476390E+03	7.470368E-05	1.161236E-05
5.564970E+03	7.242561E-05	1.095203E-05
5.654980E+03	7.020919E-05	1.032862E-05
5.746440E+03	6.805369E-05	9.740169E-06
5.839390E+03	6.595762E-05	9.184512E-06
5.933830E+03	6.392054E-05	8.660112E-06
6.029810E+03	6.194086E-05	8.165055E-06
6.127330E+03	6.001779E-05	7.698013E-06
6.226440E+03	5.814991E-05	7.257131E-06
6.327150E+03	5.633621E-05	6.841171E-06
6.429480E+03	5.457572E-05	6.448774E-06
6.533480E+03	5.286659E-05	6.078489E-06
6.639150E+03	5.120834E-05	5.729254E-06
6.746540E+03	4.959920E-05	5.399808E-06
6.855650E+03	4.803841E-05	5.089024E-06
6.966540E+03	4.652426E-05	4.795932E-06
7.079220E+03	4.505589E-05	4.519603E-06
7.193720E+03	4.363206E-05	4.258942E-06
7.310070E+03	4.225166E-05	4.013139E-06
7.428310E+03	4.091321E-05	3.781450E-06
7.548450E+03	3.961606E-05	3.563009E-06
7.670540E+03	3.835869E-05	3.357034E-06
7.794610E+03	3.714011E-05	3.162848E-06
7.920680E+03	3.595919E-05	2.979687E-06
8.048790E+03	3.481488E-05	2.807209E-06
8.178980E+03	3.370616E-05	2.644508E-06
8.311260E+03	3.263209E-05	2.491254E-06
8.445690E+03	3.159145E-05	2.346739E-06
8.582290E+03	3.058342E-05	2.210634E-06
8.721110E+03	2.960702E-05	2.082318E-06
8.862160E+03	2.866138E-05	1.961360E-06
9.005500E+03	2.774539E-05	1.847379E-06
9.151160E+03	2.685818E-05	1.739989E-06
9.299170E+03	2.599903E-05	1.638820E-06
9.449580E+03	2.516704E-05	1.543512E-06
9.602420E+03	2.436136E-05	1.453685E-06
9.757730E+03	2.358116E-05	1.369059E-06
9.915550E+03	2.282576E-05	1.289391E-06
1.007590E+04	2.209444E-05	1.214292E-06
1.023890E+04	2.138608E-05	1.143528E-06
1.040450E+04	2.070038E-05	1.076875E-06
1.057280E+04	2.003641E-05	1.014084E-06
1.074380E+04	1.939363E-05	9.549425E-07
1.091760E+04	1.877123E-05	8.992280E-07
1.109420E+04	1.816871E-05	8.467521E-07
1.127360E+04	1.758554E-05	7.973313E-07
1.145590E+04	1.702098E-05	7.507814E-07
1.164120E+04	1.647428E-05	7.069342E-07
1.182950E+04	1.594502E-05	6.656361E-07
1.202080E+04	1.543277E-05	6.267443E-07
1.221530E+04	1.493664E-05	5.901070E-07
1.241280E+04	1.445668E-05	5.556167E-07
1.261360E+04	1.399176E-05	5.231250E-07
1.281760E+04	1.354184E-05	4.925307E-07
1.302500E+04	1.310609E-05	4.637110E-07
1.323560E+04	1.268451E-05	4.365820E-07
1.344970E+04	1.227623E-05	4.110296E-07
1.366720E+04	1.188112E-05	3.869698E-07
1.388830E+04	1.149845E-05	3.643081E-07
1.411290E+04	1.112810E-05	3.429742E-07
1.434120E+04	1.076945E-05	3.228813E-07
1.457310E+04	1.042237E-05	3.039642E-07
1.480890E+04	1.008613E-05	2.861488E-07
1.504840E+04	9.760750E-06	2.693739E-07
1.529180E+04	9.445658E-06	2.535795E-07
1.553910E+04	9.140632E-06	2.387099E-07
1.579040E+04	8.845249E-06	2.247088E-07
1.604580E+04	8.559194E-06	2.115239E-07
1.630540E+04	8.282108E-06	1.991076E-07
1.656910E+04	8.013847E-06	1.874199E-07
1.683710E+04	7.754007E-06	1.764139E-07
1.710940E+04	7.502344E-06	1.660525E-07
1.738610E+04	7.258549E-06	1.562972E-07
1.766740E+04	7.022233E-06	1.471102E-07
1.795310E+04	6.793363E-06	1.384631E-07
1.824350E+04	6.571482E-06	1.303206E-07
1.853860E+04	6.356372E-06	1.226545E-07
1.883840E+04	6.147822E-06	1.154379E-07
1.914310E+04	5.945458E-06	1.086430E-07
1.945270E+04	5.749075E-06	1.022461E-07
1.976740E+04	5.558282E-06	9.622269E-08
2.008710E+04	5.372863E-06	9.055282E-08
2.041200E+04	5.192386E-06	8.521465E-08
2.074210E+04	5.016477E-06	8.018953E-08
2.107760E+04	4.844503E-06	7.545824E-08
2.141850E+04	4.675762E-06	7.100439E-08
2.176500E+04	4.509035E-06	6.681071E-08
2.211700E+04	4.342350E-06	6.286353E-08
2.247470E+04	4.171155E-06	5.914767E-08
2.283820E+04	3.981307E-06	5.564934E-08
2.320760E+04	3.548602E-06	5.235614E-08
2.321980E+04	3.105005E-06	5.225163E-08
2.322000E+04	3.104960E-06	3.396251E-07
2.358300E+04	3.744543E-06	3.214020E-07
2.396440E+04	3.692295E-06	3.035820E-07
2.435200E+04	3.613591E-06	2.867054E-07
2.474590E+04	3.525710E-06	2.707259E-07
2.514620E+04	3.434116E-06	2.555996E-07
2.555290E+04	3.341266E-06	2.412873E-07
2.596620E+04	3.248425E-06	2.277444E-07
2.638610E+04	3.156384E-06	2.149347E-07
2.681290E+04	3.065564E-06	2.028186E-07
2.724660E+04	2.976296E-06	1.913611E-07
2.768730E+04	2.888791E-06	1.805296E-07
2.813510E+04	2.803174E-06	1.702915E-07
2.859020E+04	2.719522E-06	1.606147E-07
2.905260E+04	2.637925E-06	1.514724E-07
2.952250E+04	2.558749E-06	1.428342E-07
3.000000E+04	2.479654E-06	1.346750E-07
3.010000E+04	2.464414E-06	1.309237E-07
3.020000E+04	2.448729E-06	1.293406E-07
3.030000E+04	2.433175E-06	1.277756E-07
3.040000E+04	2.417761E-06	1.262283E-07
3.050000E+04	2.402486E-06	1.247227E-07
3.060000E+04	2.387343E-06	1.232341E-07
3.070000E+04	2.372336E-06	1.217627E-07
3.080000E+04	2.357457E-06	1.203073E-07
3.090000E+04	2.342715E-06	1.188906E-07
3.100000E+04	2.328098E-06	1.174897E-07
3.110000E+04	2.313616E-06	1.161048E-07
3.120000E+04	2.299255E-06	1.147348E-07
3.135000E+04	2.277957E-06	1.127357E-07
3.150000E+04	2.256948E-06	1.107698E-07
3.160000E+04	2.243092E-06	1.094862E-07
3.170000E+04	2.229355E-06	1.082165E-07
3.180000E+04	2.215737E-06	1.069611E-07
3.190000E+04	2.202235E-06	1.057188E-07
3.210000E+04	2.175577E-06	1.033120E-07
3.230000E+04	2.149384E-06	1.009566E-07
3.245000E+04	2.130034E-06	9.924597E-08
3.260000E+04	2.110934E-06	9.756245E-08
3.280000E+04	2.085841E-06	9.538847E-08
3.300000E+04	2.061176E-06	9.325942E-08
3.320000E+04	2.036930E-06	9.121586E-08
3.340000E+04	2.013101E-06	8.921486E-08
3.360000E+04	1.989676E-06	8.728324E-08
3.380000E+04	1.966646E-06	8.539095E-08
3.395000E+04	1.949631E-06	8.402005E-08
3.410000E+04	1.932835E-06	8.266991E-08
3.430000E+04	1.910755E-06	8.090136E-08
3.450000E+04	1.889044E-06	7.916814E-08
3.470000E+04	1.867692E-06	7.750593E-08
3.490000E+04	1.846696E-06	7.587692E-08
3.510000E+04	1.826048E-06	7.427949E-08
3.530000E+04	1.805728E-06	7.271370E-08
3.550000E+04	1.785732E-06	7.120971E-08
3.570000E+04	1.766059E-06	6.973515E-08
3.603000E+04	1.734279E-06	6.736347E-08
3.630000E+04	1.708899E-06	6.551799E-08
3.650000E+04	1.690447E-06	6.418136E-08
3.680000E+04	1.663312E-06	6.224962E-08
3.700000E+04	1.645576E-06	6.099170E-08
3.730000E+04	1.619485E-06	5.918028E-08
3.750000E+04	1.602424E-06	5.800045E-08
3.780000E+04	1.577327E-06	5.630015E-08
3.800000E+04	1.560913E-06	5.519259E-08
3.850000E+04	1.520967E-06	5.256304E-08
3.900000E+04	1.482510E-06	5.009007E-08
3.950000E+04	1.445475E-06	4.776313E-08
4.000000E+04	1.409795E-06	4.557146E-08
4.040000E+04	1.382179E-06	4.391858E-08
4.080000E+04	1.355358E-06	4.232145E-08
4.110000E+04	1.335744E-06	4.118564E-08
4.150000E+04	1.310244E-06	3.971520E-08
4.230000E+04	1.261362E-06	3.698091E-08
4.300000E+04	1.220785E-06	3.478126E-08
4.380000E+04	1.176739E-06	3.244671E-08
4.450000E+04	1.140105E-06	3.056433E-08
4.530000E+04	1.100279E-06	2.857428E-08
4.600000E+04	1.067099E-06	2.695907E-08
4.650000E+04	1.044300E-06	2.587568E-08
4.700000E+04	1.022217E-06	2.484652E-08
4.750000E+04	1.000821E-06	2.386868E-08
4.800000E+04	9.800877E-07	2.293901E-08
4.850000E+04	9.599839E-07	2.205430E-08
4.900000E+04	9.404923E-07	2.121219E-08
4.950000E+04	9.215803E-07	2.041045E-08
5.000000E+04	9.032328E-07	1.964649E-08
5.100000E+04	8.681342E-07	1.822279E-08
5.200000E+04	8.350322E-07	1.692697E-08
5.300000E+04	8.037797E-07	1.574542E-08
5.400000E+04	7.742429E-07	1.466226E-08
5.500000E+04	7.462950E-07	1.367149E-08
5.600000E+04	7.198317E-07	1.275994E-08
5.680000E+04	6.996542E-07	1.208528E-08
5.753000E+04	6.819717E-07	1.150847E-08
5.800000E+04	6.709371E-07	1.115541E-08
5.850000E+04	6.594893E-07	1.079385E-08
5.954000E+04	6.365938E-07	1.008791E-08
5.980000E+04	6.310563E-07	9.920588E-09
6.000000E+04	6.268451E-07	9.794257E-09
6.080000E+04	6.104104E-07	9.308370E-09
6.150000E+04	5.965543E-07	8.907906E-09
6.230000E+04	5.812881E-07	8.476429E-09
6.300000E+04	5.684045E-07	8.120308E-09
6.400000E+04	5.507282E-07	7.643613E-09
6.500000E+04	5.338622E-07	7.201648E-09
6.590000E+04	5.193361E-07	6.829670E-09
6.683000E+04	5.049378E-07	6.470352E-09
6.740000E+04	4.964059E-07	6.261858E-09
6.800000E+04	4.876563E-07	6.051436E-09
6.900000E+04	4.735776E-07	5.720139E-09
7.000000E+04	4.600986E-07	5.411360E-09
7.100000E+04	4.471877E-07	5.122276E-09
7.200000E+04	4.348106E-07	4.852365E-09
7.280000E+04	4.252748E-07	4.649205E-09
7.350000E+04	4.171851E-07	4.480162E-09
7.420000E+04	4.093236E-07	4.318774E-09
7.496000E+04	4.010362E-07	4.151748E-09
7.550000E+04	3.953008E-07	4.037842E-09
7.600000E+04	3.900984E-07	3.935852E-09
7.711000E+04	3.789096E-07	3.720756E-09
7.860000E+04	3.646314E-07	3.454739E-09
7.930000E+04	3.582002E-07	3.338032E-09
8.000000E+04	3.519373E-07	3.226245E-09
8.150000E+04	3.390588E-07	3.001490E-09
8.300000E+04	3.268724E-07	2.796076E-09
8.400000E+04	3.191098E-07	2.668889E-09
8.500000E+04	3.116192E-07	2.548898E-09
8.650000E+04	3.008699E-07	2.381007E-09
8.800000E+04	2.906655E-07	2.226787E-09
8.900000E+04	2.841483E-07	2.130909E-09
9.000000E+04	2.778480E-07	2.040163E-09
9.150000E+04	2.687831E-07	1.912837E-09
9.300000E+04	2.601537E-07	1.795338E-09
9.400000E+04	2.546298E-07	1.722019E-09
9.500000E+04	2.492797E-07	1.652419E-09
9.650000E+04	2.415661E-07	1.554355E-09
9.800000E+04	2.342039E-07	1.463489E-09
9.900000E+04	2.294816E-07	1.406604E-09
9.950000E+04	2.271735E-07	1.379198E-09
1.000000E+05	2.248999E-07	1.352464E-09
1.015000E+05	2.182814E-07	1.275866E-09
1.030000E+05	2.119502E-07	1.204631E-09
1.040000E+05	2.078813E-07	1.159906E-09
1.050000E+05	2.039283E-07	1.117242E-09
1.065000E+05	1.982071E-07	1.056874E-09
1.080000E+05	1.927229E-07	1.000546E-09
1.090000E+05	1.891924E-07	9.650800E-10
1.100000E+05	1.857578E-07	9.311749E-10
1.115000E+05	1.807790E-07	8.830735E-10
1.130000E+05	1.759977E-07	8.380501E-10
1.140000E+05	1.729144E-07	8.096266E-10
1.150000E+05	1.699115E-07	7.824047E-10
1.165000E+05	1.655521E-07	7.436915E-10
1.180000E+05	1.613581E-07	7.073491E-10
1.190000E+05	1.586498E-07	6.843563E-10
1.200000E+05	1.560094E-07	6.622923E-10
1.220000E+05	1.509228E-07	6.207831E-10
1.240000E+05	1.460806E-07	5.824862E-10
1.255000E+05	1.426003E-07	5.556934E-10
1.270000E+05	1.392427E-07	5.304303E-10
1.285000E+05	1.360027E-07	5.065941E-10
1.300000E+05	1.328743E-07	4.840862E-10
1.315000E+05	1.298527E-07	4.628028E-10
1.330000E+05	1.269329E-07	4.426845E-10
1.345000E+05	1.241105E-07	4.236475E-10
1.360000E+05	1.213811E-07	4.056299E-10
1.375000E+05	1.187412E-07	3.885630E-10
1.390000E+05	1.161860E-07	3.723880E-10
1.405000E+05	1.137129E-07	3.570495E-10
1.420000E+05	1.113177E-07	3.424957E-10
1.440000E+05	1.082398E-07	3.242298E-10
1.454000E+05	1.061605E-07	3.121665E-10
1.460000E+05	1.052878E-07	3.071671E-10
1.467000E+05	1.042831E-07	3.014647E-10
1.480000E+05	1.024551E-07	2.912193E-10
1.490000E+05	1.010815E-07	2.836354E-10
1.495000E+05	1.004049E-07	2.799364E-10
1.500000E+05	9.973536E-08	2.762960E-10
1.520000E+05	9.712239E-08	2.623485E-10
1.540000E+05	9.461063E-08	2.492721E-10
1.560000E+05	9.219534E-08	2.370038E-10
1.580000E+05	8.987125E-08	2.254831E-10
1.600000E+05	8.763402E-08	2.146580E-10
1.620000E+05	8.547938E-08	2.044782E-10
1.635000E+05	8.391497E-08	1.972374E-10
1.650000E+05	8.239324E-08	1.903168E-10
1.670000E+05	8.042798E-08	1.815574E-10
1.690000E+05	7.853195E-08	1.732966E-10
1.710000E+05	7.670227E-08	1.655029E-10
1.730000E+05	7.493572E-08	1.581444E-10
1.750000E+05	7.322975E-08	1.511958E-10
1.770000E+05	7.158116E-08	1.446267E-10
1.785000E+05	7.038097E-08	1.399339E-10
1.800000E+05	6.921084E-08	1.354306E-10
1.830000E+05	6.695635E-08	1.269701E-10
1.850000E+05	6.551399E-08	1.216965E-10
1.880000E+05	6.343640E-08	1.142916E-10
1.900000E+05	6.210571E-08	1.096676E-10
1.930000E+05	6.018688E-08	1.031680E-10
1.950000E+05	5.895664E-08	9.910245E-11
1.980000E+05	5.718093E-08	9.337397E-11
2.000000E+05	5.604116E-08	8.978502E-11
2.030000E+05	5.439458E-08	8.478429E-11
2.050000E+05	5.333686E-08	8.164442E-11
2.080000E+05	5.180719E-08	7.720415E-11
2.100000E+05	5.082361E-08	7.441214E-11
2.130000E+05	4.940006E-08	7.045828E-11
2.150000E+05	4.848397E-08	6.796876E-11
2.180000E+05	4.715694E-08	6.445146E-11
2.200000E+05	4.630230E-08	6.223345E-11
2.230000E+05	4.506337E-08	5.908380E-11
2.260000E+05	4.387338E-08	5.613245E-11
2.290000E+05	4.272995E-08	5.336462E-11
2.320000E+05	4.163062E-08	5.077104E-11
2.350000E+05	4.057323E-08	4.833638E-11
2.380000E+05	3.955567E-08	4.604720E-11
2.410000E+05	3.857590E-08	4.389374E-11
2.447000E+05	3.741680E-08	4.141106E-11
2.480000E+05	3.642660E-08	3.934453E-11
2.520000E+05	3.527812E-08	3.701158E-11
2.560000E+05	3.418315E-08	3.485131E-11
2.600000E+05	3.313834E-08	3.284781E-11
2.650000E+05	3.189842E-08	3.054334E-11
2.700000E+05	3.072677E-08	2.843868E-11
2.750000E+05	2.961854E-08	2.651302E-11
2.792000E+05	2.873330E-08	2.502084E-11
2.820000E+05	2.816504E-08	2.408399E-11
2.850000E+05	2.757472E-08	2.312852E-11
2.900000E+05	2.663117E-08	2.163982E-11
2.950000E+05	2.573533E-08	2.026824E-11
3.000000E+05	2.488391E-08	1.900453E-11
3.040000E+05	2.423289E-08	1.806422E-11
3.080000E+05	2.360703E-08	1.718189E-11
3.120000E+05	2.300514E-08	1.635322E-11
3.165000E+05	2.235506E-08	1.548022E-11
3.180000E+05	2.214451E-08	1.520234E-11
3.201000E+05	2.185467E-08	1.482380E-11
3.260000E+05	2.107020E-08	1.382240E-11
3.320000E+05	2.031497E-08	1.289008E-11
3.350000E+05	1.995248E-08	1.245366E-11
3.380000E+05	1.959960E-08	1.203571E-11
3.410000E+05	1.925600E-08	1.163951E-11
3.443000E+05	1.888835E-08	1.123563E-11
3.510000E+05	1.817369E-08	1.047118E-11
3.570000E+05	1.756751E-08	9.843027E-12
3.640000E+05	1.689792E-08	9.169817E-12
3.700000E+05	1.635400E-08	8.638878E-12
3.780000E+05	1.566870E-08	7.990348E-12
3.850000E+05	1.510378E-08	7.472974E-12
3.930000E+05	1.449480E-08	6.932813E-12
4.000000E+05	1.399167E-08	6.500399E-12
4.030000E+05	1.378401E-08	6.325709E-12
4.060000E+05	1.358097E-08	6.156970E-12
4.111000E+05	1.324591E-08	5.883057E-12
4.118000E+05	1.320089E-08	5.846684E-12
4.210000E+05	1.262999E-08	5.394211E-12
4.300000E+05	1.210658E-08	4.993909E-12
4.370000E+05	1.172165E-08	4.708408E-12
4.440000E+05	1.135479E-08	4.443409E-12
4.500000E+05	1.105389E-08	4.231263E-12
4.560000E+05	1.076479E-08	4.031868E-12
4.620000E+05	1.048688E-08	3.844287E-12
4.680500E+05	1.021741E-08	3.666255E-12
4.740000E+05	9.962400E-09	3.501280E-12
4.800000E+05	9.714810E-09	3.344413E-12
4.900000E+05	9.322187E-09	3.102455E-12
4.950000E+05	9.134730E-09	2.989828E-12
4.980000E+05	9.024964E-09	2.924749E-12
5.000000E+05	8.952869E-09	2.882362E-12
5.080000E+05	8.673012E-09	2.729244E-12
5.150000E+05	8.438768E-09	2.603764E-12
5.230000E+05	8.182486E-09	2.469326E-12
5.300000E+05	7.967683E-09	2.358955E-12
5.400000E+05	7.675231E-09	2.212088E-12
5.500000E+05	7.398586E-09	2.076807E-12
5.580000E+05	7.187897E-09	1.976200E-12
5.650000E+05	7.010846E-09	1.893258E-12
5.730000E+05	6.816386E-09	1.803887E-12
5.800000E+05	6.652801E-09	1.730116E-12
5.900000E+05	6.429136E-09	1.631326E-12
6.000000E+05	6.216562E-09	1.539717E-12
6.080000E+05	6.054004E-09	1.471284E-12
6.150000E+05	5.916934E-09	1.414589E-12
6.300000E+05	5.638454E-09	1.302300E-12
6.460000E+05	5.362548E-09	1.194888E-12
6.540000E+05	5.232122E-09	1.145461E-12
6.616000E+05	5.112584E-09	1.100926E-12
6.660000E+05	5.045242E-09	1.077259E-12
6.710000E+05	4.970310E-09	1.051422E-12
6.800000E+05	4.839592E-09	1.006923E-12
6.900000E+05	4.700299E-09	9.603245E-13
7.000000E+05	4.566933E-09	9.165063E-13
7.120000E+05	4.414259E-09	8.674084E-13
7.233000E+05	4.277382E-09	8.244853E-13
7.370000E+05	4.119809E-09	7.761021E-13
7.500000E+05	3.978209E-09	7.335785E-13
7.640000E+05	3.833720E-09	6.911376E-13
7.789000E+05	3.688424E-09	6.494343E-13
7.890000E+05	3.594581E-09	6.230252E-13
8.000000E+05	3.496394E-09	5.958405E-13
8.150000E+05	3.368862E-09	5.612858E-13
8.300000E+05	3.248174E-09	5.293108E-13
8.500000E+05	3.097097E-09	4.902911E-13
8.674000E+05	2.974074E-09	4.593580E-13
8.780000E+05	2.902684E-09	4.417595E-13
8.892000E+05	2.830016E-09	4.245137E-13
9.000000E+05	2.762491E-09	4.089237E-13
9.150000E+05	2.672654E-09	3.885028E-13
9.300000E+05	2.587123E-09	3.694089E-13
9.500000E+05	2.479327E-09	3.458345E-13
9.640000E+05	2.407831E-09	3.305044E-13
9.800000E+05	2.329839E-09	3.140658E-13
1.000000E+06	2.237567E-09	2.950040E-13
1.002000E+06	2.228644E-09	2.930757E-13
1.004800E+06	2.216240E-09	2.904034E-13
1.011000E+06	2.189136E-09	2.845950E-13
1.017000E+06	2.163382E-09	2.791117E-13
1.024000E+06	2.133901E-09	2.730267E-13
1.030000E+06	2.109112E-09	2.682564E-13
1.040000E+06	2.068743E-09	2.605264E-13
1.050000E+06	2.029521E-09	2.530604E-13
1.070000E+06	1.954356E-09	2.388794E-13
1.085800E+06	1.897888E-09	2.283425E-13
1.100000E+06	1.849200E-09	2.193447E-13
1.120500E+06	1.782152E-09	2.070954E-13
1.121100E+06	1.780244E-09	2.067493E-13
1.150000E+06	1.691885E-09	1.908869E-13
1.162000E+06	1.657117E-09	1.847371E-13
1.173200E+06	1.625629E-09	1.792144E-13
1.187000E+06	1.588046E-09	1.726842E-13
1.200000E+06	1.553821E-09	1.670743E-13
1.210000E+06	1.528244E-09	1.629403E-13
1.220000E+06	1.503290E-09	1.589324E-13
1.250000E+06	1.431995E-09	1.476201E-13
1.274500E+06	1.377466E-09	1.391253E-13
1.300000E+06	1.323954E-09	1.309212E-13
1.332500E+06	1.260156E-09	1.213219E-13
1.370000E+06	1.192108E-09	1.113152E-13
1.408000E+06	1.128627E-09	1.022100E-13
1.450000E+06	1.064189E-09	9.320849E-14
1.480000E+06	1.021481E-09	8.738427E-14
1.490000E+06	1.007816E-09	8.554520E-14
1.500000E+06	9.944233E-10	8.375479E-14
1.550000E+06	9.312996E-10	7.573941E-14
1.600000E+06	8.739990E-10	6.867344E-14
1.650000E+06	8.218301E-10	6.242443E-14
1.680000E+06	7.927411E-10	5.901994E-14
1.700000E+06	7.741963E-10	5.688094E-14
1.740000E+06	7.390102E-10	5.289041E-14
1.780000E+06	7.061679E-10	4.924948E-14
1.820000E+06	6.754687E-10	4.592186E-14
1.850000E+06	6.537377E-10	4.361207E-14
1.890000E+06	6.263591E-10	4.075760E-14
1.930000E+06	6.006637E-10	3.813677E-14
1.970000E+06	5.765177E-10	3.572690E-14
2.000000E+06	5.593518E-10	3.404566E-14
2.030000E+06	5.429414E-10	3.249369E-14
2.050000E+06	5.323991E-10	3.151912E-14
2.080000E+06	5.171511E-10	3.015997E-14
2.100000E+06	5.073475E-10	2.929568E-14
2.150000E+06	4.840243E-10	2.727014E-14
2.200000E+06	4.622722E-10	2.542139E-14
2.280000E+06	4.304012E-10	2.278570E-14
2.350000E+06	4.051412E-10	2.076155E-14
2.430000E+06	3.789035E-10	1.872271E-14
2.500000E+06	3.579820E-10	1.714569E-14
2.550000E+06	3.440811E-10	1.612275E-14
2.600000E+06	3.309737E-10	1.517696E-14
2.650000E+06	3.186020E-10	1.430143E-14
2.700000E+06	3.069112E-10	1.348983E-14
2.780000E+06	2.895007E-10	1.231046E-14
2.850000E+06	2.754543E-10	1.138527E-14
2.930000E+06	2.606178E-10	1.043455E-14
2.970000E+06	2.536450E-10	9.997441E-15
3.000000E+06	2.485969E-10	9.684910E-15
3.030000E+06	2.436986E-10	9.396891E-15
3.050000E+06	2.405130E-10	9.210972E-15
3.100000E+06	2.328171E-10	8.766643E-15
3.200000E+06	2.184934E-10	7.958217E-15
3.280000E+06	2.079652E-10	7.379832E-15
3.350000E+06	1.993649E-10	6.917766E-15
3.430000E+06	1.901731E-10	6.434532E-15
3.500000E+06	1.826422E-10	6.047024E-15
3.600000E+06	1.726364E-10	5.544337E-15
3.700000E+06	1.634308E-10	5.094496E-15
3.850000E+06	1.509437E-10	4.504531E-15
3.930000E+06	1.448609E-10	4.225913E-15
4.000000E+06	1.398352E-10	4.000164E-15
4.050000E+06	1.364037E-10	3.852116E-15
4.100000E+06	1.330971E-10	3.711156E-15
4.200000E+06	1.268346E-10	3.448749E-15
4.350000E+06	1.182382E-10	3.098692E-15
4.500000E+06	1.104868E-10	2.793507E-15
4.600000E+06	1.057352E-10	2.611524E-15
4.700000E+06	1.012837E-10	2.444712E-15
4.850000E+06	9.511563E-11	2.219540E-15
5.000000E+06	8.949430E-11	2.020663E-15
5.011600E+06	8.908048E-11	2.006503E-15
5.300000E+06	7.964961E-11	1.692847E-15
5.500000E+06	7.396206E-11	1.512139E-15
5.700000E+06	6.886280E-11	1.355826E-15
5.850000E+06	6.537665E-11	1.252202E-15
6.000000E+06	6.214868E-11	1.158684E-15
6.100000E+06	6.012772E-11	1.102045E-15
6.200000E+06	5.820376E-11	1.048978E-15
6.500000E+06	5.295509E-11	9.085840E-16
6.700000E+06	4.984078E-11	8.284258E-16
7.000000E+06	4.566025E-11	7.246972E-16
7.200000E+06	4.315880E-11	6.653718E-16
7.500000E+06	3.977507E-11	5.877802E-16
7.700000E+06	3.773566E-11	5.425479E-16
8.000000E+06	3.495855E-11	4.828897E-16
8.200000E+06	3.327405E-11	4.480992E-16
8.500000E+06	3.096675E-11	4.018370E-16
8.700000E+06	2.955935E-11	3.744352E-16
9.000000E+06	2.762157E-11	3.377574E-16
9.200000E+06	2.643369E-11	3.159836E-16
9.500000E+06	2.479055E-11	2.866574E-16
1.000000E+07	2.237347E-11	2.452572E-16
