1.500000E+00	-2.673000E+00	5.000000E-03
1.520000E+00	-2.681000E+00	6.000000E-03
1.540000E+00	-2.688000E+00	6.000000E-03
1.560000E+00	-2.697000E+00	7.000000E-03
1.580000E+00	-2.705000E+00	7.000000E-03
1.600000E+00	-2.714000E+00	8.000000E-03
1.620000E+00	-2.721000E+00	8.000000E-03
1.640000E+00	-2.728000E+00	9.000000E-03
1.660000E+00	-2.736000E+00	9.000000E-03
1.680000E+00	-2.745000E+00	1.000000E-02
1.700000E+00	-2.752000E+00	1.000000E-02
1.720000E+00	-2.761000E+00	1.100000E-02
1.740000E+00	-2.768000E+00	1.100000E-02
1.760000E+00	-2.778000E+00	1.200000E-02
1.780000E+00	-2.787000E+00	1.300000E-02
1.800000E+00	-2.796000E+00	1.300000E-02
1.820000E+00	-2.805000E+00	1.300000E-02
1.840000E+00	-2.815000E+00	1.400000E-02
1.860000E+00	-2.826000E+00	1.500000E-02
1.880000E+00	-2.837000E+00	1.600000E-02
1.900000E+00	-2.847000E+00	1.600000E-02
1.920000E+00	-2.858000E+00	1.700000E-02
1.940000E+00	-2.870000E+00	1.800000E-02
1.960000E+00	-2.882000E+00	1.900000E-02
1.980000E+00	-2.893000E+00	2.200000E-02
2.000000E+00	-2.906000E+00	2.200000E-02
2.020000E+00	-2.918000E+00	2.400000E-02
2.040000E+00	-2.931000E+00	2.500000E-02
2.060000E+00	-2.943000E+00	2.500000E-02
2.080000E+00	-2.956000E+00	2.700000E-02
2.100000E+00	-2.969000E+00	3.000000E-02
2.120000E+00	-2.983000E+00	3.000000E-02
2.140000E+00	-2.997000E+00	2.700000E-02
2.160000E+00	-3.012000E+00	3.000000E-02
2.180000E+00	-3.026000E+00	3.400000E-02
2.200000E+00	-3.042000E+00	3.200000E-02
2.220000E+00	-3.057000E+00	3.800000E-02
2.240000E+00	-3.073000E+00	3.200000E-02
2.260000E+00	-3.089000E+00	4.400000E-02
2.280000E+00	-3.106000E+00	4.400000E-02
2.300000E+00	-3.123000E+00	4.800000E-02
2.320000E+00	-3.140000E+00	4.500000E-02
2.340000E+00	-3.159000E+00	4.300000E-02
2.360000E+00	-3.177000E+00	5.300000E-02
2.380000E+00	-3.196000E+00	5.600000E-02
2.400000E+00	-3.215000E+00	6.000000E-02
2.420000E+00	-3.235000E+00	6.000000E-02
2.440000E+00	-3.255000E+00	7.200000E-02
2.460000E+00	-3.277000E+00	6.600000E-02
2.480000E+00	-3.298000E+00	7.300000E-02
2.500000E+00	-3.320000E+00	7.300000E-02
2.520000E+00	-3.343000E+00	7.700000E-02
2.540000E+00	-3.367000E+00	7.900000E-02
2.560000E+00	-3.391000E+00	8.300000E-02
2.580000E+00	-3.416000E+00	9.400000E-02
2.600000E+00	-3.442000E+00	9.000000E-02
2.620000E+00	-3.466000E+00	1.200000E-01
2.640000E+00	-3.495000E+00	1.200000E-01
2.660000E+00	-3.522000E+00	1.340000E-01
2.680000E+00	-3.553000E+00	1.310000E-01
2.700000E+00	-3.583000E+00	1.300000E-01
2.720000E+00	-3.615000E+00	1.310000E-01
2.740000E+00	-3.648000E+00	1.330000E-01
2.760000E+00	-3.682000E+00	1.490000E-01
2.780000E+00	-3.718000E+00	1.490000E-01
2.800000E+00	-3.753000E+00	1.630000E-01
2.820000E+00	-3.791000E+00	1.700000E-01
2.840000E+00	-3.831000E+00	1.850000E-01
2.860000E+00	-3.872000E+00	1.850000E-01
2.880000E+00	-3.916000E+00	1.940000E-01
2.900000E+00	-3.961000E+00	2.030000E-01
2.920000E+00	-4.009000E+00	2.110000E-01
2.940000E+00	-4.058000E+00	2.280000E-01
2.960000E+00	-4.109000E+00	2.440000E-01
2.980000E+00	-4.164000E+00	2.550000E-01
3.000000E+00	-4.222000E+00	2.690000E-01
3.020000E+00	-4.284000E+00	2.910000E-01
3.040000E+00	-4.349000E+00	3.130000E-01
3.060000E+00	-4.420000E+00	3.290000E-01
3.080000E+00	-4.493000E+00	3.550000E-01
3.100000E+00	-4.570000E+00	3.870000E-01
3.120000E+00	-4.654000E+00	4.160000E-01
3.140000E+00	-4.744000E+00	4.560000E-01
3.160000E+00	-4.842000E+00	5.050000E-01
3.180000E+00	-4.948000E+00	5.610000E-01
3.200000E+00	-5.062000E+00	6.300000E-01
3.220000E+00	-5.185000E+00	7.140000E-01
3.240000E+00	-5.316000E+00	8.150000E-01
3.260000E+00	-5.452000E+00	9.450000E-01
3.280000E+00	-5.585000E+00	1.110000E+00
3.300000E+00	-5.709000E+00	1.321000E+00
3.320000E+00	-5.799000E+00	1.577000E+00
3.340000E+00	-5.829000E+00	1.870000E+00
3.360000E+00	-5.796000E+00	2.169000E+00
3.380000E+00	-5.695000E+00	2.456000E+00
3.400000E+00	-5.522000E+00	2.705000E+00
3.420000E+00	-5.308000E+00	2.881000E+00
3.440000E+00	-5.089000E+00	2.982000E+00
3.460000E+00	-4.894000E+00	3.023000E+00
3.480000E+00	-4.733000E+00	3.026000E+00
3.500000E+00	-4.610000E+00	3.014000E+00
3.520000E+00	-4.515000E+00	2.999000E+00
3.540000E+00	-4.442000E+00	2.989000E+00
3.560000E+00	-4.383000E+00	2.984000E+00
3.580000E+00	-4.336000E+00	2.983000E+00
3.600000E+00	-4.296000E+00	2.987000E+00
3.620000E+00	-4.261000E+00	2.995000E+00
3.640000E+00	-4.231000E+00	3.007000E+00
3.660000E+00	-4.204000E+00	3.021000E+00
3.680000E+00	-4.179000E+00	3.039000E+00
3.700000E+00	-4.156000E+00	3.058000E+00
3.720000E+00	-4.134000E+00	3.079000E+00
3.740000E+00	-4.115000E+00	3.103000E+00
3.760000E+00	-4.095000E+00	3.128000E+00
3.780000E+00	-4.079000E+00	3.154000E+00
3.800000E+00	-4.065000E+00	3.182000E+00
3.820000E+00	-4.052000E+00	3.211000E+00
3.840000E+00	-4.040000E+00	3.242000E+00
3.860000E+00	-4.029000E+00	3.275000E+00
3.880000E+00	-4.021000E+00	3.310000E+00
3.900000E+00	-4.016000E+00	3.346000E+00
3.920000E+00	-4.012000E+00	3.386000E+00
3.940000E+00	-4.009000E+00	3.429000E+00
3.960000E+00	-4.010000E+00	3.477000E+00
3.980000E+00	-4.009000E+00	3.529000E+00
4.000000E+00	-4.010000E+00	3.587000E+00
4.020000E+00	-4.015000E+00	3.650000E+00
4.040000E+00	-4.018000E+00	3.720000E+00
4.060000E+00	-4.020000E+00	3.798000E+00
4.080000E+00	-4.021000E+00	3.885000E+00
4.100000E+00	-4.020000E+00	3.979000E+00
4.120000E+00	-4.012000E+00	4.086000E+00
4.140000E+00	-3.999000E+00	4.204000E+00
4.160000E+00	-3.977000E+00	4.335000E+00
4.180000E+00	-3.941000E+00	4.480000E+00
4.200000E+00	-3.888000E+00	4.639000E+00
4.220000E+00	-3.805000E+00	4.812000E+00
4.240000E+00	-3.686000E+00	4.989000E+00
4.260000E+00	-3.525000E+00	5.158000E+00
4.280000E+00	-3.318000E+00	5.301000E+00
4.300000E+00	-3.086000E+00	5.395000E+00
4.320000E+00	-2.849000E+00	5.439000E+00
4.340000E+00	-2.634000E+00	5.435000E+00
4.360000E+00	-2.444000E+00	5.414000E+00
4.380000E+00	-2.277000E+00	5.381000E+00
4.400000E+00	-2.120000E+00	5.344000E+00
4.420000E+00	-1.974000E+00	5.304000E+00
4.440000E+00	-1.833000E+00	5.257000E+00
4.460000E+00	-1.700000E+00	5.206000E+00
4.480000E+00	-1.572000E+00	5.148000E+00
4.500000E+00	-1.451000E+00	5.082000E+00
4.520000E+00	-1.339000E+00	5.011000E+00
4.540000E+00	-1.234000E+00	4.933000E+00
4.560000E+00	-1.140000E+00	4.849000E+00
4.580000E+00	-1.059000E+00	4.764000E+00
4.600000E+00	-9.880000E-01	4.678000E+00
4.620000E+00	-9.270000E-01	4.590000E+00
4.640000E+00	-8.740000E-01	4.506000E+00
4.660000E+00	-8.310000E-01	4.426000E+00
4.680000E+00	-7.940000E-01	4.350000E+00
4.700000E+00	-7.640000E-01	4.278000E+00
4.720000E+00	-7.370000E-01	4.211000E+00
4.740000E+00	-7.130000E-01	4.149000E+00
4.760000E+00	-6.920000E-01	4.088000E+00
4.780000E+00	-6.730000E-01	4.031000E+00
4.800000E+00	-6.580000E-01	3.979000E+00
4.820000E+00	-6.430000E-01	3.928000E+00
4.840000E+00	-6.290000E-01	3.880000E+00
4.860000E+00	-6.180000E-01	3.835000E+00
4.880000E+00	-6.080000E-01	3.789000E+00
4.900000E+00	-5.970000E-01	3.749000E+00
4.920000E+00	-5.910000E-01	3.709000E+00
4.940000E+00	-5.840000E-01	3.670000E+00
4.960000E+00	-5.800000E-01	3.632000E+00
4.980000E+00	-5.750000E-01	3.598000E+00
5.000000E+00	-5.700000E-01	3.565000E+00
5.020000E+00	-5.690000E-01	3.533000E+00
5.040000E+00	-5.680000E-01	3.504000E+00
5.060000E+00	-5.690000E-01	3.477000E+00
5.080000E+00	-5.700000E-01	3.451000E+00
5.100000E+00	-5.710000E-01	3.429000E+00
5.120000E+00	-5.413077E-01	3.608000E+00
5.140000E+00	-5.291209E-01	3.591236E+00
5.160000E+00	-5.169341E-01	3.574473E+00
5.180000E+00	-5.047473E-01	3.557709E+00
5.200000E+00	-4.925604E-01	3.540945E+00
5.220000E+00	-4.803736E-01	3.524181E+00
5.240000E+00	-4.681868E-01	3.507418E+00
5.260000E+00	-4.560000E-01	3.490654E+00
5.280000E+00	-4.438132E-01	3.473890E+00
5.300000E+00	-4.316264E-01	3.457126E+00
5.320000E+00	-4.194396E-01	3.440363E+00
5.340000E+00	-4.072527E-01	3.423599E+00
5.360000E+00	-3.950659E-01	3.406835E+00
5.380000E+00	-3.828791E-01	3.390071E+00
5.400000E+00	-3.706923E-01	3.373308E+00
5.420000E+00	-3.585055E-01	3.356544E+00
5.440000E+00	-3.463187E-01	3.339780E+00
5.460000E+00	-3.341319E-01	3.323016E+00
5.480000E+00	-3.219451E-01	3.306253E+00
5.500000E+00	-3.097582E-01	3.289489E+00
5.520000E+00	-2.975714E-01	3.272725E+00
5.540000E+00	-2.853846E-01	3.255962E+00
5.560000E+00	-2.800000E-01	3.245000E+00
5.580000E+00	-2.650000E-01	3.228000E+00
5.600000E+00	-2.470000E-01	3.206000E+00
5.620000E+00	-2.350000E-01	3.190000E+00
5.640000E+00	-2.220000E-01	3.169000E+00
5.660000E+00	-2.110000E-01	3.150000E+00
5.680000E+00	-1.950000E-01	3.135000E+00
5.700000E+00	-1.800000E-01	3.112000E+00
5.720000E+00	-1.750000E-01	3.102000E+00
5.740000E+00	-1.640000E-01	3.086000E+00
5.760000E+00	-1.550000E-01	3.073000E+00
5.780000E+00	-1.390000E-01	3.061000E+00
5.800000E+00	-1.330000E-01	3.045000E+00
5.820000E+00	-1.190000E-01	3.025000E+00
5.840000E+00	-1.090000E-01	3.015000E+00
5.860000E+00	-1.020000E-01	3.005000E+00
5.880000E+00	-8.800000E-02	2.987000E+00
5.900000E+00	-8.300000E-02	2.982000E+00
5.920000E+00	-7.000000E-02	2.963000E+00
5.940000E+00	-6.600000E-02	2.937000E+00
5.960000E+00	-4.600000E-02	2.944000E+00
5.980000E+00	-3.600000E-02	2.928000E+00
6.000000E+00	-1.000000E-02	2.909000E+00
6.250000E+00	3.200000E-02	2.890000E+00
6.500000E+00	1.530000E-01	2.730000E+00
6.750000E+00	2.440000E-01	2.580000E+00
7.000000E+00	3.180000E-01	2.450000E+00
7.250000E+00	3.820000E-01	2.320000E+00
7.500000E+00	4.370000E-01	2.210000E+00
7.750000E+00	4.830000E-01	2.100000E+00
8.000000E+00	5.220000E-01	2.000000E+00
8.250000E+00	5.560000E-01	1.900000E+00
8.500000E+00	5.860000E-01	1.820000E+00
8.750000E+00	6.110000E-01	1.730000E+00
9.000000E+00	6.330000E-01	1.660000E+00
9.250000E+00	6.520000E-01	1.580000E+00
9.500000E+00	6.680000E-01	1.510000E+00
9.750000E+00	6.820000E-01	1.450000E+00
1.000000E+01	6.940000E-01	1.380000E+00
1.025000E+01	7.050000E-01	1.320000E+00
1.050000E+01	7.140000E-01	1.260000E+00
1.075000E+01	7.220000E-01	1.210000E+00
1.100000E+01	7.280000E-01	1.160000E+00
1.125000E+01	7.330000E-01	1.110000E+00
1.150000E+01	7.370000E-01	1.060000E+00
1.175000E+01	7.410000E-01	1.010000E+00
1.200000E+01	7.430000E-01	9.630000E-01
1.225000E+01	7.440000E-01	9.180000E-01
1.250000E+01	7.450000E-01	8.750000E-01
1.275000E+01	7.440000E-01	8.330000E-01
1.300000E+01	7.420000E-01	7.920000E-01
1.325000E+01	7.390000E-01	7.520000E-01
1.350000E+01	7.350000E-01	7.140000E-01
1.375000E+01	7.310000E-01	6.770000E-01
1.400000E+01	7.250000E-01	6.410000E-01
1.425000E+01	7.190000E-01	6.070000E-01
1.450000E+01	7.120000E-01	5.730000E-01
1.475000E+01	7.040000E-01	5.410000E-01
1.500000E+01	6.960000E-01	5.100000E-01
1.525000E+01	6.870000E-01	4.790000E-01
1.550000E+01	6.770000E-01	4.500000E-01
1.575000E+01	6.670000E-01	4.210000E-01
1.600000E+01	6.550000E-01	3.940000E-01
1.625000E+01	6.430000E-01	3.670000E-01
1.650000E+01	6.310000E-01	3.420000E-01
1.660000E+01	6.260000E-01	3.330000E-01
1.670000E+01	6.210000E-01	3.230000E-01
1.680000E+01	6.140000E-01	3.140000E-01
1.700000E+01	6.030000E-01	2.960000E-01
1.725000E+01	5.890000E-01	2.750000E-01
1.750000E+01	5.740000E-01	2.550000E-01
1.775000E+01	5.600000E-01	2.370000E-01
1.800000E+01	5.450000E-01	2.190000E-01
1.850000E+01	5.150000E-01	1.890000E-01
1.900000E+01	4.860000E-01	1.630000E-01
2.033000E+01	4.100000E-01	7.400000E-02
2.066000E+01	3.900000E-01	6.500000E-02
2.101000E+01	3.730000E-01	5.800000E-02
2.138000E+01	3.560000E-01	5.100000E-02
2.175000E+01	3.410000E-01	4.550000E-02
2.214000E+01	3.250000E-01	4.050000E-02
2.254000E+01	3.090000E-01	3.650000E-02
2.296000E+01	2.940000E-01	3.250000E-02
2.339000E+01	2.780000E-01	2.920000E-02
2.384000E+01	2.630000E-01	2.640000E-02
2.431000E+01	2.480000E-01	2.430000E-02
2.480000E+01	2.340000E-01	2.230000E-02
2.530000E+01	2.220000E-01	2.050000E-02
2.583000E+01	2.080000E-01	1.920000E-02
2.638000E+01	1.970000E-01	1.780000E-02
2.695000E+01	1.860000E-01	1.680000E-02
2.755000E+01	1.760000E-01	1.580000E-02
2.818000E+01	1.660000E-01	1.520000E-02
2.883000E+01	1.570000E-01	1.470000E-02
2.930000E+01	1.533550E-01	1.485332E-02
2.977390E+01	1.480752E-01	1.448624E-02
3.025550E+01	1.424192E-01	1.407031E-02
3.074490E+01	1.370015E-01	1.366630E-02
3.124210E+01	1.317783E-01	1.327399E-02
3.174750E+01	1.267590E-01	1.292013E-02
3.226090E+01	1.219584E-01	1.264151E-02
3.278270E+01	1.173854E-01	1.236888E-02
3.331300E+01	1.130103E-01	1.210205E-02
3.385180E+01	1.088191E-01	1.184106E-02
3.439930E+01	1.047997E-01	1.158569E-02
3.495570E+01	1.009426E-01	1.133582E-02
3.552110E+01	9.723874E-02	1.109133E-02
3.609560E+01	9.368163E-02	1.085213E-02
3.667940E+01	9.026345E-02	1.061808E-02
3.727270E+01	8.697811E-02	1.038905E-02
3.787550E+01	8.382126E-02	1.016502E-02
3.848820E+01	8.078757E-02	9.945732E-03
3.911070E+01	7.787968E-02	9.731244E-03
3.974320E+01	7.510109E-02	9.497390E-03
4.038610E+01	7.241210E-02	9.231167E-03
4.103930E+01	6.978732E-02	8.972453E-03
4.170310E+01	6.724925E-02	8.720958E-03
4.237760E+01	6.479433E-02	8.476528E-03
4.306300E+01	6.242036E-02	8.238955E-03
4.375950E+01	6.012448E-02	8.008035E-03
4.446730E+01	5.790464E-02	7.783576E-03
4.518650E+01	5.575842E-02	7.565425E-03
4.591740E+01	5.368560E-02	7.353366E-03
4.666000E+01	5.168125E-02	7.137907E-03
4.741470E+01	4.973689E-02	6.924468E-03
4.818160E+01	4.784793E-02	6.717407E-03
4.896090E+01	4.601618E-02	6.516535E-03
4.975280E+01	4.423920E-02	6.321679E-03
5.055760E+01	4.251426E-02	6.132609E-03
5.137530E+01	4.083998E-02	5.949243E-03
5.220620E+01	3.920344E-02	5.771360E-03
5.305060E+01	3.760924E-02	5.608741E-03
5.390870E+01	3.606959E-02	5.474806E-03
5.478060E+01	3.458680E-02	5.344096E-03
5.566670E+01	3.315189E-02	5.216475E-03
5.656700E+01	3.176090E-02	5.091931E-03
5.748200E+01	3.040985E-02	4.970340E-03
5.841170E+01	2.908995E-02	4.851670E-03
5.935640E+01	2.778353E-02	4.735837E-03
6.031650E+01	2.652368E-02	4.685705E-03
6.129210E+01	2.533131E-02	4.643711E-03
6.228340E+01	2.419390E-02	4.602115E-03
6.329080E+01	2.310594E-02	4.560878E-03
6.431450E+01	2.206814E-02	4.520012E-03
6.535470E+01	2.110159E-02	4.474533E-03
6.641180E+01	2.015271E-02	4.365059E-03
6.748590E+01	1.921517E-02	4.258284E-03
6.857750E+01	1.830518E-02	4.154105E-03
6.968670E+01	1.743801E-02	4.052477E-03
7.081380E+01	1.661876E-02	3.892996E-03
7.195910E+01	1.576365E-02	3.678022E-03
7.312300E+01	1.488602E-02	3.474926E-03
7.430570E+01	1.402173E-02	3.283037E-03
7.550760E+01	1.317735E-02	3.049281E-03
7.672890E+01	1.227187E-02	2.792917E-03
7.796990E+01	1.130599E-02	2.558109E-03
7.923100E+01	1.030892E-02	2.344771E-03
8.051250E+01	9.293631E-03	2.245527E-03
8.181470E+01	8.317577E-03	2.150481E-03
8.313800E+01	7.343614E-03	2.059461E-03
8.448270E+01	6.330750E-03	1.975269E-03
8.584910E+01	5.309394E-03	1.943834E-03
8.723770E+01	4.297204E-03	1.912889E-03
8.864870E+01	3.249930E-03	1.882445E-03
9.008250E+01	2.147340E-03	1.852484E-03
9.153950E+01	9.562818E-04	1.828790E-03
9.302010E+01	-3.571635E-04	1.817222E-03
9.452460E+01	-1.865424E-03	1.805727E-03
9.605350E+01	-3.740562E-03	1.794301E-03
9.760710E+01	-6.434584E-03	1.782949E-03
9.918580E+01	-1.249560E-02	1.771668E-03
9.970000E+01	-2.141405E-02	1.768049E-03
9.990000E+01	-2.090987E-02	1.590108E-02
1.007900E+02	-8.456407E-03	1.480941E-02
1.024200E+02	-4.630058E-03	1.302164E-02
1.040770E+02	-5.058189E-03	1.168055E-02
1.057600E+02	-5.739666E-03	1.252483E-02
1.074710E+02	-5.707884E-03	1.371291E-02
1.092090E+02	-5.542642E-03	1.440759E-02
1.109750E+02	-5.336037E-03	1.523910E-02
1.127700E+02	-5.002035E-03	1.602064E-02
1.145940E+02	-4.965584E-03	1.670278E-02
1.164480E+02	-4.537351E-03	1.816975E-02
1.183310E+02	-3.188883E-03	1.928580E-02
1.202450E+02	-1.729969E-03	1.953963E-02
1.221900E+02	-6.409765E-04	1.968546E-02
1.241660E+02	3.869389E-04	1.949234E-02
1.261750E+02	1.137256E-03	1.927846E-02
1.282150E+02	1.764124E-03	1.918286E-02
1.302890E+02	2.494913E-03	1.924460E-02
1.323970E+02	3.751925E-03	1.915823E-02
1.345380E+02	5.105791E-03	1.826458E-02
1.367140E+02	5.389584E-03	1.686118E-02
1.389250E+02	5.243704E-03	1.620060E-02
1.411720E+02	5.145992E-03	1.587752E-02
1.434560E+02	5.233461E-03	1.547464E-02
1.457760E+02	5.328523E-03	1.541398E-02
1.481340E+02	5.659149E-03	1.519911E-02
1.505300E+02	5.789056E-03	1.481611E-02
1.529640E+02	6.155818E-03	1.480702E-02
1.554390E+02	6.415094E-03	1.373775E-02
1.579530E+02	6.098357E-03	1.361680E-02
1.605070E+02	6.122504E-03	1.361326E-02
1.631030E+02	6.495846E-03	1.370436E-02
1.657420E+02	6.945053E-03	1.351654E-02
1.684220E+02	7.589713E-03	1.327291E-02
1.711460E+02	8.287702E-03	1.269690E-02
1.739150E+02	8.653720E-03	1.164923E-02
1.767270E+02	8.525055E-03	1.069301E-02
1.795860E+02	8.205531E-03	1.008964E-02
1.824910E+02	8.019231E-03	9.754389E-03
1.854420E+02	7.937747E-03	9.369869E-03
1.884420E+02	7.849534E-03	8.999794E-03
1.914890E+02	7.760150E-03	8.633499E-03
1.945870E+02	7.665812E-03	8.281969E-03
1.977340E+02	7.565160E-03	7.944837E-03
2.009320E+02	7.458334E-03	7.621422E-03
2.041820E+02	7.342817E-03	7.318751E-03
2.074850E+02	7.233608E-03	7.035800E-03
2.108400E+02	7.127750E-03	6.763877E-03
2.142510E+02	7.024868E-03	6.502358E-03
2.177160E+02	6.926702E-03	6.251014E-03
2.212370E+02	6.839007E-03	6.008851E-03
2.248160E+02	6.747828E-03	5.742554E-03
2.284520E+02	6.643833E-03	5.488105E-03
2.321470E+02	6.530079E-03	5.244923E-03
2.359020E+02	6.412971E-03	5.012503E-03
2.397170E+02	6.293910E-03	4.790419E-03
2.435950E+02	6.174165E-03	4.578114E-03
2.475350E+02	6.056810E-03	4.375254E-03
2.515380E+02	5.938621E-03	4.173578E-03
2.556070E+02	5.817476E-03	3.978275E-03
2.597410E+02	5.692327E-03	3.792135E-03
2.639420E+02	5.566457E-03	3.614699E-03
2.682110E+02	5.440512E-03	3.445568E-03
2.725490E+02	5.314885E-03	3.284345E-03
2.769570E+02	5.190112E-03	3.130677E-03
2.814370E+02	5.066458E-03	2.984180E-03
2.859890E+02	4.944275E-03	2.844547E-03
2.906150E+02	4.823806E-03	2.711440E-03
2.953150E+02	4.706278E-03	2.584577E-03
3.000920E+02	4.590683E-03	2.462015E-03
3.049450E+02	4.476102E-03	2.343111E-03
3.098780E+02	4.361985E-03	2.229928E-03
3.148900E+02	4.249313E-03	2.122225E-03
3.199830E+02	4.138366E-03	2.019720E-03
3.251580E+02	4.029351E-03	1.922173E-03
3.304180E+02	3.922369E-03	1.829323E-03
3.357620E+02	3.817539E-03	1.740967E-03
3.411920E+02	3.715044E-03	1.656886E-03
3.467110E+02	3.614875E-03	1.576852E-03
3.523190E+02	3.517194E-03	1.500687E-03
3.580170E+02	3.422602E-03	1.428209E-03
3.638080E+02	3.331293E-03	1.359225E-03
3.696920E+02	3.244039E-03	1.289410E-03
3.756720E+02	3.155250E-03	1.221048E-03
3.817480E+02	3.066954E-03	1.156315E-03
3.879220E+02	2.979880E-03	1.095016E-03
3.941970E+02	2.894298E-03	1.036961E-03
4.005730E+02	2.810406E-03	9.819851E-04
4.070520E+02	2.728325E-03	9.299242E-04
4.136350E+02	2.648092E-03	8.806266E-04
4.203260E+02	2.569739E-03	8.339359E-04
4.271240E+02	2.493311E-03	7.897265E-04
4.340320E+02	2.418836E-03	7.478596E-04
4.410520E+02	2.346292E-03	7.082114E-04
4.481860E+02	2.275673E-03	6.706649E-04
4.554350E+02	2.207228E-03	6.351085E-04
4.628020E+02	2.140765E-03	6.013698E-04
4.702870E+02	2.076107E-03	5.684478E-04
4.778940E+02	2.012726E-03	5.373261E-04
4.856230E+02	1.950921E-03	5.079106E-04
4.934780E+02	1.890707E-03	4.801022E-04
5.014590E+02	1.832126E-03	4.538196E-04
5.095700E+02	1.775154E-03	4.289739E-04
5.178120E+02	1.719787E-03	4.054893E-04
5.261870E+02	1.665999E-03	3.832895E-04
5.346980E+02	1.613782E-03	3.623059E-04
5.433460E+02	1.563089E-03	3.424705E-04
5.521340E+02	1.513908E-03	3.237218E-04
5.610650E+02	1.466205E-03	3.059975E-04
5.701390E+02	1.419958E-03	2.892462E-04
5.793610E+02	1.375339E-03	2.734107E-04
5.887320E+02	1.332093E-03	2.581450E-04
5.982540E+02	1.289959E-03	2.434182E-04
6.079300E+02	1.248897E-03	2.295310E-04
6.177630E+02	1.208978E-03	2.164357E-04
6.277550E+02	1.170220E-03	2.040881E-04
6.379080E+02	1.132598E-03	1.924454E-04
6.482260E+02	1.096091E-03	1.814660E-04
6.587110E+02	1.060681E-03	1.711127E-04
6.693650E+02	1.026332E-03	1.613503E-04
6.801910E+02	9.930055E-04	1.521457E-04
6.911930E+02	9.606356E-04	1.434656E-04
7.023720E+02	9.291968E-04	1.354729E-04
7.137330E+02	8.988704E-04	1.280862E-04
7.252770E+02	8.696264E-04	1.211026E-04
7.370080E+02	8.413703E-04	1.145001E-04
7.489280E+02	8.140516E-04	1.082573E-04
7.610420E+02	7.876406E-04	1.023550E-04
7.733510E+02	7.620992E-04	9.677413E-05
7.858590E+02	7.374302E-04	9.149837E-05
7.985700E+02	7.136877E-04	8.647320E-05
8.114860E+02	6.906529E-04	8.151006E-05
8.246110E+02	6.682191E-04	7.683238E-05
8.379490E+02	6.464732E-04	7.242269E-05
8.515020E+02	6.254116E-04	6.826632E-05
8.652740E+02	6.050128E-04	6.434811E-05
8.792690E+02	5.852651E-04	6.065515E-05
8.934910E+02	5.662251E-04	5.717388E-05
9.079430E+02	5.478040E-04	5.379269E-05
9.226280E+02	5.298855E-04	5.051349E-05
9.375510E+02	5.124695E-04	4.743434E-05
9.527150E+02	4.955800E-04	4.454296E-05
9.681240E+02	4.792023E-04	4.182808E-05
9.837830E+02	4.633320E-04	3.927827E-05
9.996950E+02	4.479553E-04	3.688296E-05
1.015860E+03	4.330615E-04	3.463144E-05
1.032290E+03	4.186264E-04	3.251742E-05
1.048990E+03	4.046396E-04	3.053183E-05
1.065960E+03	3.910856E-04	2.866765E-05
1.083200E+03	3.779373E-04	2.691751E-05
1.100720E+03	3.651547E-04	2.532405E-05
1.118520E+03	3.528405E-04	2.388523E-05
1.136610E+03	3.409573E-04	2.252655E-05
1.155000E+03	3.294633E-04	2.124497E-05
1.173680E+03	3.183443E-04	2.003674E-05
1.192660E+03	3.075881E-04	1.889668E-05
1.211950E+03	2.971711E-04	1.782032E-05
1.231550E+03	2.870857E-04	1.680394E-05
1.251470E+03	2.773155E-04	1.584547E-05
1.271720E+03	2.678472E-04	1.494156E-05
1.292290E+03	2.586745E-04	1.408941E-05
1.313190E+03	2.497852E-04	1.328279E-05
1.334430E+03	2.411618E-04	1.252177E-05
1.356010E+03	2.327978E-04	1.180396E-05
1.377940E+03	2.246776E-04	1.112733E-05
1.400230E+03	2.167926E-04	1.048869E-05
1.422880E+03	2.091290E-04	9.885532E-06
1.445890E+03	2.016756E-04	9.316583E-06
1.469280E+03	1.944201E-04	8.780218E-06
1.493040E+03	1.873528E-04	8.274838E-06
1.517190E+03	1.804528E-04	7.789372E-06
1.541730E+03	1.737005E-04	7.330742E-06
1.566670E+03	1.670747E-04	6.898336E-06
1.592010E+03	1.605549E-04	6.491546E-06
1.617760E+03	1.541132E-04	6.108726E-06
1.643920E+03	1.477077E-04	5.748450E-06
1.670510E+03	1.412817E-04	5.409392E-06
1.697530E+03	1.347496E-04	5.090356E-06
1.724990E+03	1.279668E-04	4.790146E-06
1.752890E+03	1.206647E-04	4.502587E-06
1.781240E+03	1.122201E-04	4.230634E-06
1.810050E+03	1.006056E-04	3.973863E-06
1.838800E+03	2.887087E-05	3.736846E-06
1.839000E+03	2.888170E-05	4.234011E-05
1.839320E+03	4.663403E-05	4.231500E-05
1.869070E+03	9.686832E-05	4.007357E-05
1.899300E+03	1.023938E-04	3.795095E-05
1.930020E+03	1.041819E-04	3.593995E-05
1.961240E+03	1.044088E-04	3.403520E-05
1.992960E+03	1.037817E-04	3.223156E-05
2.025200E+03	1.026594E-04	3.054253E-05
2.057950E+03	1.011958E-04	2.890210E-05
2.091240E+03	9.948023E-05	2.734312E-05
2.125060E+03	9.759823E-05	2.586300E-05
2.159430E+03	9.559824E-05	2.445744E-05
2.194360E+03	9.351673E-05	2.312357E-05
2.229850E+03	9.138240E-05	2.185853E-05
2.265920E+03	8.921400E-05	2.065853E-05
2.302570E+03	8.702997E-05	1.952162E-05
2.339810E+03	8.484163E-05	1.844332E-05
2.377660E+03	8.265788E-05	1.742097E-05
2.416110E+03	8.048931E-05	1.645353E-05
2.455190E+03	7.833990E-05	1.553673E-05
2.494900E+03	7.621511E-05	1.466904E-05
2.535260E+03	7.412023E-05	1.384765E-05
2.576260E+03	7.205901E-05	1.307059E-05
2.617930E+03	7.003309E-05	1.233497E-05
2.660270E+03	6.804400E-05	1.163899E-05
2.703300E+03	6.609441E-05	1.098136E-05
2.747030E+03	6.418531E-05	1.035888E-05
2.791460E+03	6.231706E-05	9.770478E-06
2.836610E+03	6.049160E-05	9.215063E-06
2.882490E+03	5.870852E-05	8.689545E-06
2.929110E+03	5.696778E-05	8.192937E-06
2.976480E+03	5.526964E-05	7.724143E-06
3.024630E+03	5.361392E-05	7.281312E-06
3.073550E+03	5.200067E-05	6.863054E-06
3.123260E+03	5.042952E-05	6.468123E-06
3.173780E+03	4.889975E-05	6.095235E-06
3.225110E+03	4.741121E-05	5.743348E-06
3.277270E+03	4.596280E-05	5.411231E-06
3.330280E+03	4.455438E-05	5.097759E-06
3.384150E+03	4.318480E-05	4.801991E-06
3.438880E+03	4.185408E-05	4.522995E-06
3.494500E+03	4.056111E-05	4.259866E-06
3.551020E+03	3.930478E-05	4.011603E-06
3.608460E+03	3.808459E-05	3.777510E-06
3.666820E+03	3.690014E-05	3.556807E-06
3.726130E+03	3.575016E-05	3.348747E-06
3.786400E+03	3.463409E-05	3.152561E-06
3.847640E+03	3.355084E-05	2.967622E-06
3.909870E+03	3.249990E-05	2.793337E-06
3.973110E+03	3.148052E-05	2.629104E-06
4.037380E+03	3.049152E-05	2.474330E-06
4.102680E+03	2.953250E-05	2.328480E-06
4.169030E+03	2.860254E-05	2.191105E-06
4.236460E+03	2.770081E-05	2.061709E-06
4.304980E+03	2.682677E-05	1.939787E-06
4.374620E+03	2.597909E-05	1.824940E-06
4.445370E+03	2.515787E-05	1.716816E-06
4.517270E+03	2.436169E-05	1.615000E-06
4.590330E+03	2.359025E-05	1.519093E-06
4.664580E+03	2.284253E-05	1.428813E-06
4.740030E+03	2.211805E-05	1.343802E-06
4.816690E+03	2.141635E-05	1.263803E-06
4.894600E+03	2.073625E-05	1.188497E-06
4.973770E+03	2.007746E-05	1.117588E-06
5.054210E+03	1.943942E-05	1.050890E-06
5.135960E+03	1.882133E-05	9.880703E-07
5.219030E+03	1.822265E-05	9.289656E-07
5.303440E+03	1.764279E-05	8.733873E-07
5.389220E+03	1.708123E-05	8.210615E-07
5.476390E+03	1.653730E-05	7.718349E-07
5.564970E+03	1.601058E-05	7.255381E-07
5.654980E+03	1.550054E-05	6.819609E-07
5.746440E+03	1.500668E-05	6.409832E-07
5.839390E+03	1.452839E-05	6.024467E-07
5.933830E+03	1.406541E-05	5.662093E-07
6.029810E+03	1.361703E-05	5.320971E-07
6.127330E+03	1.318290E-05	5.000383E-07
6.226440E+03	1.276257E-05	4.698830E-07
6.327150E+03	1.235564E-05	4.415377E-07
6.429480E+03	1.196164E-05	4.148459E-07
6.533480E+03	1.158023E-05	3.897997E-07
6.639150E+03	1.121094E-05	3.662239E-07
6.746540E+03	1.085347E-05	3.440584E-07
6.855650E+03	1.050745E-05	3.232281E-07
6.966540E+03	1.017241E-05	3.036465E-07
7.079220E+03	9.848137E-06	2.852381E-07
7.193720E+03	9.534204E-06	2.679340E-07
7.310070E+03	9.230348E-06	2.516724E-07
7.428310E+03	8.936154E-06	2.363849E-07
7.548450E+03	8.651487E-06	2.220201E-07
7.670540E+03	8.375871E-06	2.085213E-07
7.794610E+03	8.109138E-06	1.958354E-07
7.920680E+03	7.851022E-06	1.839123E-07
8.048790E+03	7.601173E-06	1.727106E-07
8.178980E+03	7.359363E-06	1.621825E-07
8.311260E+03	7.125372E-06	1.522933E-07
8.445690E+03	6.898948E-06	1.430032E-07
8.582290E+03	6.679912E-06	1.342716E-07
8.721110E+03	6.467996E-06	1.260686E-07
8.862160E+03	6.263088E-06	1.183646E-07
9.005500E+03	6.064999E-06	1.111267E-07
9.151160E+03	5.873666E-06	1.043277E-07
9.299170E+03	5.689094E-06	9.794026E-08
9.449580E+03	5.511588E-06	9.194196E-08
9.602420E+03	5.342648E-06	8.630670E-08
9.757730E+03	5.191472E-06	8.101492E-08
9.915550E+03	5.012569E-06	7.604455E-08
1.007590E+04	4.834857E-06	7.137718E-08
1.023890E+04	4.677478E-06	6.699304E-08
1.040450E+04	4.524996E-06	6.287650E-08
1.057280E+04	4.378169E-06	5.901083E-08
1.074380E+04	4.236629E-06	5.538086E-08
1.091760E+04	4.099983E-06	5.197184E-08
1.109420E+04	3.968030E-06	4.877143E-08
1.127360E+04	3.840578E-06	4.576651E-08
1.145590E+04	3.717377E-06	4.294550E-08
1.164120E+04	3.598247E-06	4.029656E-08
1.182950E+04	3.483031E-06	3.780949E-08
1.202080E+04	3.371648E-06	3.547486E-08
1.221530E+04	3.263816E-06	3.328264E-08
1.241280E+04	3.159597E-06	3.122556E-08
1.261360E+04	3.058718E-06	2.929391E-08
1.281760E+04	2.961144E-06	2.748102E-08
1.302500E+04	2.866680E-06	2.577880E-08
1.323560E+04	2.775333E-06	2.418165E-08
1.344970E+04	2.686897E-06	2.268238E-08
1.366720E+04	2.601339E-06	2.127546E-08
1.388830E+04	2.518494E-06	1.995471E-08
1.411290E+04	2.438348E-06	1.871522E-08
1.434120E+04	2.360764E-06	1.755204E-08
1.457310E+04	2.285693E-06	1.646057E-08
1.480890E+04	2.212981E-06	1.543608E-08
1.504840E+04	2.142644E-06	1.447492E-08
1.529180E+04	2.074536E-06	1.357297E-08
1.553910E+04	2.008631E-06	1.272670E-08
1.579040E+04	1.944833E-06	1.193265E-08
1.604580E+04	1.883067E-06	1.118759E-08
1.630540E+04	1.823246E-06	1.048845E-08
1.656910E+04	1.765372E-06	9.832654E-09
1.683710E+04	1.709328E-06	9.217365E-09
1.710940E+04	1.655094E-06	8.640192E-09
1.738610E+04	1.602581E-06	8.098738E-09
1.766740E+04	1.551712E-06	7.590711E-09
1.795310E+04	1.502504E-06	7.114290E-09
1.824350E+04	1.454844E-06	6.667344E-09
1.853860E+04	1.408705E-06	6.248136E-09
1.883840E+04	1.364041E-06	5.854985E-09
1.914310E+04	1.320794E-06	5.486220E-09
1.945270E+04	1.278932E-06	5.140385E-09
1.976740E+04	1.238384E-06	4.816004E-09
2.008710E+04	1.199134E-06	4.511715E-09
2.041200E+04	1.161132E-06	4.226607E-09
2.074210E+04	1.124348E-06	3.959423E-09
2.107760E+04	1.088723E-06	3.709001E-09
2.141850E+04	1.054230E-06	3.474337E-09
2.176500E+04	1.020828E-06	3.254384E-09
2.211700E+04	9.885018E-07	3.048310E-09
2.247470E+04	9.571982E-07	2.855195E-09
2.283820E+04	9.268847E-07	2.674225E-09
2.320760E+04	8.975296E-07	2.504647E-09
2.358300E+04	8.691085E-07	2.345751E-09
2.396440E+04	8.415985E-07	2.196879E-09
2.435200E+04	8.149513E-07	2.057387E-09
2.474590E+04	7.891515E-07	1.926686E-09
2.514620E+04	7.641721E-07	1.804228E-09
2.555290E+04	7.399878E-07	1.689513E-09
2.596620E+04	7.165677E-07	1.582034E-09
2.638610E+04	6.938932E-07	1.481356E-09
2.681290E+04	6.719355E-07	1.387027E-09
2.724660E+04	6.506728E-07	1.298664E-09
2.768730E+04	6.300837E-07	1.215893E-09
2.813510E+04	6.101516E-07	1.138358E-09
2.859020E+04	5.908476E-07	1.065729E-09
2.905260E+04	5.721568E-07	9.977080E-10
2.952250E+04	5.540723E-07	9.339893E-10
3.000000E+04	5.365326E-07	8.743143E-10
3.040000E+04	5.227485E-07	8.367211E-10
3.080000E+04	5.092261E-07	7.926366E-10
3.120000E+04	4.962244E-07	7.513972E-10
3.150000E+04	4.867932E-07	7.222026E-10
3.190000E+04	4.746347E-07	6.854364E-10
3.230000E+04	4.629287E-07	6.509651E-10
3.260000E+04	4.544283E-07	6.265165E-10
3.300000E+04	4.434533E-07	5.956632E-10
3.340000E+04	4.328737E-07	5.666273E-10
3.380000E+04	4.226677E-07	5.393245E-10
3.410000E+04	4.152486E-07	5.199153E-10
3.450000E+04	4.056552E-07	4.953645E-10
3.490000E+04	3.963929E-07	4.722373E-10
3.530000E+04	3.874438E-07	4.503984E-10
3.570000E+04	3.787940E-07	4.297899E-10
3.603000E+04	3.718737E-07	4.136617E-10
3.650000E+04	3.623403E-07	3.919680E-10
3.700000E+04	3.525958E-07	3.704161E-10
3.750000E+04	3.432413E-07	3.503148E-10
3.800000E+04	3.342513E-07	3.315488E-10
3.850000E+04	3.256119E-07	3.139842E-10
3.900000E+04	3.173028E-07	2.975587E-10
3.950000E+04	3.093074E-07	2.821858E-10
4.000000E+04	3.016102E-07	2.677872E-10
4.040000E+04	2.956588E-07	2.568932E-10
4.080000E+04	2.898817E-07	2.465446E-10
4.110000E+04	2.856592E-07	2.391212E-10
4.150000E+04	2.801710E-07	2.296481E-10
4.190000E+04	2.748394E-07	2.206367E-10
4.230000E+04	2.696565E-07	2.120581E-10
4.300000E+04	2.609354E-07	1.980198E-10
4.380000E+04	2.514798E-07	1.833566E-10
4.450000E+04	2.436198E-07	1.716166E-10
4.530000E+04	2.350794E-07	1.593078E-10
4.600000E+04	2.279695E-07	1.494100E-10
4.650000E+04	2.230869E-07	1.428039E-10
4.700000E+04	2.183609E-07	1.365558E-10
4.750000E+04	2.137819E-07	1.306430E-10
4.800000E+04	2.093454E-07	1.250442E-10
4.850000E+04	2.050468E-07	1.197400E-10
4.900000E+04	2.008792E-07	1.147118E-10
4.950000E+04	1.968359E-07	1.099425E-10
5.000000E+04	1.929148E-07	1.054167E-10
5.050000E+04	1.891095E-07	1.011099E-10
5.100000E+04	1.854157E-07	9.701885E-11
5.150000E+04	1.818303E-07	9.313100E-11
5.200000E+04	1.783465E-07	8.943439E-11
5.250000E+04	1.749619E-07	8.591778E-11
5.300000E+04	1.716726E-07	8.257091E-11
5.350000E+04	1.684752E-07	7.938399E-11
5.400000E+04	1.653673E-07	7.634799E-11
5.450000E+04	1.623435E-07	7.345221E-11
5.465000E+04	1.614524E-07	7.260993E-11
5.480000E+04	1.605698E-07	7.177966E-11
5.482000E+04	1.604526E-07	7.166976E-11
5.483500E+04	1.603648E-07	7.158749E-11
5.485000E+04	1.602771E-07	7.150541E-11
5.485500E+04	1.602479E-07	7.144430E-11
5.486000E+04	1.602187E-07	7.131672E-11
5.487000E+04	1.601592E-07	7.126224E-11
5.490000E+04	1.599842E-07	7.109913E-11
5.495000E+04	1.596932E-07	7.082813E-11
5.500000E+04	1.594030E-07	7.055856E-11
5.515000E+04	1.585359E-07	6.975729E-11
5.530000E+04	1.576759E-07	6.896726E-11
5.550000E+04	1.565415E-07	6.793090E-11
5.600000E+04	1.537553E-07	6.542232E-11
5.680000E+04	1.494504E-07	6.164012E-11
5.753000E+04	1.456786E-07	5.842046E-11
5.800000E+04	1.433251E-07	5.645741E-11
5.850000E+04	1.408836E-07	5.445800E-11
5.954000E+04	1.360010E-07	5.057263E-11
5.980000E+04	1.348200E-07	4.965542E-11
6.000000E+04	1.339217E-07	4.896386E-11
6.080000E+04	1.304178E-07	4.631025E-11
6.150000E+04	1.274641E-07	4.413292E-11
6.230000E+04	1.242089E-07	4.179758E-11
6.300000E+04	1.214623E-07	3.987837E-11
6.400000E+04	1.176929E-07	3.732213E-11
6.500000E+04	1.140969E-07	3.496555E-11
6.590000E+04	1.109994E-07	3.300026E-11
6.683000E+04	1.079293E-07	3.111111E-11
6.740000E+04	1.061100E-07	3.001924E-11
6.800000E+04	1.042449E-07	2.892058E-11
6.900000E+04	1.012431E-07	2.719797E-11
7.000000E+04	9.836897E-08	2.560051E-11
7.100000E+04	9.561616E-08	2.411537E-11
7.200000E+04	9.297727E-08	2.273545E-11
7.280000E+04	9.094374E-08	2.170132E-11
7.350000E+04	8.921845E-08	2.084376E-11
7.420000E+04	8.754240E-08	2.002781E-11
7.496000E+04	8.577504E-08	1.918609E-11
7.550000E+04	8.455184E-08	1.861461E-11
7.600000E+04	8.344238E-08	1.810406E-11
7.711000E+04	8.105620E-08	1.703125E-11
7.860000E+04	7.801053E-08	1.571183E-11
7.930000E+04	7.663828E-08	1.513574E-11
8.000000E+04	7.530244E-08	1.458561E-11
8.150000E+04	7.255504E-08	1.348683E-11
8.300000E+04	6.995527E-08	1.248869E-11
8.400000E+04	6.829860E-08	1.187378E-11
8.500000E+04	6.670055E-08	1.129585E-11
8.650000E+04	6.440592E-08	1.049272E-11
8.800000E+04	6.222808E-08	9.759078E-12
8.900000E+04	6.083669E-08	9.305066E-12
9.000000E+04	5.949185E-08	8.876875E-12
9.150000E+04	5.755646E-08	8.279135E-12
9.300000E+04	5.571398E-08	7.730402E-12
9.400000E+04	5.453449E-08	7.389479E-12
9.500000E+04	5.339205E-08	7.066923E-12
9.650000E+04	5.174436E-08	6.615104E-12
9.800000E+04	5.017211E-08	6.198470E-12
9.900000E+04	4.916330E-08	5.938688E-12
9.950000E+04	4.867009E-08	5.813852E-12
1.000000E+05	4.818461E-08	5.692209E-12
1.015000E+05	4.677062E-08	5.346112E-12
1.030000E+05	4.541764E-08	5.025666E-12
1.040000E+05	4.454810E-08	4.825161E-12
1.050000E+05	4.370361E-08	4.634501E-12
1.065000E+05	4.248058E-08	4.365609E-12
1.080000E+05	4.130847E-08	4.115787E-12
1.090000E+05	4.055370E-08	3.959008E-12
1.100000E+05	3.981943E-08	3.809586E-12
1.130000E+05	3.773265E-08	3.401268E-12
1.150000E+05	3.643136E-08	3.158904E-12
1.180000E+05	3.460197E-08	2.834812E-12
1.190000E+05	3.402263E-08	2.736000E-12
1.200000E+05	3.345794E-08	2.641437E-12
1.220000E+05	3.236972E-08	2.464136E-12
1.240000E+05	3.133374E-08	2.301332E-12
1.255000E+05	3.058898E-08	2.187911E-12
1.270000E+05	2.987046E-08	2.081322E-12
1.300000E+05	2.850753E-08	1.886807E-12
1.330000E+05	2.723559E-08	1.714702E-12
1.360000E+05	2.604708E-08	1.561633E-12
1.390000E+05	2.493470E-08	1.425187E-12
1.420000E+05	2.389208E-08	1.303377E-12
1.454000E+05	2.278745E-08	1.180609E-12
1.460000E+05	2.260054E-08	1.160454E-12
1.467000E+05	2.238537E-08	1.137478E-12
1.480000E+05	2.199384E-08	1.096284E-12
1.490000E+05	2.169946E-08	1.065850E-12
1.500000E+05	2.141109E-08	1.036455E-12
1.540000E+05	2.031313E-08	9.287533E-13
1.580000E+05	1.929750E-08	8.345881E-13
1.620000E+05	1.835617E-08	7.519787E-13
1.650000E+05	1.769474E-08	6.965983E-13
1.690000E+05	1.686691E-08	6.305920E-13
1.730000E+05	1.609584E-08	5.721720E-13
1.770000E+05	1.537645E-08	5.203179E-13
1.800000E+05	1.486818E-08	4.852135E-13
1.830000E+05	1.438459E-08	4.530484E-13
1.850000E+05	1.407525E-08	4.330680E-13
1.900000E+05	1.334410E-08	3.876984E-13
1.950000E+05	1.266847E-08	3.481013E-13
2.000000E+05	1.204279E-08	3.134021E-13
2.050000E+05	1.146250E-08	2.833531E-13
2.100000E+05	1.092309E-08	2.568075E-13
2.150000E+05	1.042095E-08	2.332886E-13
2.200000E+05	9.952580E-09	2.124687E-13
2.260000E+05	9.431139E-09	1.904820E-13
2.320000E+05	8.949565E-09	1.712790E-13
2.380000E+05	8.504015E-09	1.544495E-13
2.447000E+05	8.044645E-09	1.380292E-13
2.520000E+05	7.585263E-09	1.225434E-13
2.600000E+05	7.125659E-09	1.079780E-13
2.700000E+05	6.607559E-09	9.266987E-14
2.792000E+05	6.179278E-09	8.089238E-14
2.850000E+05	5.930288E-09	7.441196E-14
2.900000E+05	5.727558E-09	6.933674E-14
3.000000E+05	5.352085E-09	6.040675E-14
3.080000E+05	5.077629E-09	5.448475E-14
3.165000E+05	4.808559E-09	4.896925E-14
3.201000E+05	4.701009E-09	4.684504E-14
3.320000E+05	4.370017E-09	4.061411E-14
3.443000E+05	4.063359E-09	3.523105E-14
3.570000E+05	3.779400E-09	3.057863E-14
3.700000E+05	3.518461E-09	2.658973E-14
3.850000E+05	3.249636E-09	2.276458E-14
4.000000E+05	3.010483E-09	1.960566E-14
4.060000E+05	2.922161E-09	1.855079E-14
4.111000E+05	2.850087E-09	1.771019E-14
4.118000E+05	2.840406E-09	1.759863E-14
4.440000E+05	2.443358E-09	1.330545E-14
4.680500E+05	2.198713E-09	1.094624E-14
4.800000E+05	2.090598E-09	9.971344E-15
5.000000E+05	1.926682E-09	8.573655E-15
5.300000E+05	1.714740E-09	6.911390E-15
5.500000E+05	1.592299E-09	6.031837E-15
5.800000E+05	1.431838E-09	5.014844E-15
6.000000E+05	1.337973E-09	4.457258E-15
6.300000E+05	1.213573E-09	3.765013E-15
6.616000E+05	1.100413E-09	3.178621E-15
7.000000E+05	9.829938E-10	2.615040E-15
7.233000E+05	9.206826E-10	2.346215E-15
7.789000E+05	7.939323E-10	1.847955E-15
8.000000E+05	7.526046E-10	1.695996E-15
8.674000E+05	6.401887E-10	1.308247E-15
8.892000E+05	6.091832E-10	1.208086E-15
9.000000E+05	5.946506E-10	1.162193E-15
9.640000E+05	5.183101E-10	9.372161E-16
1.000000E+06	4.816635E-10	8.366253E-16
1.004800E+06	4.770726E-10	8.219954E-16
1.085800E+06	4.085489E-10	6.352807E-16
1.120500E+06	3.836366E-10	5.728487E-16
1.121100E+06	3.832261E-10	5.718356E-16
1.173200E+06	3.499449E-10	5.000085E-16
1.274500E+06	2.965269E-10	3.919094E-16
1.332500E+06	2.712747E-10	3.423581E-16
1.408000E+06	2.429620E-10	2.891086E-16
1.500000E+06	2.140727E-10	2.375980E-16
1.700000E+06	1.666656E-10	1.629281E-16
2.000000E+06	1.204159E-10	9.879692E-17
2.500000E+06	7.706616E-11	5.078881E-17
3.000000E+06	5.351817E-11	2.916649E-17
4.000000E+06	3.010397E-11	1.235394E-17
5.000000E+06	1.926654E-11	6.355379E-18
5.000910E+06	1.925953E-11	6.351951E-18
6.000000E+06	1.337954E-11	3.691247E-18
7.000000E+06	9.829868E-12	2.332664E-18
8.000000E+06	7.525992E-12	1.566948E-18
9.000000E+06	5.946463E-12	1.102879E-18
1.000000E+07	4.816635E-12	8.055061E-19
