7.439000E-02	-2.800000E+00	1.100000E-02
8.059000E-02	-3.090000E+00	1.800000E-02
8.679000E-02	-3.650000E+00	3.900000E-02
8.803000E-02	-3.830000E+00	4.700000E-02
8.927000E-02	-4.050000E+00	5.800000E-02
9.051000E-02	-4.320000E+00	7.400000E-02
9.175000E-02	-4.680000E+00	9.700000E-02
9.299000E-02	-5.160000E+00	1.360000E-01
9.423000E-02	-5.860000E+00	2.080000E-01
9.485000E-02	-6.350000E+00	2.680000E-01
9.547000E-02	-7.000000E+00	3.640000E-01
9.609000E-02	-7.910000E+00	5.310000E-01
9.671000E-02	-9.300000E+00	8.680000E-01
9.733000E-02	-1.170000E+01	1.760000E+00
9.795000E-02	-1.670000E+01	6.030000E+00
9.857000E-02	-7.740000E+00	1.840000E+01
9.919000E-02	-1.220000E+00	1.280000E+01
9.981000E-02	-5.000000E-02	9.930000E+00
1.004000E-01	3.610000E-01	8.270000E+00
1.010000E-01	5.570000E-01	7.180000E+00
1.017000E-01	6.680000E-01	6.380000E+00
1.023000E-01	7.380000E-01	5.770000E+00
1.029000E-01	7.850000E-01	5.270000E+00
1.041000E-01	8.440000E-01	4.510000E+00
1.054000E-01	8.780000E-01	3.930000E+00
1.066000E-01	9.001000E-01	3.470000E+00
1.079000E-01	9.150000E-01	3.080000E+00
1.091000E-01	9.254000E-01	2.750000E+00
1.103000E-01	9.328000E-01	2.450000E+00
1.116000E-01	9.379000E-01	2.180000E+00
1.128000E-01	9.413000E-01	1.930000E+00
1.141000E-01	9.431000E-01	1.690000E+00
1.153000E-01	9.431000E-01	1.450000E+00
1.165000E-01	9.407000E-01	1.210000E+00
1.178000E-01	9.337000E-01	9.500000E-01
1.190000E-01	9.128000E-01	6.300000E-01
1.203000E-01	7.260000E-01	1.800000E-01
1.215000E-01	3.370000E-01	6.700000E-02
1.227000E-01	1.120000E-01	4.500000E-02
1.240000E-01	-5.100000E-02	3.400000E-02
1.265000E-01	-2.860000E-01	1.400000E-02
2.480000E-01	-1.467000E+00	8.750000E-04
3.100000E-01	-1.516000E+00	6.370000E-04
4.959000E-01	-1.562000E+00	5.170000E-04
6.199000E-01	-1.572000E+00	3.980000E-04
2.500000E+00	-1.684000E+00	1.180000E-05
3.000000E+00	-1.750000E+00	4.440000E-05
3.000000E+00	-1.690000E+00	9.000000E-02
3.100000E+00	-1.765000E+00	1.910000E-04
3.200000E+00	-1.781000E+00	8.390000E-04
3.300000E+00	-1.799000E+00	1.380000E-03
3.400000E+00	-1.817000E+00	2.040000E-03
3.400000E+00	-1.760000E+00	1.190000E-01
3.500000E+00	-1.836000E+00	2.890000E-03
3.600000E+00	-1.856000E+00	3.750000E-03
3.700000E+00	-1.877000E+00	4.930000E-03
3.800000E+00	-1.899000E+00	5.980000E-03
3.900000E+00	-1.923000E+00	7.650000E-03
4.000000E+00	-1.850000E+00	1.740000E-01
4.500000E+00	-1.960000E+00	2.030000E-01
5.000000E+00	-2.160000E+00	2.590000E-01
5.200000E+00	-2.270000E+00	3.040000E-01
5.400000E+00	-2.390000E+00	3.670000E-01
5.600000E+00	-2.540000E+00	4.640000E-01
5.800000E+00	-2.680000E+00	6.090000E-01
6.000000E+00	-2.830000E+00	8.030000E-01
6.200000E+00	-2.960000E+00	1.060000E+00
6.400000E+00	-3.050000E+00	1.420000E+00
6.600000E+00	-2.970000E+00	1.880000E+00
6.800000E+00	-2.690000E+00	2.170000E+00
7.000000E+00	-2.510000E+00	2.380000E+00
7.150000E+00	-2.330000E+00	2.550000E+00
7.350000E+00	-2.040000E+00	2.740000E+00
7.500000E+00	-1.780000E+00	2.850000E+00
7.600000E+00	-1.590000E+00	2.870000E+00
7.800000E+00	-1.270000E+00	2.820000E+00
8.000000E+00	-9.900000E-01	2.730000E+00
8.200000E+00	-7.700000E-01	2.570000E+00
8.400000E+00	-6.600000E-01	2.390000E+00
8.600000E+00	-6.300000E-01	2.260000E+00
8.800000E+00	-6.100000E-01	2.190000E+00
9.000000E+00	-6.000000E-01	2.150000E+00
9.300000E+00	-5.600000E-01	2.180000E+00
9.500000E+00	-4.600000E-01	2.210000E+00
9.700000E+00	-3.300000E-01	2.190000E+00
9.900000E+00	-2.300000E-01	2.130000E+00
1.005000E+01	-1.800000E-01	2.080000E+00
1.025000E+01	-1.100000E-01	2.030000E+00
1.045000E+01	-5.000000E-02	1.970000E+00
1.065000E+01	0.000000E+00	1.920000E+00
1.080000E+01	3.100000E-02	1.880000E+00
1.095000E+01	6.300000E-02	1.840000E+00
1.110000E+01	9.100000E-02	1.800000E+00
1.150000E+01	1.560000E-01	1.710000E+00
1.210000E+01	2.310000E-01	1.580000E+00
1.250000E+01	2.710000E-01	1.510000E+00
1.310000E+01	3.190000E-01	1.410000E+00
1.350000E+01	3.510000E-01	1.360000E+00
1.410000E+01	3.980000E-01	1.280000E+00
1.450000E+01	4.260000E-01	1.230000E+00
1.510000E+01	4.640000E-01	1.150000E+00
1.550000E+01	4.880000E-01	1.100000E+00
1.590000E+01	5.100000E-01	1.050000E+00
1.650000E+01	5.390000E-01	9.830000E-01
1.710000E+01	5.620000E-01	9.150000E-01
1.750000E+01	5.760000E-01	8.730000E-01
1.810000E+01	5.990000E-01	8.100000E-01
1.850000E+01	6.130000E-01	7.660000E-01
1.910000E+01	6.310000E-01	6.990000E-01
1.950000E+01	6.410000E-01	6.530000E-01
2.010000E+01	6.510000E-01	5.810000E-01
2.050000E+01	6.530000E-01	5.320000E-01
2.110000E+01	6.520000E-01	4.810000E-01
2.150000E+01	6.400000E-01	4.020000E-01
2.210000E+01	6.080000E-01	3.260000E-01
2.250000E+01	5.760000E-01	2.850000E-01
2.310000E+01	5.260000E-01	2.430000E-01
2.350000E+01	4.950000E-01	2.250000E-01
2.410000E+01	4.570000E-01	2.090000E-01
2.450000E+01	4.380000E-01	2.000000E-01
2.510000E+01	4.130000E-01	1.860000E-01
2.550000E+01	3.990000E-01	1.770000E-01
2.610000E+01	3.790000E-01	1.630000E-01
2.640000E+01	3.700000E-01	1.560000E-01
2.700000E+01	3.500000E-01	1.430000E-01
2.760000E+01	3.300000E-01	1.320000E-01
2.820000E+01	3.110000E-01	1.230000E-01
2.910000E+01	2.820000E-01	1.150000E-01
2.930000E+01	2.883585E-01	1.201088E-01
2.977390E+01	2.797616E-01	1.144709E-01
3.025550E+01	2.713927E-01	1.089555E-01
3.074490E+01	2.631575E-01	1.037102E-01
3.124210E+01	2.550780E-01	9.872359E-02
3.174750E+01	2.471817E-01	9.400782E-02
3.226090E+01	2.394989E-01	8.958808E-02
3.278270E+01	2.320461E-01	8.538503E-02
3.331300E+01	2.248013E-01	8.138765E-02
3.385180E+01	2.177580E-01	7.758694E-02
3.439930E+01	2.109045E-01	7.397209E-02
3.495570E+01	2.042243E-01	7.053410E-02
3.552110E+01	1.977203E-01	6.733933E-02
3.609560E+01	1.914610E-01	6.430954E-02
3.667940E+01	1.854072E-01	6.142297E-02
3.727270E+01	1.795483E-01	5.867262E-02
3.787550E+01	1.738812E-01	5.605222E-02
3.848820E+01	1.684023E-01	5.355503E-02
3.911070E+01	1.631588E-01	5.117547E-02
3.974320E+01	1.581378E-01	4.878564E-02
4.038610E+01	1.531553E-01	4.639132E-02
4.103930E+01	1.482333E-01	4.411978E-02
4.170310E+01	1.434176E-01	4.196415E-02
4.237760E+01	1.387128E-01	3.991874E-02
4.306300E+01	1.341195E-01	3.797740E-02
4.375950E+01	1.296351E-01	3.613470E-02
4.446730E+01	1.252372E-01	3.438580E-02
4.518650E+01	1.209166E-01	3.274184E-02
4.591740E+01	1.167335E-01	3.133431E-02
4.666000E+01	1.127499E-01	2.998050E-02
4.741470E+01	1.089074E-01	2.868281E-02
4.818160E+01	1.051884E-01	2.744291E-02
4.896090E+01	1.015873E-01	2.625813E-02
4.975280E+01	9.809651E-02	2.512592E-02
5.055760E+01	9.470894E-02	2.404388E-02
5.137530E+01	9.141960E-02	2.300992E-02
5.220620E+01	8.821045E-02	2.202181E-02
5.305060E+01	8.507459E-02	2.108706E-02
5.390870E+01	8.200971E-02	2.026472E-02
5.478060E+01	7.909331E-02	1.951321E-02
5.566670E+01	7.629499E-02	1.879068E-02
5.656700E+01	7.359726E-02	1.809617E-02
5.748200E+01	7.099108E-02	1.742841E-02
5.841170E+01	6.846566E-02	1.678658E-02
5.935640E+01	6.600336E-02	1.616943E-02
6.031650E+01	6.363978E-02	1.563657E-02
6.129210E+01	6.140771E-02	1.510880E-02
6.228340E+01	5.924185E-02	1.454858E-02
6.329080E+01	5.712669E-02	1.401416E-02
6.431450E+01	5.508003E-02	1.350422E-02
6.535470E+01	5.312615E-02	1.301284E-02
6.641180E+01	5.121457E-02	1.248181E-02
6.748590E+01	4.933997E-02	1.197422E-02
6.857750E+01	4.751778E-02	1.148887E-02
6.968670E+01	4.576278E-02	1.102485E-02
7.081380E+01	4.407962E-02	1.052302E-02
7.195910E+01	4.238715E-02	9.984883E-03
7.312300E+01	4.069786E-02	9.474374E-03
7.430570E+01	3.904572E-02	8.990034E-03
7.550760E+01	3.743646E-02	8.480067E-03
7.672890E+01	3.579173E-02	7.962297E-03
7.796990E+01	3.411162E-02	7.478512E-03
7.923100E+01	3.242364E-02	7.027998E-03
8.051250E+01	3.073975E-02	6.699223E-03
8.181470E+01	2.911465E-02	6.385901E-03
8.313800E+01	2.751200E-02	6.087292E-03
8.448270E+01	2.589193E-02	5.805572E-03
8.584910E+01	2.428308E-02	5.584418E-03
8.723770E+01	2.270185E-02	5.373063E-03
8.864870E+01	2.110530E-02	5.171067E-03
9.008250E+01	1.947338E-02	4.977984E-03
9.153950E+01	1.777366E-02	4.798956E-03
9.302010E+01	1.597305E-02	4.639231E-03
9.452460E+01	1.400139E-02	4.486844E-03
9.605350E+01	1.169270E-02	4.341428E-03
9.760710E+01	8.611663E-03	4.202655E-03
9.918580E+01	2.306585E-03	4.070201E-03
9.970000E+01	-6.422757E-03	4.028966E-03
9.990000E+01	-5.995376E-03	1.761037E-02
1.007900E+02	5.732424E-03	1.649679E-02
1.024200E+02	8.967667E-03	1.466697E-02
1.040770E+02	8.123638E-03	1.327221E-02
1.057600E+02	7.049401E-03	1.398490E-02
1.074710E+02	6.674024E-03	1.503318E-02
1.092090E+02	6.439702E-03	1.561144E-02
1.109750E+02	6.257335E-03	1.632574E-02
1.127700E+02	6.209195E-03	1.699615E-02
1.145940E+02	5.886263E-03	1.757490E-02
1.164480E+02	5.951194E-03	1.891244E-02
1.183310E+02	6.912342E-03	1.991603E-02
1.202450E+02	7.990038E-03	2.009357E-02
1.221900E+02	8.722021E-03	2.017047E-02
1.241660E+02	9.405106E-03	1.992441E-02
1.261750E+02	9.830581E-03	1.966132E-02
1.282150E+02	1.014680E-02	1.951482E-02
1.302890E+02	1.057203E-02	1.952235E-02
1.323970E+02	1.151284E-02	1.938992E-02
1.345380E+02	1.255492E-02	1.848107E-02
1.367140E+02	1.257463E-02	1.708434E-02
1.389250E+02	1.218828E-02	1.640461E-02
1.411720E+02	1.185549E-02	1.605181E-02
1.434560E+02	1.170791E-02	1.562439E-02
1.457760E+02	1.157465E-02	1.552823E-02
1.481340E+02	1.167471E-02	1.528566E-02
1.505300E+02	1.158826E-02	1.488318E-02
1.529640E+02	1.173607E-02	1.484215E-02
1.554390E+02	1.178654E-02	1.378288E-02
1.579530E+02	1.128892E-02	1.363747E-02
1.605070E+02	1.112507E-02	1.360649E-02
1.631030E+02	1.130270E-02	1.366797E-02
1.657420E+02	1.155867E-02	1.346246E-02
1.684220E+02	1.200802E-02	1.320455E-02
1.711460E+02	1.251370E-02	1.262808E-02
1.739150E+02	1.270488E-02	1.159903E-02
1.767270E+02	1.242505E-02	1.065905E-02
1.795860E+02	1.196617E-02	1.005952E-02
1.824910E+02	1.164002E-02	9.718907E-03
1.854420E+02	1.141994E-02	9.331826E-03
1.884420E+02	1.119679E-02	8.957274E-03
1.914890E+02	1.097527E-02	8.587402E-03
1.945870E+02	1.075206E-02	8.232752E-03
1.977340E+02	1.052596E-02	7.892919E-03
2.009320E+02	1.029699E-02	7.567186E-03
2.041820E+02	1.006258E-02	7.262263E-03
2.074850E+02	9.837015E-03	6.977113E-03
2.108400E+02	9.617316E-03	6.703332E-03
2.142510E+02	9.402831E-03	6.440268E-03
2.177160E+02	9.195069E-03	6.187665E-03
2.212370E+02	8.999187E-03	5.944658E-03
2.248160E+02	8.801835E-03	5.679275E-03
2.284520E+02	8.593704E-03	5.425806E-03
2.321470E+02	8.377280E-03	5.183664E-03
2.359020E+02	8.158252E-03	4.952334E-03
2.397170E+02	7.937441E-03	4.731382E-03
2.435950E+02	7.715344E-03	4.520246E-03
2.475350E+02	7.494709E-03	4.318304E-03
2.515380E+02	7.269789E-03	4.116914E-03
2.556070E+02	7.036672E-03	3.922153E-03
2.597410E+02	6.792134E-03	3.736671E-03
2.639420E+02	6.535089E-03	3.559996E-03
2.682110E+02	6.258595E-03	3.391714E-03
2.725490E+02	5.947718E-03	3.231416E-03
2.769570E+02	5.563886E-03	3.078735E-03
2.814370E+02	4.940244E-03	2.933281E-03
2.841000E+02	3.142412E-03	2.851316E-03
2.843000E+02	3.143121E-03	4.502569E-03
2.859890E+02	4.641590E-03	4.421124E-03
2.906150E+02	5.205286E-03	4.208252E-03
2.953150E+02	5.365449E-03	4.005670E-03
3.000920E+02	5.414356E-03	3.811267E-03
3.049450E+02	5.408684E-03	3.624244E-03
3.098780E+02	5.370047E-03	3.446375E-03
3.148900E+02	5.310459E-03	3.277253E-03
3.199830E+02	5.236587E-03	3.116428E-03
3.251580E+02	5.152698E-03	2.963512E-03
3.304180E+02	5.061650E-03	2.818082E-03
3.357620E+02	4.965549E-03	2.679802E-03
3.411920E+02	4.866039E-03	2.548320E-03
3.467110E+02	4.764230E-03	2.423275E-03
3.523190E+02	4.661173E-03	2.304371E-03
3.580170E+02	4.558173E-03	2.191317E-03
3.638080E+02	4.456013E-03	2.083799E-03
3.696920E+02	4.356008E-03	1.977558E-03
3.756720E+02	4.253616E-03	1.874677E-03
3.817480E+02	4.150703E-03	1.775471E-03
3.879220E+02	4.046920E-03	1.680519E-03
3.941970E+02	3.942705E-03	1.590635E-03
4.005730E+02	3.839108E-03	1.505563E-03
4.070520E+02	3.736511E-03	1.425041E-03
4.136350E+02	3.635177E-03	1.348833E-03
4.203260E+02	3.535294E-03	1.276690E-03
4.271240E+02	3.437065E-03	1.208414E-03
4.340320E+02	3.340625E-03	1.143789E-03
4.410520E+02	3.246051E-03	1.082620E-03
4.481860E+02	3.153423E-03	1.024720E-03
4.554350E+02	3.063050E-03	9.699173E-04
4.628020E+02	2.974807E-03	9.179809E-04
4.702870E+02	2.888585E-03	8.678886E-04
4.778940E+02	2.803923E-03	8.205273E-04
4.856230E+02	2.721209E-03	7.757421E-04
4.934780E+02	2.640350E-03	7.331886E-04
5.014590E+02	2.561349E-03	6.929738E-04
5.095700E+02	2.484262E-03	6.549608E-04
5.178120E+02	2.409122E-03	6.190351E-04
5.261870E+02	2.335925E-03	5.850790E-04
5.346980E+02	2.264676E-03	5.529851E-04
5.433460E+02	2.195343E-03	5.226526E-04
5.521340E+02	2.127920E-03	4.939842E-04
5.610650E+02	2.062378E-03	4.668858E-04
5.701390E+02	1.998704E-03	4.412767E-04
5.793610E+02	1.937057E-03	4.170714E-04
5.887320E+02	1.877194E-03	3.939081E-04
5.982540E+02	1.818865E-03	3.717297E-04
6.079300E+02	1.762023E-03	3.507995E-04
6.177630E+02	1.706733E-03	3.310483E-04
6.277550E+02	1.653010E-03	3.124092E-04
6.379080E+02	1.600820E-03	2.948214E-04
6.482260E+02	1.550137E-03	2.782221E-04
6.587110E+02	1.500932E-03	2.625582E-04
6.693650E+02	1.453147E-03	2.477759E-04
6.801910E+02	1.406739E-03	2.339135E-04
6.911930E+02	1.361734E-03	2.209078E-04
7.023720E+02	1.318242E-03	2.088373E-04
7.137330E+02	1.276291E-03	1.973402E-04
7.252770E+02	1.235580E-03	1.863197E-04
7.370080E+02	1.196092E-03	1.759161E-04
7.489280E+02	1.157821E-03	1.660940E-04
7.610420E+02	1.120744E-03	1.568205E-04
7.733510E+02	1.084830E-03	1.480644E-04
7.858590E+02	1.050078E-03	1.397974E-04
7.985700E+02	1.016535E-03	1.319558E-04
8.114860E+02	9.839854E-04	1.243482E-04
8.246110E+02	9.523217E-04	1.171802E-04
8.379490E+02	9.216221E-04	1.104253E-04
8.515020E+02	8.918790E-04	1.040551E-04
8.652740E+02	8.630595E-04	9.804654E-05
8.792690E+02	8.351407E-04	9.238079E-05
8.934910E+02	8.081720E-04	8.704254E-05
9.079430E+02	7.820641E-04	8.191691E-05
9.226280E+02	7.567000E-04	7.699911E-05
9.375510E+02	7.320713E-04	7.237083E-05
9.527150E+02	7.081903E-04	6.802001E-05
9.681240E+02	6.850385E-04	6.393036E-05
9.837830E+02	6.626049E-04	6.008564E-05
9.996950E+02	6.408704E-04	5.647166E-05
1.015860E+03	6.198206E-04	5.307344E-05
1.032290E+03	5.994275E-04	4.988155E-05
1.048990E+03	5.796742E-04	4.687298E-05
1.065960E+03	5.605292E-04	4.403791E-05
1.083200E+03	5.419651E-04	4.137531E-05
1.100720E+03	5.239387E-04	3.892124E-05
1.118520E+03	5.065447E-04	3.667030E-05
1.136610E+03	4.897400E-04	3.454860E-05
1.155000E+03	4.734789E-04	3.254935E-05
1.173680E+03	4.577468E-04	3.066636E-05
1.192660E+03	4.425253E-04	2.889209E-05
1.211950E+03	4.277862E-04	2.721923E-05
1.231550E+03	4.135187E-04	2.564191E-05
1.251470E+03	3.997017E-04	2.415361E-05
1.271720E+03	3.863154E-04	2.274910E-05
1.292290E+03	3.733497E-04	2.142373E-05
1.313190E+03	3.607884E-04	2.017291E-05
1.334430E+03	3.486110E-04	1.899454E-05
1.356010E+03	3.368080E-04	1.788464E-05
1.377940E+03	3.253602E-04	1.683971E-05
1.400230E+03	3.142547E-04	1.585504E-05
1.422880E+03	3.034760E-04	1.492681E-05
1.445890E+03	2.930103E-04	1.405257E-05
1.469280E+03	2.828408E-04	1.322917E-05
1.493040E+03	2.729563E-04	1.245392E-05
1.517190E+03	2.633319E-04	1.171420E-05
1.541730E+03	2.539454E-04	1.101671E-05
1.566670E+03	2.447736E-04	1.035997E-05
1.592010E+03	2.357945E-04	9.742502E-06
1.617760E+03	2.269778E-04	9.161831E-06
1.643920E+03	2.182815E-04	8.615778E-06
1.670510E+03	2.096467E-04	8.102224E-06
1.697530E+03	2.009895E-04	7.619310E-06
1.724990E+03	1.921679E-04	7.165218E-06
1.752890E+03	1.829218E-04	6.732598E-06
1.781240E+03	1.726479E-04	6.324269E-06
1.810050E+03	1.593940E-04	5.939334E-06
1.838800E+03	8.840717E-05	5.584108E-06
1.839000E+03	8.840411E-05	4.271941E-05
1.839320E+03	1.054603E-04	4.269387E-05
1.869070E+03	1.518368E-04	4.041608E-05
1.899300E+03	1.552668E-04	3.826002E-05
1.930020E+03	1.551623E-04	3.621832E-05
1.961240E+03	1.536148E-04	3.428538E-05
1.992960E+03	1.513031E-04	3.245585E-05
2.025200E+03	1.485701E-04	3.074281E-05
2.057950E+03	1.455633E-04	2.908121E-05
2.091240E+03	1.423649E-04	2.750303E-05
2.125060E+03	1.390569E-04	2.600550E-05
2.159430E+03	1.356835E-04	2.458416E-05
2.194360E+03	1.322784E-04	2.323601E-05
2.229850E+03	1.288680E-04	2.195802E-05
2.265920E+03	1.254685E-04	2.074633E-05
2.302570E+03	1.220963E-04	1.959883E-05
2.339810E+03	1.187612E-04	1.851100E-05
2.377660E+03	1.154699E-04	1.748004E-05
2.416110E+03	1.122321E-04	1.650485E-05
2.455190E+03	1.090496E-04	1.558109E-05
2.494900E+03	1.059268E-04	1.470711E-05
2.535260E+03	1.028673E-04	1.388009E-05
2.576260E+03	9.987421E-05	1.309798E-05
2.617930E+03	9.694751E-05	1.235783E-05
2.660270E+03	9.408779E-05	1.165784E-05
2.703300E+03	9.129647E-05	1.099658E-05
2.747030E+03	8.857347E-05	1.037090E-05
2.791460E+03	8.591848E-05	9.779653E-06
2.836610E+03	8.333221E-05	9.221710E-06
2.882490E+03	8.081346E-05	8.693940E-06
2.929110E+03	7.836129E-05	8.195386E-06
2.976480E+03	7.597520E-05	7.724858E-06
3.024630E+03	7.365392E-05	7.280509E-06
3.073550E+03	7.139699E-05	6.860931E-06
3.123260E+03	6.920326E-05	6.464856E-06
3.173780E+03	6.707117E-05	6.090981E-06
3.225110E+03	6.500004E-05	5.738249E-06
3.277270E+03	6.298803E-05	5.405413E-06
3.330280E+03	6.103428E-05	5.091336E-06
3.384150E+03	5.913708E-05	4.795066E-06
3.438880E+03	5.729598E-05	4.515659E-06
3.494500E+03	5.550914E-05	4.252196E-06
3.551020E+03	5.377496E-05	4.003675E-06
3.608460E+03	5.209235E-05	3.769385E-06
3.666820E+03	5.046048E-05	3.548543E-06
3.726130E+03	4.887752E-05	3.340392E-06
3.786400E+03	4.734241E-05	3.144161E-06
3.847640E+03	4.585371E-05	2.959214E-06
3.909870E+03	4.441040E-05	2.784957E-06
3.973110E+03	4.301123E-05	2.620779E-06
4.037380E+03	4.165465E-05	2.466117E-06
4.102680E+03	4.033995E-05	2.320372E-06
4.169030E+03	3.906577E-05	2.183119E-06
4.236460E+03	3.783084E-05	2.053863E-06
4.304980E+03	3.663430E-05	1.932096E-06
4.374620E+03	3.547442E-05	1.817417E-06
4.445370E+03	3.435107E-05	1.709471E-06
4.517270E+03	3.326245E-05	1.607839E-06
4.590330E+03	3.220794E-05	1.512124E-06
4.664580E+03	3.118619E-05	1.422039E-06
4.740030E+03	3.019646E-05	1.337227E-06
4.816690E+03	2.923802E-05	1.257429E-06
4.894600E+03	2.830937E-05	1.182325E-06
4.973770E+03	2.740999E-05	1.111618E-06
5.054210E+03	2.653905E-05	1.045120E-06
5.135960E+03	2.569548E-05	9.825006E-07
5.219030E+03	2.487854E-05	9.235942E-07
5.303440E+03	2.408740E-05	8.682094E-07
5.389220E+03	2.332128E-05	8.160747E-07
5.476390E+03	2.257931E-05	7.670352E-07
5.564970E+03	2.186087E-05	7.209213E-07
5.654980E+03	2.116523E-05	6.775251E-07
5.746440E+03	2.049169E-05	6.367225E-07
5.839390E+03	1.983942E-05	5.983557E-07
5.933830E+03	1.920804E-05	5.622831E-07
6.029810E+03	1.859658E-05	5.283328E-07
6.127330E+03	1.800460E-05	4.964306E-07
6.226440E+03	1.743141E-05	4.664264E-07
6.327150E+03	1.687650E-05	4.382272E-07
6.429480E+03	1.633924E-05	4.116784E-07
6.533480E+03	1.581908E-05	3.867682E-07
6.639150E+03	1.531550E-05	3.633248E-07
6.746540E+03	1.482798E-05	3.412868E-07
6.855650E+03	1.435605E-05	3.205795E-07
6.966540E+03	1.389910E-05	3.011161E-07
7.079220E+03	1.345679E-05	2.828213E-07
7.193720E+03	1.302856E-05	2.656266E-07
7.310070E+03	1.261405E-05	2.494701E-07
7.428310E+03	1.221270E-05	2.342838E-07
7.548450E+03	1.182429E-05	2.200158E-07
7.670540E+03	1.144822E-05	2.066099E-07
7.794610E+03	1.108421E-05	1.940132E-07
7.920680E+03	1.073191E-05	1.821755E-07
8.048790E+03	1.039086E-05	1.710556E-07
8.178980E+03	1.006073E-05	1.606060E-07
8.311260E+03	9.741235E-06	1.507918E-07
8.445690E+03	9.432008E-06	1.415735E-07
8.582290E+03	9.132785E-06	1.329106E-07
8.721110E+03	8.843220E-06	1.247733E-07
8.862160E+03	8.563120E-06	1.171321E-07
9.005500E+03	8.292210E-06	1.099540E-07
9.151160E+03	8.030346E-06	1.032123E-07
9.299170E+03	7.777456E-06	9.687959E-08
9.449580E+03	7.533748E-06	9.093350E-08
9.602420E+03	7.300595E-06	8.534811E-08
9.757730E+03	7.086775E-06	8.010379E-08
9.915550E+03	6.848447E-06	7.517877E-08
1.007590E+04	6.613374E-06	7.055462E-08
1.023890E+04	6.399870E-06	6.621171E-08
1.040450E+04	6.193061E-06	6.213445E-08
1.057280E+04	5.993591E-06	5.830620E-08
1.074380E+04	5.801056E-06	5.471188E-08
1.091760E+04	5.615008E-06	5.133683E-08
1.109420E+04	5.435205E-06	4.816875E-08
1.127360E+04	5.261426E-06	4.519463E-08
1.145590E+04	5.093355E-06	4.240293E-08
1.164120E+04	4.930756E-06	3.978187E-08
1.182950E+04	4.773443E-06	3.732135E-08
1.202080E+04	4.621298E-06	3.501198E-08
1.221530E+04	4.473973E-06	3.284378E-08
1.241280E+04	4.331533E-06	3.080953E-08
1.261360E+04	4.193621E-06	2.889961E-08
1.281760E+04	4.060193E-06	2.710737E-08
1.302500E+04	3.930988E-06	2.542478E-08
1.323560E+04	3.806024E-06	2.384629E-08
1.344970E+04	3.685018E-06	2.236474E-08
1.366720E+04	3.567929E-06	2.097466E-08
1.388830E+04	3.454539E-06	1.966991E-08
1.411290E+04	3.344820E-06	1.844562E-08
1.434120E+04	3.238591E-06	1.729687E-08
1.457310E+04	3.135791E-06	1.621910E-08
1.480890E+04	3.036208E-06	1.520763E-08
1.504840E+04	2.939863E-06	1.425881E-08
1.529180E+04	2.846567E-06	1.336858E-08
1.553910E+04	2.756272E-06	1.253343E-08
1.579040E+04	2.668855E-06	1.174993E-08
1.604580E+04	2.584212E-06	1.101489E-08
1.630540E+04	2.502234E-06	1.032524E-08
1.656910E+04	2.422909E-06	9.678455E-09
1.683710E+04	2.346091E-06	9.071706E-09
1.710940E+04	2.271739E-06	8.502632E-09
1.738610E+04	2.199747E-06	7.968854E-09
1.766740E+04	2.130005E-06	7.468108E-09
1.795310E+04	2.062531E-06	6.998582E-09
1.824350E+04	1.997177E-06	6.558173E-09
1.853860E+04	1.933903E-06	6.145158E-09
1.883840E+04	1.872649E-06	5.757874E-09
1.914310E+04	1.813334E-06	5.394667E-09
1.945270E+04	1.755913E-06	5.054094E-09
1.976740E+04	1.700294E-06	4.734698E-09
2.008710E+04	1.646451E-06	4.435748E-09
2.041200E+04	1.594319E-06	4.154899E-09
2.074210E+04	1.543853E-06	3.891751E-09
2.107760E+04	1.494975E-06	3.645152E-09
2.141850E+04	1.447649E-06	3.414109E-09
2.176500E+04	1.401817E-06	3.197583E-09
2.211700E+04	1.357455E-06	2.994752E-09
2.247470E+04	1.314498E-06	2.804706E-09
2.283820E+04	1.272898E-06	2.626638E-09
2.320760E+04	1.232612E-06	2.459804E-09
2.358300E+04	1.193606E-06	2.303502E-09
2.396440E+04	1.155846E-06	2.157081E-09
2.435200E+04	1.119272E-06	2.019905E-09
2.474590E+04	1.083859E-06	1.891392E-09
2.514620E+04	1.049569E-06	1.770999E-09
2.555290E+04	1.016370E-06	1.658234E-09
2.596620E+04	9.842200E-07	1.552596E-09
2.638610E+04	9.530927E-07	1.453654E-09
2.681290E+04	9.229474E-07	1.360964E-09
2.724660E+04	8.937553E-07	1.274147E-09
2.768730E+04	8.654879E-07	1.192833E-09
2.813510E+04	8.381205E-07	1.116672E-09
2.859020E+04	8.116155E-07	1.045339E-09
2.905260E+04	7.859517E-07	9.785383E-10
2.952250E+04	7.611138E-07	9.159700E-10
3.000000E+04	7.370348E-07	8.573787E-10
3.040000E+04	7.179976E-07	8.210816E-10
3.080000E+04	6.994359E-07	7.785413E-10
3.120000E+04	6.815880E-07	7.380074E-10
3.150000E+04	6.686428E-07	7.093011E-10
3.190000E+04	6.519521E-07	6.731688E-10
3.230000E+04	6.358815E-07	6.392774E-10
3.260000E+04	6.242124E-07	6.152523E-10
3.300000E+04	6.091461E-07	5.849225E-10
3.340000E+04	5.946212E-07	5.563929E-10
3.380000E+04	5.806091E-07	5.295553E-10
3.410000E+04	5.704230E-07	5.104860E-10
3.450000E+04	5.572518E-07	4.863568E-10
3.490000E+04	5.445339E-07	4.636361E-10
3.530000E+04	5.322461E-07	4.421734E-10
3.570000E+04	5.203692E-07	4.219284E-10
3.603000E+04	5.108672E-07	4.060793E-10
3.650000E+04	4.977772E-07	3.847662E-10
3.700000E+04	4.843970E-07	3.635935E-10
3.750000E+04	4.715510E-07	3.438515E-10
3.800000E+04	4.592066E-07	3.254128E-10
3.850000E+04	4.473423E-07	3.081642E-10
3.900000E+04	4.359318E-07	2.920273E-10
3.950000E+04	4.249520E-07	2.769322E-10
4.000000E+04	4.143816E-07	2.627879E-10
4.040000E+04	4.062081E-07	2.520946E-10
4.080000E+04	3.982739E-07	2.419332E-10
4.110000E+04	3.924749E-07	2.346420E-10
4.150000E+04	3.849375E-07	2.253351E-10
4.190000E+04	3.776150E-07	2.164905E-10
4.230000E+04	3.704975E-07	2.080681E-10
4.300000E+04	3.585198E-07	1.942794E-10
4.380000E+04	3.455318E-07	1.798870E-10
4.450000E+04	3.347361E-07	1.683573E-10
4.530000E+04	3.230056E-07	1.562770E-10
4.600000E+04	3.132399E-07	1.465579E-10
4.650000E+04	3.065334E-07	1.400747E-10
4.700000E+04	3.000414E-07	1.339407E-10
4.750000E+04	2.937519E-07	1.281382E-10
4.800000E+04	2.876579E-07	1.226420E-10
4.850000E+04	2.817528E-07	1.174370E-10
4.900000E+04	2.760278E-07	1.125014E-10
4.950000E+04	2.704741E-07	1.078216E-10
5.000000E+04	2.650875E-07	1.033792E-10
5.050000E+04	2.598602E-07	9.915507E-11
5.100000E+04	2.547858E-07	9.514121E-11
5.150000E+04	2.498599E-07	9.132551E-11
5.200000E+04	2.450742E-07	8.769634E-11
5.250000E+04	2.404246E-07	8.424749E-11
5.300000E+04	2.359059E-07	8.096411E-11
5.350000E+04	2.315135E-07	7.783669E-11
5.400000E+04	2.272436E-07	7.485646E-11
5.450000E+04	2.230897E-07	7.201677E-11
5.465000E+04	2.218655E-07	7.119066E-11
5.480000E+04	2.206526E-07	7.037624E-11
5.482000E+04	2.204916E-07	7.026844E-11
5.483500E+04	2.203710E-07	7.018773E-11
5.485000E+04	2.202505E-07	7.010722E-11
5.485500E+04	2.202103E-07	7.004791E-11
5.486000E+04	2.201702E-07	6.992466E-11
5.487000E+04	2.200888E-07	6.987121E-11
5.490000E+04	2.198484E-07	6.971120E-11
5.495000E+04	2.194485E-07	6.944533E-11
5.500000E+04	2.190497E-07	6.918086E-11
5.515000E+04	2.178585E-07	6.839469E-11
5.530000E+04	2.166772E-07	6.761949E-11
5.550000E+04	2.151182E-07	6.660248E-11
5.600000E+04	2.112907E-07	6.414024E-11
5.680000E+04	2.053765E-07	6.043071E-11
5.753000E+04	2.001944E-07	5.727159E-11
5.800000E+04	1.969609E-07	5.534627E-11
5.850000E+04	1.936064E-07	5.338476E-11
5.954000E+04	1.868980E-07	4.957372E-11
5.980000E+04	1.852753E-07	4.867414E-11
6.000000E+04	1.840413E-07	4.799579E-11
6.080000E+04	1.792272E-07	4.539469E-11
6.150000E+04	1.751685E-07	4.325961E-11
6.230000E+04	1.706960E-07	4.096871E-11
6.300000E+04	1.669221E-07	3.908527E-11
6.400000E+04	1.617432E-07	3.658021E-11
6.500000E+04	1.568023E-07	3.426970E-11
6.590000E+04	1.525463E-07	3.234193E-11
6.683000E+04	1.483279E-07	3.048801E-11
6.740000E+04	1.458281E-07	2.941755E-11
6.800000E+04	1.432653E-07	2.834016E-11
6.900000E+04	1.391406E-07	2.665158E-11
7.000000E+04	1.351914E-07	2.508497E-11
7.100000E+04	1.314087E-07	2.363023E-11
7.200000E+04	1.277824E-07	2.227797E-11
7.280000E+04	1.249881E-07	2.126417E-11
7.350000E+04	1.226175E-07	2.042320E-11
7.420000E+04	1.203142E-07	1.962279E-11
7.496000E+04	1.178857E-07	1.879685E-11
7.550000E+04	1.162048E-07	1.823686E-11
7.600000E+04	1.146802E-07	1.773647E-11
7.711000E+04	1.114012E-07	1.668467E-11
7.860000E+04	1.072159E-07	1.539181E-11
7.930000E+04	1.053303E-07	1.482707E-11
8.000000E+04	1.034946E-07	1.428763E-11
8.150000E+04	9.971899E-08	1.321156E-11
8.300000E+04	9.614625E-08	1.223350E-11
8.400000E+04	9.386969E-08	1.163066E-11
8.500000E+04	9.167348E-08	1.106388E-11
8.650000E+04	8.852025E-08	1.027741E-11
8.800000E+04	8.552734E-08	9.558592E-12
8.900000E+04	8.361533E-08	9.113563E-12
9.000000E+04	8.176709E-08	8.693696E-12
9.150000E+04	7.910734E-08	8.108404E-12
9.300000E+04	7.657531E-08	7.570831E-12
9.400000E+04	7.495430E-08	7.236704E-12
9.500000E+04	7.338425E-08	6.920475E-12
9.650000E+04	7.111986E-08	6.478090E-12
9.800000E+04	6.895900E-08	6.069967E-12
9.900000E+04	6.757259E-08	5.815392E-12
9.950000E+04	6.689481E-08	5.693029E-12
1.000000E+05	6.622753E-08	5.573778E-12
1.015000E+05	6.428421E-08	5.235124E-12
1.030000E+05	6.242483E-08	4.921434E-12
1.040000E+05	6.122982E-08	4.725086E-12
1.050000E+05	6.006909E-08	4.538324E-12
1.065000E+05	5.838834E-08	4.274836E-12
1.080000E+05	5.677739E-08	4.029929E-12
1.090000E+05	5.574010E-08	3.876178E-12
1.100000E+05	5.473098E-08	3.729600E-12
1.130000E+05	5.186294E-08	3.330025E-12
1.150000E+05	5.007445E-08	3.092695E-12
1.180000E+05	4.756015E-08	2.775117E-12
1.190000E+05	4.676395E-08	2.678240E-12
1.200000E+05	4.598780E-08	2.585505E-12
1.220000E+05	4.449214E-08	2.412115E-12
1.240000E+05	4.306824E-08	2.252829E-12
1.255000E+05	4.204467E-08	2.141814E-12
1.270000E+05	4.105712E-08	2.037450E-12
1.300000E+05	3.918385E-08	1.846896E-12
1.330000E+05	3.743570E-08	1.678169E-12
1.360000E+05	3.580214E-08	1.528458E-12
1.390000E+05	3.427323E-08	1.394922E-12
1.420000E+05	3.284019E-08	1.275631E-12
1.454000E+05	3.132196E-08	1.155322E-12
1.460000E+05	3.106505E-08	1.135600E-12
1.467000E+05	3.076929E-08	1.113115E-12
1.480000E+05	3.023111E-08	1.072793E-12
1.490000E+05	2.982653E-08	1.042996E-12
1.500000E+05	2.943017E-08	1.014211E-12
1.540000E+05	2.792105E-08	9.089902E-13
1.580000E+05	2.652507E-08	8.169302E-13
1.620000E+05	2.523124E-08	7.361118E-13
1.650000E+05	2.432208E-08	6.818988E-13
1.690000E+05	2.318425E-08	6.172412E-13
1.730000E+05	2.212442E-08	5.599750E-13
1.770000E+05	2.113564E-08	5.091096E-13
1.800000E+05	2.043699E-08	4.746535E-13
1.830000E+05	1.977231E-08	4.432119E-13
1.850000E+05	1.934712E-08	4.236737E-13
1.900000E+05	1.834214E-08	3.792863E-13
1.950000E+05	1.741348E-08	3.405177E-13
2.000000E+05	1.655353E-08	3.065199E-13
2.050000E+05	1.575589E-08	2.771501E-13
2.100000E+05	1.501446E-08	2.511884E-13
2.150000E+05	1.432423E-08	2.281726E-13
2.200000E+05	1.368046E-08	2.077840E-13
2.260000E+05	1.296370E-08	1.862965E-13
2.320000E+05	1.230178E-08	1.675168E-13
2.380000E+05	1.168933E-08	1.510470E-13
2.447000E+05	1.105792E-08	1.349662E-13
2.520000E+05	1.042649E-08	1.198374E-13
2.600000E+05	9.794732E-09	1.055972E-13
2.700000E+05	9.082582E-09	9.061791E-14
2.792000E+05	8.493878E-09	7.908290E-14
2.850000E+05	8.151640E-09	7.274963E-14
2.900000E+05	7.872972E-09	6.778732E-14
3.000000E+05	7.356855E-09	5.905056E-14
3.080000E+05	6.979609E-09	5.326237E-14
3.165000E+05	6.609751E-09	4.786817E-14
3.201000E+05	6.461914E-09	4.579139E-14
3.320000E+05	6.006952E-09	3.970185E-14
3.443000E+05	5.585423E-09	3.443654E-14
3.570000E+05	5.195097E-09	2.989347E-14
3.700000E+05	4.836426E-09	2.599520E-14
3.850000E+05	4.466903E-09	2.225375E-14
4.000000E+05	4.138167E-09	1.916113E-14
4.060000E+05	4.016760E-09	1.813003E-14
4.111000E+05	3.917697E-09	1.730815E-14
4.118000E+05	3.904389E-09	1.719909E-14
4.440000E+05	3.358612E-09	1.300238E-14
4.680500E+05	3.022326E-09	1.069621E-14
4.800000E+05	2.873712E-09	9.743661E-15
5.000000E+05	2.648399E-09	8.377135E-15
5.300000E+05	2.357065E-09	6.755215E-15
5.500000E+05	2.188759E-09	5.896159E-15
5.800000E+05	1.968192E-09	4.901204E-15
6.000000E+05	1.839166E-09	4.355289E-15
6.300000E+05	1.668169E-09	3.678993E-15
6.616000E+05	1.512621E-09	3.105659E-15
7.000000E+05	1.351217E-09	2.555274E-15
7.233000E+05	1.265565E-09	2.292557E-15
7.789000E+05	1.091334E-09	1.805447E-15
8.000000E+05	1.034526E-09	1.656893E-15
8.674000E+05	8.799994E-10	1.278209E-15
8.892000E+05	8.373795E-10	1.180383E-15
9.000000E+05	8.174029E-10	1.135559E-15
9.640000E+05	7.124674E-10	9.157394E-16
1.000000E+06	6.620931E-10	8.174382E-16
1.004800E+06	6.557825E-10	8.030823E-16
1.085800E+06	5.615900E-10	6.201717E-16
1.120500E+06	5.273456E-10	5.593082E-16
1.121100E+06	5.267813E-10	5.583205E-16
1.173200E+06	4.810331E-10	4.882167E-16
1.274500E+06	4.076049E-10	3.827925E-16
1.332500E+06	3.728933E-10	3.343975E-16
1.408000E+06	3.339748E-10	2.823900E-16
1.500000E+06	2.942636E-10	2.320803E-16
1.700000E+06	2.290979E-10	1.591950E-16
2.000000E+06	1.655233E-10	9.652026E-17
2.500000E+06	1.059349E-10	4.965107E-17
3.000000E+06	7.356590E-11	2.850176E-17
4.000000E+06	4.138082E-11	1.207436E-17
5.000000E+06	2.648372E-11	6.212215E-18
5.000150E+06	2.648213E-11	6.211668E-18
5.000910E+06	2.647409E-11	6.208867E-18
6.000000E+06	1.839147E-11	3.608386E-18
7.000000E+06	1.351210E-11	2.280433E-18
8.000000E+06	1.034520E-11	1.531928E-18
9.000000E+06	8.173989E-12	1.078279E-18
1.000000E+07	6.620931E-12	7.875660E-19
