7.8	-0.676	4.70E-06
8	-0.702	3.20E-05
8.1	-0.716	1.22E-04
8.2	-0.73	4.63E-04
8.3	-0.747	1.40E-03
8.4	-0.764	3.17E-03
8.5	-0.783	5.57E-03
8.6	-0.803	8.38E-03
8.7	-0.825	1.09E-02
8.8	-0.85	1.32E-02
8.9	-0.876	1.56E-02
9	-0.904	1.89E-02
9.1	-0.935	0.0228
9.2	-0.969	0.0271
9.3	-1.006	0.0339
9.4	-1.047	0.043
9.5	-1.092	0.0561
9.6	-1.14	0.077
9.7	-1.19	0.119
9.8	-1.243	0.168
9.9	-1.292	0.236
10	-1.33	0.323
10.1	-1.332	0.46
10.2	-1.24	0.715
10.25	-1.152	0.81
10.3	-1.048	0.925
10.35	-0.919	1.045
10.4	-0.772	1.13
10.45	-0.645	1.136
10.5	-0.567	1.11
10.6	-0.492	0.914
10.7	-0.513	0.725
10.8	-0.587	0.618
10.9	-0.687	0.565
11	-0.739	0.569
11.2	-0.766	0.718
11.4	-0.716	0.81
11.6	-0.635	0.859
11.8	-0.554	0.874
12	-0.475	0.861
12.25	-0.41	0.824
12.5	-0.383	0.793
12.75	-0.372	0.766
13	-0.368	0.747
13.25	-0.371	0.755
13.5	-0.363	0.775
13.75	-0.32	0.795
14	-0.265	0.808
14.25	-0.225	0.799
14.5	-0.195	0.771
14.75	-0.175	0.739
15	-0.168	0.711
15.25	-0.167	0.699
15.5	-0.172	0.696
15.75	-0.178	0.703
16	-0.172	0.717
16.25	-0.156	0.737
16.5	-0.137	0.755
16.75	-0.124	0.765
17	-0.072	0.768
17.25	-0.03	0.763
17.5	0.001	0.75
17.75	0.025	0.731
18	0.043	0.712
18.5	0.073	0.677
19	0.098	0.645
19.5	0.121	0.613
20	0.141	0.585
20.66	0.138	0.497
21.01	0.149	0.482
21.38	0.157	0.47
21.75	0.167	0.45
22.14	0.171	0.43
22.54	0.178	0.408
22.96	0.183	0.385
23.39	0.189	0.366
23.84	0.194	0.343
24.31	0.196	0.322
24.8	0.197	0.3
25.3	0.196	0.282
25.83	0.192	0.27
26.38	0.187	0.25
26.95	0.183	0.233
27.55	0.178	0.218
28.18	0.173	0.202
28.83	0.167	0.19
29.3	1.14E-01	1.71E-01
29.7739	1.13E-01	1.66E-01
30.2555	1.11E-01	1.61E-01
30.7449	1.10E-01	1.57E-01
31.2421	1.09E-01	1.53E-01
31.7475	1.08E-01	1.49E-01
32.2609	1.07E-01	1.45E-01
32.7827	1.05E-01	1.41E-01
33.313	1.04E-01	1.37E-01
33.8518	1.03E-01	1.33E-01
34.3993	1.02E-01	1.30E-01
34.9557	1.01E-01	1.26E-01
35.5211	1.01E-01	1.23E-01
36.0956	1.00E-01	1.20E-01
36.6794	9.99E-02	1.16E-01
37.2727	9.91E-02	1.11E-01
37.8755	9.80E-02	1.07E-01
38.4882	9.67E-02	1.03E-01
39.1107	9.54E-02	9.97E-02
39.7432	9.40E-02	9.61E-02
40.3861	9.25E-02	9.26E-02
41.0393	9.10E-02	8.92E-02
41.7031	8.94E-02	8.60E-02
42.3776	8.79E-02	8.29E-02
43.063	8.63E-02	7.98E-02
43.7595	8.47E-02	7.69E-02
44.4673	8.31E-02	7.41E-02
45.1865	8.15E-02	7.14E-02
45.9174	8.00E-02	6.88E-02
46.66	7.84E-02	6.63E-02
47.4147	7.69E-02	6.39E-02
48.1816	7.55E-02	6.15E-02
48.9609	7.43E-02	5.92E-02
49.7528	7.29E-02	5.67E-02
50.5576	7.13E-02	5.42E-02
51.3753	6.98E-02	5.19E-02
52.2062	6.82E-02	4.97E-02
53.0506	6.66E-02	4.76E-02
53.9087	6.49E-02	4.56E-02
54.7806	6.33E-02	4.36E-02
55.6667	6.17E-02	4.18E-02
56.567	6.02E-02	4.00E-02
57.482	5.86E-02	3.83E-02
58.4117	5.70E-02	3.67E-02
59.3564	5.55E-02	3.52E-02
60.3165	5.39E-02	3.37E-02
61.2921	5.25E-02	3.23E-02
62.2834	5.10E-02	3.10E-02
63.2908	4.96E-02	2.97E-02
64.3145	4.82E-02	2.85E-02
65.3547	4.68E-02	2.73E-02
66.4118	4.55E-02	2.62E-02
67.4859	4.42E-02	2.51E-02
68.5775	4.29E-02	2.40E-02
69.6867	4.16E-02	2.30E-02
70.8138	4.04E-02	2.20E-02
71.9591	3.92E-02	2.11E-02
73.123	3.80E-02	2.01E-02
74.3057	3.68E-02	1.93E-02
75.5076	3.57E-02	1.84E-02
76.7289	3.45E-02	1.75E-02
77.9699	3.33E-02	1.67E-02
79.231	3.21E-02	1.60E-02
80.5125	3.09E-02	1.53E-02
81.8147	2.98E-02	1.46E-02
83.138	2.87E-02	1.40E-02
84.4827	2.76E-02	1.34E-02
85.8491	2.65E-02	1.28E-02
87.2377	2.54E-02	1.23E-02
88.6487	2.43E-02	1.18E-02
90.0825	2.32E-02	1.13E-02
91.5395	2.21E-02	1.09E-02
93.0201	2.09E-02	1.04E-02
94.5246	1.97E-02	1.00E-02
96.0535	1.83E-02	9.61E-03
97.6071	1.66E-02	9.22E-03
99.1858	1.35E-02	8.84E-03
99.7	9.36E-03	8.71E-03
99.9	9.52E-03	1.49E-02
100.79	1.47E-02	1.42E-02
102.42	1.59E-02	1.30E-02
104.077	1.53E-02	1.21E-02
105.76	1.45E-02	1.21E-02
107.471	1.40E-02	1.23E-02
109.209	1.36E-02	1.23E-02
110.975	1.32E-02	1.24E-02
112.77	1.29E-02	1.24E-02
114.594	1.25E-02	1.25E-02
116.448	1.23E-02	1.29E-02
118.331	1.24E-02	1.31E-02
120.245	1.27E-02	1.30E-02
122.19	1.28E-02	1.28E-02
124.166	1.28E-02	1.25E-02
126.175	1.28E-02	1.23E-02
128.215	1.27E-02	1.20E-02
130.289	1.26E-02	1.19E-02
132.397	1.28E-02	1.17E-02
134.538	1.31E-02	1.11E-02
136.714	1.29E-02	1.04E-02
138.925	1.25E-02	9.92E-03
141.172	1.21E-02	9.64E-03
143.456	1.19E-02	9.34E-03
145.776	1.16E-02	9.19E-03
148.134	1.15E-02	8.98E-03
150.53	1.13E-02	8.70E-03
152.964	1.12E-02	8.59E-03
155.439	1.10E-02	8.02E-03
157.953	1.06E-02	7.87E-03
160.507	1.04E-02	7.78E-03
163.103	1.03E-02	7.73E-03
165.742	1.03E-02	7.57E-03
168.422	1.04E-02	7.38E-03
171.146	1.05E-02	7.05E-03
173.915	1.04E-02	6.52E-03
176.727	1.02E-02	6.03E-03
179.586	9.82E-03	5.70E-03
182.491	9.56E-03	5.49E-03
185.442	9.34E-03	5.25E-03
188.442	9.12E-03	5.02E-03
191.489	8.90E-03	4.79E-03
194.587	8.69E-03	4.58E-03
197.734	8.48E-03	4.38E-03
200.932	8.27E-03	4.18E-03
204.182	8.05E-03	4.00E-03
207.485	7.85E-03	3.83E-03
210.84	7.65E-03	3.67E-03
214.251	7.46E-03	3.51E-03
217.716	7.27E-03	3.36E-03
221.237	7.10E-03	3.22E-03
224.816	6.92E-03	3.07E-03
228.452	6.74E-03	2.92E-03
232.147	6.57E-03	2.78E-03
235.902	6.39E-03	2.65E-03
239.717	6.22E-03	2.53E-03
243.595	6.05E-03	2.41E-03
247.535	5.89E-03	2.30E-03
251.538	5.73E-03	2.19E-03
255.607	5.57E-03	2.09E-03
259.741	5.41E-03	1.99E-03
263.942	5.26E-03	1.89E-03
268.211	5.11E-03	1.80E-03
272.549	4.96E-03	1.72E-03
276.957	4.82E-03	1.63E-03
281.437	4.68E-03	1.56E-03
285.989	4.55E-03	1.48E-03
290.615	4.41E-03	1.41E-03
295.315	4.28E-03	1.34E-03
300.092	4.16E-03	1.28E-03
304.945	4.03E-03	1.21E-03
309.878	3.91E-03	1.15E-03
314.89	3.80E-03	1.10E-03
319.983	3.68E-03	1.04E-03
325.158	3.57E-03	9.92E-04
330.418	3.46E-03	9.43E-04
335.762	3.35E-03	8.97E-04
341.192	3.25E-03	8.53E-04
346.711	3.15E-03	8.11E-04
352.319	3.05E-03	7.71E-04
358.017	2.96E-03	7.33E-04
363.808	2.86E-03	6.97E-04
369.692	2.77E-03	6.61E-04
375.672	2.69E-03	6.26E-04
381.748	2.60E-03	5.92E-04
387.922	2.52E-03	5.61E-04
394.197	2.43E-03	5.31E-04
400.573	2.35E-03	5.03E-04
407.052	2.27E-03	4.76E-04
413.635	2.20E-03	4.50E-04
420.326	2.12E-03	4.26E-04
427.124	2.05E-03	4.04E-04
434.032	1.98E-03	3.82E-04
441.052	1.91E-03	3.62E-04
448.186	1.84E-03	3.42E-04
455.435	1.77E-03	3.24E-04
462.802	1.70E-03	3.07E-04
470.287	1.64E-03	2.90E-04
477.894	1.57E-03	2.74E-04
485.623	1.51E-03	2.59E-04
493.478	1.44E-03	2.45E-04
501.459	1.37E-03	2.31E-04
509.57	1.30E-03	2.19E-04
517.812	1.23E-03	2.07E-04
526.187	1.14E-03	1.95E-04
534.698	1.01E-03	1.85E-04
543	3.84E-04	1.75E-04
543.2	3.84E-04	6.06E-04
543.346	5.08E-04	6.05E-04
552.134	9.82E-04	5.72E-04
561.065	1.05E-03	5.41E-04
570.139	1.07E-03	5.12E-04
579.361	1.08E-03	4.84E-04
588.732	1.07E-03	4.58E-04
598.254	1.06E-03	4.34E-04
607.93	1.05E-03	4.10E-04
617.763	1.03E-03	3.88E-04
627.755	1.01E-03	3.67E-04
637.908	9.92E-04	3.47E-04
648.226	9.71E-04	3.27E-04
658.711	9.50E-04	3.09E-04
669.365	9.27E-04	2.91E-04
680.191	9.03E-04	2.76E-04
691.193	8.80E-04	2.61E-04
702.372	8.58E-04	2.47E-04
713.733	8.36E-04	2.34E-04
725.277	8.14E-04	2.21E-04
737.008	7.92E-04	2.09E-04
748.928	7.70E-04	1.98E-04
761.042	7.49E-04	1.87E-04
773.351	7.28E-04	1.77E-04
785.859	7.07E-04	1.67E-04
798.57	6.87E-04	1.57E-04
811.486	6.68E-04	1.48E-04
824.611	6.48E-04	1.40E-04
837.949	6.29E-04	1.32E-04
851.502	6.10E-04	1.25E-04
865.274	5.92E-04	1.18E-04
879.269	5.74E-04	1.11E-04
893.491	5.57E-04	1.05E-04
907.943	5.40E-04	9.93E-05
922.628	5.24E-04	9.38E-05
937.551	5.08E-04	8.84E-05
952.715	4.92E-04	8.33E-05
968.124	4.77E-04	7.85E-05
983.783	4.62E-04	7.40E-05
999.695	4.48E-04	6.97E-05
1015.86	4.34E-04	6.57E-05
1032.29	4.20E-04	6.19E-05
1048.99	4.07E-04	5.83E-05
1065.96	3.94E-04	5.49E-05
1083.2	3.82E-04	5.18E-05
1100.72	3.70E-04	4.88E-05
1118.52	3.58E-04	4.60E-05
1136.61	3.46E-04	4.34E-05
1155	3.35E-04	4.09E-05
1173.68	3.24E-04	3.86E-05
1192.66	3.14E-04	3.64E-05
1211.95	3.04E-04	3.43E-05
1231.55	2.94E-04	3.23E-05
1251.47	2.85E-04	3.05E-05
1271.72	2.75E-04	2.87E-05
1292.29	2.66E-04	2.71E-05
1313.19	2.58E-04	2.55E-05
1334.43	2.49E-04	2.41E-05
1356.01	2.41E-04	2.27E-05
1377.94	2.33E-04	2.14E-05
1400.23	2.25E-04	2.01E-05
1422.88	2.18E-04	1.90E-05
1445.89	2.11E-04	1.79E-05
1469.28	2.04E-04	1.68E-05
1493.04	1.97E-04	1.59E-05
1517.19	1.90E-04	1.49E-05
1541.73	1.84E-04	1.41E-05
1566.67	1.77E-04	1.32E-05
1592.01	1.71E-04	1.25E-05
1617.76	1.65E-04	1.17E-05
1643.92	1.59E-04	1.10E-05
1670.51	1.53E-04	1.04E-05
1697.53	1.48E-04	9.79E-06
1724.99	1.42E-04	9.21E-06
1752.89	1.36E-04	8.67E-06
1781.24	1.30E-04	8.15E-06
1810.05	1.22E-04	7.67E-06
1838.8	8.77E-05	7.22E-06
1839	8.77E-05	2.43E-05
1839.32	9.55E-05	2.42E-05
1869.07	1.15E-04	2.29E-05
1899.3	1.15E-04	2.17E-05
1930.02	1.14E-04	2.05E-05
1961.24	1.12E-04	1.94E-05
1992.96	1.09E-04	1.83E-05
2025.2	1.07E-04	1.73E-05
2057.95	1.04E-04	1.64E-05
2091.24	1.02E-04	1.55E-05
2125.06	9.90E-05	1.46E-05
2159.43	9.63E-05	1.38E-05
2194.36	9.37E-05	1.30E-05
2229.85	9.10E-05	1.23E-05
2265.92	8.85E-05	1.16E-05
2302.57	8.59E-05	1.10E-05
2339.81	8.34E-05	1.04E-05
2377.66	8.10E-05	9.78E-06
2416.11	7.86E-05	9.23E-06
2455.19	7.63E-05	8.70E-06
2494.9	7.40E-05	8.21E-06
2535.26	7.18E-05	7.74E-06
2576.26	6.96E-05	7.30E-06
2617.93	6.75E-05	6.89E-06
2660.27	6.55E-05	6.49E-06
2703.3	6.35E-05	6.12E-06
2747.03	6.15E-05	5.77E-06
2791.46	5.96E-05	5.44E-06
2836.61	5.78E-05	5.12E-06
2882.49	5.60E-05	4.83E-06
2929.11	5.43E-05	4.55E-06
2976.48	5.26E-05	4.29E-06
3024.63	5.10E-05	4.04E-06
3073.55	4.94E-05	3.80E-06
3123.26	4.78E-05	3.58E-06
3173.78	4.63E-05	3.37E-06
3225.11	4.49E-05	3.18E-06
3277.27	4.35E-05	2.99E-06
3330.28	4.21E-05	2.81E-06
3384.15	4.08E-05	2.65E-06
3438.88	3.95E-05	2.49E-06
3494.5	3.83E-05	2.35E-06
3551.02	3.71E-05	2.21E-06
3608.46	3.59E-05	2.08E-06
3666.82	3.48E-05	1.96E-06
3726.13	3.37E-05	1.84E-06
3786.4	3.26E-05	1.73E-06
3847.64	3.16E-05	1.63E-06
3909.87	3.06E-05	1.53E-06
3973.11	2.96E-05	1.44E-06
4037.38	2.87E-05	1.35E-06
4102.68	2.77E-05	1.27E-06
4169.03	2.69E-05	1.20E-06
4236.46	2.60E-05	1.13E-06
4304.98	2.52E-05	1.06E-06
4374.62	2.44E-05	9.96E-07
4445.37	2.36E-05	9.36E-07
4517.27	2.29E-05	8.80E-07
4590.33	2.21E-05	8.27E-07
4664.58	2.14E-05	7.78E-07
4740.03	2.07E-05	7.31E-07
4816.69	2.01E-05	6.87E-07
4894.6	1.94E-05	6.46E-07
4973.77	1.88E-05	6.07E-07
5054.21	1.82309E-05	5.70066E-07
5135.96	1.76503E-05	5.3565E-07
5219.03	1.70883E-05	5.03292E-07
5303.44	1.6544E-05	4.72881E-07
5389.22	1.60171E-05	4.44272E-07
5476.39	1.55069E-05	4.17375E-07
5564.97	1.50129E-05	3.92094E-07
5654.98	1.45347E-05	3.68318E-07
5746.44	1.40717E-05	3.45973E-07
5839.39	1.36234E-05	3.24972E-07
5933.83	1.31895E-05	3.05235E-07
6029.81	1.27694E-05	2.86671E-07
6127.33	1.23627E-05	2.69235E-07
6226.44	1.19689E-05	2.52843E-07
6327.15	1.15877E-05	2.37446E-07
6429.48	1.12186E-05	2.22959E-07
6533.48	1.08614E-05	2.09368E-07
6639.15	1.05155E-05	1.96586E-07
6746.54	1.01807E-05	1.84577E-07
6855.65	9.85661E-06	1.73298E-07
6966.54	9.54282E-06	1.627E-07
7079.22	9.23908E-06	1.52745E-07
7193.72	8.94503E-06	1.43392E-07
7310.07	8.6604E-06	1.34608E-07
7428.31	8.38482E-06	1.26356E-07
7548.45	8.11812E-06	1.18605E-07
7670.54	7.85989E-06	1.11327E-07
7794.61	7.60994E-06	1.0449E-07
7920.68	7.36801E-06	9.80694E-08
8048.79	7.13382E-06	9.20413E-08
8178.98	6.90711E-06	8.63786E-08
8311.26	6.68769E-06	8.10625E-08
8445.69	6.4753E-06	7.60713E-08
8582.29	6.26975E-06	7.13833E-08
8721.11	6.07081E-06	6.69818E-08
8862.16	5.87833E-06	6.28504E-08
9005.5	5.69209E-06	5.89713E-08
9151.16	5.51199E-06	5.53297E-08
9299.17	5.33792E-06	5.19107E-08
9449.58	5.16991E-06	4.87017E-08
9602.42	5.00853E-06	4.5689E-08
9757.73	4.85776E-06	4.28615E-08
9915.55	4.69742E-06	4.02075E-08
10075.9	4.54021E-06	3.77167E-08
10238.9	4.39445E-06	3.53784E-08
10404.5	4.25329E-06	3.31842E-08
10572.8	4.11697E-06	3.1125E-08
10743.8	3.98527E-06	2.91925E-08
10917.6	3.8579E-06	2.73788E-08
11094.2	3.73475E-06	2.56771E-08
11273.6	3.61567E-06	2.40803E-08
11455.9	3.50045E-06	2.25822E-08
11641.2	3.38895E-06	2.11763E-08
11829.5	3.28105E-06	1.98572E-08
12020.8	3.17666E-06	1.86197E-08
12215.3	3.07557E-06	1.74584E-08
12412.8	2.9778E-06	1.63694E-08
12613.6	2.88313E-06	1.53474E-08
12817.6	2.79152E-06	1.43889E-08
13025	2.7028E-06	1.34894E-08
13235.6	2.61698E-06	1.2646E-08
13449.7	2.53386E-06	1.18548E-08
13667.2	2.45344E-06	1.11128E-08
13888.3	2.37554E-06	1.04167E-08
14112.9	2.30016E-06	9.76382E-09
14341.2	2.22717E-06	9.15153E-09
14573.1	2.15653E-06	8.57737E-09
14808.9	2.0881E-06	8.03879E-09
15048.4	2.02189E-06	7.53383E-09
15291.8	1.95777E-06	7.06028E-09
15539.1	1.89571E-06	6.61626E-09
15790.4	1.83562E-06	6.19991E-09
16045.8	1.77744E-06	5.8095E-09
16305.4	1.72108E-06	5.44339E-09
16569.1	1.66655E-06	5.10021E-09
16837.1	1.61374E-06	4.77843E-09
17109.4	1.56262E-06	4.47679E-09
17386.1	1.51312E-06	4.194E-09
17667.4	1.46517E-06	3.92884E-09
17953.1	1.41878E-06	3.68035E-09
18243.5	1.37384E-06	3.44738E-09
18538.6	1.33033E-06	3.22901E-09
18838.4	1.28821E-06	3.02436E-09
19143.1	1.24742E-06	2.83252E-09
19452.7	1.20793E-06	2.65274E-09
19767.4	1.16969E-06	2.48421E-09
20087.1	1.13266E-06	2.32631E-09
20412	1.0968E-06	2.17837E-09
20742.1	1.0621E-06	2.03981E-09
21077.6	1.02848E-06	1.91001E-09
21418.5	9.95932E-07	1.78844E-09
21765	9.64409E-07	1.67455E-09
22117	9.33897E-07	1.5679E-09
22474.7	9.0435E-07	1.46801E-09
22838.2	8.75737E-07	1.37445E-09
23207.6	8.48028E-07	1.28681E-09
23583	8.21197E-07	1.20474E-09
23964.4	7.95223E-07	1.12788E-09
24352	7.70067E-07	1.0559E-09
24745.9	7.45707E-07	9.88482E-10
25146.2	7.22119E-07	9.25344E-10
25552.9	6.99281E-07	8.66225E-10
25966.2	6.77165E-07	8.10858E-10
26386.1	6.55752E-07	7.59016E-10
26812.9	6.35014E-07	7.10464E-10
27246.6	6.14933E-07	6.65E-10
27687.3	5.95487E-07	6.2243E-10
28135.1	5.76659E-07	5.82569E-10
28590.2	5.58425E-07	5.45244E-10
29052.6	5.4077E-07	5.103E-10
29522.5	5.23679E-07	4.77578E-10
30000	5.07117E-07	4.46944E-10
30400	4.93959E-07	4.28292E-10
30800	4.81194E-07	4.05633E-10
31200	4.68919E-07	3.84441E-10
31500	4.60017E-07	3.69442E-10
31900	4.48537E-07	3.50557E-10
32300	4.37483E-07	3.32854E-10
32600	4.29457E-07	3.20301E-10
33000	4.19095E-07	3.04463E-10
33400	4.09104E-07	2.89561E-10
33800	3.99467E-07	2.75551E-10
34100	3.9246E-07	2.65594E-10
34500	3.83401E-07	2.53001E-10
34900	3.74652E-07	2.41156E-10
35300	3.66199E-07	2.29945E-10
35700	3.58029E-07	2.19393E-10
36030	3.51493E-07	2.11116E-10
36500	3.42489E-07	2.00001E-10
37000	3.33285E-07	1.8896E-10
37500	3.24449E-07	1.78666E-10
38000	3.15957E-07	1.69057E-10
38500	3.07796E-07	1.60068E-10
39000	2.99946E-07	1.51663E-10
39500	2.92393E-07	1.43799E-10
40000	2.85122E-07	1.36435E-10
40400	2.79499E-07	1.30871E-10
40800	2.74041E-07	1.25573E-10
41100	2.70051E-07	1.21783E-10
41500	2.64866E-07	1.16937E-10
41900	2.59829E-07	1.12337E-10
42300	2.54933E-07	1.07948E-10
43000	2.46693E-07	1.00776E-10
43800	2.37757E-07	9.32877E-11
44500	2.3033E-07	8.72935E-11
45300	2.2226E-07	8.10108E-11
46000	2.15541E-07	7.59605E-11
46500	2.10927E-07	7.25905E-11
47000	2.06461E-07	6.94036E-11
47500	2.02134E-07	6.63918E-11
48000	1.97941E-07	6.35334E-11
48500	1.93878E-07	6.08324E-11
49000	1.89939E-07	5.82661E-11
49500	1.86118E-07	5.58353E-11
50000	1.82412E-07	5.3529E-11
50500	1.78816E-07	5.13374E-11
51000	1.75325E-07	4.9251E-11
51500	1.71935E-07	4.7273E-11
52000	1.68643E-07	4.53884E-11
52500	1.65444E-07	4.35998E-11
53000	1.62335E-07	4.18939E-11
53500	1.59313E-07	4.02734E-11
54000	1.56375E-07	3.87264E-11
54500	1.53517E-07	3.72544E-11
54650	1.52674E-07	3.68257E-11
54800	1.5184E-07	3.64029E-11
54820	1.51729E-07	3.63469E-11
54835	1.51646E-07	3.6305E-11
54850	1.51563E-07	3.62632E-11
54855	1.51535E-07	3.62344E-11
54860	1.51508E-07	3.61762E-11
54870	1.51452E-07	3.61484E-11
54900	1.51287E-07	3.60652E-11
54950	1.51011E-07	3.59271E-11
55000	1.50737E-07	3.57896E-11
55150	1.49917E-07	3.53826E-11
55300	1.49105E-07	3.4981E-11
55500	1.48032E-07	3.44539E-11
56000	1.45398E-07	3.31762E-11
56800	1.41329E-07	3.12523E-11
57530	1.37763E-07	2.96151E-11
58000	1.35538E-07	2.8617E-11
58500	1.3323E-07	2.76005E-11
59540	1.28614E-07	2.56255E-11
59800	1.27498E-07	2.51595E-11
60000	1.26649E-07	2.48079E-11
60800	1.23336E-07	2.34613E-11
61500	1.20544E-07	2.23533E-11
62300	1.17466E-07	2.11686E-11
63000	1.14869E-07	2.01923E-11
64000	1.11306E-07	1.88965E-11
65000	1.07906E-07	1.76978E-11
65900	1.04978E-07	1.67018E-11
66830	1.02075E-07	1.57415E-11
67400	1.00355E-07	1.5188E-11
68000	9.85912E-08	1.463E-11
69000	9.5753E-08	1.37575E-11
70000	9.30356E-08	1.29458E-11
71000	9.04326E-08	1.2194E-11
72000	8.79373E-08	1.14933E-11
72800	8.60145E-08	1.09708E-11
73500	8.43832E-08	1.05365E-11
74200	8.27982E-08	1.01225E-11
74960	8.11271E-08	9.69448E-12
75500	7.99704E-08	9.40516E-12
76000	7.89213E-08	9.14629E-12
77110	7.66648E-08	8.60287E-12
78600	7.37848E-08	7.93466E-12
79300	7.24874E-08	7.64324E-12
80000	7.12241E-08	7.36441E-12
81500	6.86259E-08	6.8102E-12
83000	6.61673E-08	6.30475E-12
84000	6.46007E-08	5.99442E-12
85000	6.30894E-08	5.70202E-12
86500	6.09195E-08	5.29698E-12
88000	5.88599E-08	4.9256E-12
89000	5.75442E-08	4.69652E-12
90000	5.62723E-08	4.47995E-12
91500	5.4442E-08	4.17859E-12
93000	5.26995E-08	3.90097E-12
94000	5.1584E-08	3.729E-12
95000	5.05035E-08	3.56594E-12
96500	4.89453E-08	3.33816E-12
98000	4.74582E-08	3.12743E-12
99000	4.65041E-08	2.99641E-12
99500	4.60377E-08	2.93334E-12
100000	4.55785E-08	2.87183E-12
101500	4.42411E-08	2.69761E-12
103000	4.29616E-08	2.53579E-12
104000	4.21392E-08	2.43428E-12
105000	4.13404E-08	2.33756E-12
106500	4.01837E-08	2.20221E-12
108000	3.90751E-08	2.0761E-12
109000	3.83613E-08	1.99675E-12
110000	3.76668E-08	1.92098E-12
113000	3.56931E-08	1.71521E-12
115000	3.44622E-08	1.59248E-12
118000	3.27319E-08	1.42914E-12
119000	3.2184E-08	1.37915E-12
120000	3.16498E-08	1.33123E-12
122000	3.06205E-08	1.2421E-12
124000	2.96406E-08	1.15998E-12
125500	2.89361E-08	1.1026E-12
127000	2.82565E-08	1.04854E-12
130000	2.69673E-08	9.50625E-13
133000	2.57643E-08	8.63543E-13
136000	2.464E-08	7.86486E-13
139000	2.35878E-08	7.17478E-13
142000	2.26015E-08	6.56178E-13
145400	2.15567E-08	5.94102E-13
146000	2.13799E-08	5.83952E-13
146700	2.11763E-08	5.7237E-13
148000	2.08059E-08	5.51576E-13
149000	2.05275E-08	5.3624E-13
150000	2.02547E-08	5.21407E-13
154000	1.92161E-08	4.67234E-13
158000	1.82554E-08	4.19617E-13
162000	1.7365E-08	3.78058E-13
165000	1.67392E-08	3.50073E-13
169000	1.59562E-08	3.16887E-13
173000	1.52268E-08	2.87374E-13
177000	1.45463E-08	2.61302E-13
180000	1.40654E-08	2.4358E-13
183000	1.3608E-08	2.27445E-13
185000	1.33154E-08	2.17395E-13
190000	1.26237E-08	1.94489E-13
195000	1.19846E-08	1.74616E-13
200000	1.13928E-08	1.57112E-13
205000	1.08438E-08	1.42067E-13
210000	1.03335E-08	1.28715E-13
215000	9.8585E-09	1.16941E-13
220000	9.41544E-09	1.06467E-13
226000	8.92213E-09	9.55093E-14
232000	8.46658E-09	8.5891E-14
238000	8.04507E-09	7.74193E-14
244700	7.61052E-09	6.91112E-14
252000	7.17595E-09	6.13649E-14
260000	6.74114E-09	5.40383E-14
270000	6.25102E-09	4.63866E-14
279200	5.84585E-09	4.04619E-14
285000	5.61032E-09	3.72303E-14
290000	5.41852E-09	3.46907E-14
300000	5.06331E-09	3.02018E-14
308000	4.80368E-09	2.72452E-14
316500	4.54912E-09	2.44791E-14
320100	4.44738E-09	2.34164E-14
332000	4.13426E-09	2.03075E-14
344300	3.84414E-09	1.76051E-14
357000	3.5755E-09	1.52976E-14
370000	3.32865E-09	1.33074E-14
385000	3.07433E-09	1.13869E-14
400000	2.84807E-09	9.79019E-15
406000	2.76452E-09	9.26304E-15
411100	2.69634E-09	8.84212E-15
411800	2.68718E-09	8.78632E-15
444000	2.31155E-09	6.6397E-15
468050	2.0801E-09	5.46009E-15
480000	1.97782E-09	4.97422E-15
500000	1.82275E-09	4.27435E-15
530000	1.62224E-09	3.45424E-15
550000	1.50641E-09	3.01707E-15
580000	1.3546E-09	2.50529E-15
600000	1.2658E-09	2.22314E-15
630000	1.14811E-09	1.87835E-15
661600	1.04106E-09	1.58456E-15
700000	9.29972E-10	1.30461E-15
723300	8.71022E-10	1.17037E-15
778900	7.51109E-10	9.20909E-16
800000	7.1201E-10	8.44846E-16
867400	6.05658E-10	6.5217E-16
889200	5.76325E-10	6.02374E-16
900000	5.62576E-10	5.79554E-16
964000	4.90355E-10	4.6737E-16
1.00E+06	4.55685E-10	4.17149E-16
1.00E+06	4.51342E-10	4.0973E-16
1.09E+06	3.86514E-10	3.15534E-16
1.12E+06	3.62945E-10	2.84821E-16
1.12E+06	3.62557E-10	2.84322E-16
1.17E+06	3.3107E-10	2.48632E-16
1.27E+06	2.80533E-10	1.95159E-16
1.33E+06	2.56643E-10	1.70494E-16
1.41E+06	2.29858E-10	1.43987E-16
1.50E+06	2.02527E-10	1.18344E-16
1.70E+06	1.57676E-10	8.13347E-17
2.00E+06	1.13921E-10	4.92569E-17
2.50E+06	7.29095E-11	2.54408E-17
3.00E+06	5.06316E-11	1.45619E-17
4.00E+06	2.84803E-11	6.17342E-18
5.00E+06	1.82274E-11	3.1776E-18
5.00E+06	1.82254E-11	3.17709E-18
5.00E+06	1.82208E-11	3.17589E-18
6.00E+06	1.26579E-11	1.84642E-18
7.00E+06	9.29969E-12	1.16719E-18
8.00E+06	7.12007E-12	7.84232E-19
9.00E+06	5.62574E-12	5.52091E-19
1.00E+07	4.55685E-12	4.03296E-19
