0.05	-45.5	93.7
0.06	-33.5	82.9
0.07	-25.5	73.8
0.08	-19.9	66.3
0.09	-16	60
0.1	-13.1	54.7
0.12	-9.1	46.4
0.14	-6.58	40.2
0.16	-4.92	35.3
0.18	-3.72	31.5
0.2	-2.87	28.3
0.25	-1.56	22.4
0.3	-0.83	18.3
0.32	-0.72	16.9
0.34	-0.71	15.7
0.36	-0.82	14.7
0.38	-0.86	13.9
0.4	-0.94	13.2
0.42	-0.92	12.6
0.44	-0.82	12.1
0.46	-0.69	11.6
0.48	-0.54	11.1
0.5	-0.4	10.5
0.52	-0.3	9.98
0.54	-0.23	9.45
0.56	-0.2	8.94
0.58	-0.18	8.44
0.6	-0.21	7.96
0.62	-0.28	7.52
0.64	-0.36	7.14
0.66	-0.45	6.78
0.68	-0.52	6.45
0.7	-0.59	6.13
0.72	-0.7	5.81
0.74	-0.83	5.52
0.76	-0.97	5.27
0.78	-1.12	5.05
0.8	-1.22	4.85
0.82	-1.36	4.61
0.83	-1.47	4.47
0.84	-1.62	4.37
0.85	-1.8	4.33
0.86	-1.92	4.37
0.87	-2	4.39
0.88	-2.05	4.42
0.9	-2.11	4.44
0.92	-2.14	4.45
0.94	-2.15	4.43
0.96	-2.15	4.41
0.98	-2.15	4.36
1	-2.14	4.32
1.05	-2.11	4.19
1.1	-2.05	4.04
1.15	-2.02	3.83
1.2	-2	3.64
1.25	-2.05	3.39
1.3	-2.12	3.24
1.35	-2.2	3.07
1.4	-2.29	2.96
1.45	-2.38	2.85
1.5	-2.48	2.79
1.55	-2.56	2.73
1.6	-2.67	2.68
1.65	-2.78	2.72
1.7	-2.84	2.78
1.75	-2.85	2.86
1.8	-2.82	2.91
1.85	-2.76	2.95
1.9	-2.7	2.94
1.95	-2.65	2.92
2	-2.6	2.89
2.05	-2.57	2.86
2.1	-2.54	2.84
2.15	-2.51	2.81
2.2	-2.49	2.75
2.25	-2.5	2.73
2.3	-2.5	2.72
2.35	-2.48	2.72
2.4	-2.45	2.72
2.45	-2.42	2.71
2.5	-2.38	2.68
2.55	-2.35	2.64
2.6	-2.34	2.62
2.65	-2.32	2.59
2.7	-2.31	2.55
2.75	-2.31	2.53
2.8	-2.3	2.49
2.85	-2.31	2.47
2.9	-2.32	2.45
2.95	-2.33	2.43
3	-2.35	2.42
3.05	-2.37	2.42
3.1	-2.39	2.41
3.15	-2.41	2.43
3.2	-2.43	2.45
3.25	-2.45	2.49
3.3	-2.45	2.55
3.35	-2.43	2.6
3.4	-2.39	2.66
3.45	-2.32	2.7
3.5	-2.24	2.7
3.55	-2.18	2.69
3.6	-2.13	2.67
3.65	-2.09	2.65
3.7	-2.05	2.62
3.75	-2.02	2.6
3.8	-1.99	2.56
3.85	-1.98	2.53
3.9	-1.96	2.5
3.95	-1.95	2.46
4	-1.95	2.43
4.1	-1.97	2.37
4.2	-2.01	2.33
4.3	-2.07	2.31
4.4	-2.13	2.32
4.5	-2.19	2.35
4.6	-2.24	2.41
4.7	-2.29	2.48
4.8	-2.33	2.57
4.9	-2.37	2.68
5	-2.4	2.85
5.1	-2.38	3.05
5.2	-2.27	3.27
5.3	-2.11	3.43
5.4	-1.92	3.58
5.5	-1.68	3.68
5.6	-1.43	3.7
5.7	-1.2	3.67
5.8	-1	3.61
5.9	-0.83	3.52
6	-0.7	3.42
6.1	-0.58	3.33
6.2	-0.47	3.24
6.3	-0.38	3.14
6.4	-0.31	3.04
6.5	-0.26	2.95
6.6	-0.21	2.87
6.7	-0.16	2.78
6.8	-0.12	2.7
6.9	-0.09	2.63
7	-0.06	2.56
7.1	-0.04	2.49
7.2	-0.01	2.43
7.3	0.007	2.36
7.4	0.021	2.29
7.5	0.036	2.24
7.6	0.05	2.18
7.7	0.063	2.12
7.8	0.07	2.06
7.9	0.068	2
8	0.063	1.95
8.1	0.065	1.91
8.2	0.065	1.86
8.3	0.057	1.81
8.4	0.044	1.76
8.5	0.027	1.73
8.6	0.014	1.7
8.7	0.001	1.67
8.8	-0.01	1.65
8.9	-0.02	1.63
9	-0.01	1.6
9.1	-0.02	1.57
9.2	-0.02	1.55
9.3	-0.03	1.52
9.4	-0.03	1.5
9.5	-0.04	1.47
9.6	-0.05	1.44
9.7	-0.07	1.41
9.8	-0.09	1.38
9.9	-0.11	1.36
10	-0.13	1.34
10.1	-0.16	1.33
10.2	-0.19	1.33
10.3	-0.22	1.33
10.4	-0.24	1.33
10.5	-0.26	1.34
10.6	-0.28	1.36
10.7	-0.28	1.38
10.8	-0.29	1.39
10.9	-0.29	1.41
11	-0.28	1.42
11.1	-0.28	1.43
11.2	-0.27	1.44
11.3	-0.26	1.45
11.4	-0.25	1.46
11.5	-0.24	1.47
11.6	-0.22	1.48
11.7	-0.21	1.48
11.8	-0.2	1.48
11.9	-0.18	1.48
12	-0.16	1.48
12.2	-0.13	1.48
12.4	-0.1	1.47
12.6	-0.07	1.46
12.8	-0.04	1.44
13	-0.01	1.42
13.2	0.016	1.4
13.4	0.038	1.37
13.6	0.059	1.35
13.8	0.077	1.32
14	0.087	1.28
14.2	0.094	1.25
14.4	0.099	1.23
14.6	0.1	1.2
14.8	0.096	1.17
15	0.083	1.14
15.2	0.067	1.13
15.4	0.049	1.12
15.6	0.034	1.12
15.8	0.024	1.13
16	0.019	1.14
16.2	0.02	1.15
16.4	0.027	1.17
16.6	0.041	1.18
16.8	0.056	1.19
17	0.078	1.2
17.2	0.1	1.2
17.4	0.126	1.21
17.6	0.153	1.21
17.8	0.178	1.2
18	0.204	1.2
18.2	0.234	1.19
18.4	0.262	1.18
18.6	0.288	1.16
18.8	0.312	1.15
19	0.335	1.13
19.2	0.358	1.11
19.4	0.379	1.09
19.6	0.401	1.07
19.8	0.421	1.05
20	0.437	1.02
20.2	0.451	0.994
20.4	0.463	0.969
20.6	0.475	0.943
20.8	0.483	0.918
21	0.492	0.892
21.2	0.497	0.866
21.4	0.501	0.842
21.6	0.504	0.819
21.8	0.508	0.796
22	0.509	0.773
22.2	0.509	0.751
22.4	0.508	0.73
22.6	0.507	0.712
22.8	0.506	0.695
23	0.506	0.679
23.2	0.51	0.663
23.4	0.514	0.643
23.6	0.516	0.621
23.8	0.517	0.598
24	0.513	0.575
24.2	0.509	0.554
24.4	0.503	0.534
24.6	0.497	0.513
24.8	0.489	0.494
25	0.479	0.476
25.2	0.472	0.461
25.4	0.463	0.444
25.6	0.452	0.429
25.8	0.44	0.415
26	0.429	0.404
26.2	0.42	0.394
26.4	0.409	0.383
26.6	0.4	0.375
26.8	0.39	0.365
27	0.381	0.357
27.25	0.369	0.346
27.5	0.357	0.336
27.75	0.344	0.328
28	0.329	0.322
28.25	0.321	0.318
28.5	0.31	0.31
28.75	0.3	0.306
29	0.288	0.301
29.25	0.276	0.298
29.3	0.242026286	0.222115835
29.7739	0.231557467	0.210143848
30.2555	0.220049111	0.198805644
30.7449	0.207691539	0.188079475
31.2421	0.194623413	0.178307635
31.7475	0.181430885	0.169857532
32.2609	0.168121415	0.161809497
32.7827	0.154032514	0.154656669
33.313	0.139992521	0.14902498
33.8518	0.126313597	0.143598463
34.3993	0.111555365	0.138369862
34.9557	0.095562667	0.135903343
35.5211	0.080849862	0.135766971
36.0956	0.067726244	0.135630793
36.6794	0.0544528	0.135494758
37.2727	0.040077337	0.136347591
37.8755	0.026026479	0.139488299
38.4882	0.01279719	0.142700505
39.1107	-0.002705649	0.145987484
39.7432	-0.019227858	0.157084667
40.3861	-0.031130291	0.170444849
41.0393	-0.04010303	0.184942342
41.7031	-0.046438177	0.20067256
42.3776	-0.049942674	0.217740971
43.063	-0.049060531	0.23626081
43.7595	-0.042086035	0.252141556
44.4673	-0.034215335	0.262839833
45.1865	-0.027360836	0.273992601
45.9174	-0.018534126	0.284643149
46.66	-0.008071997	0.294759623
47.4147	0.006306128	0.305231787
48.1816	0.024967432	0.307976471
48.9609	0.040213772	0.305968819
49.7528	0.052265982	0.303972805
50.5576	0.063922812	0.301989307
51.3753	0.076334033	0.299883758
52.2062	0.088812936	0.295481806
53.0506	0.100281634	0.291143326
53.9087	0.112615158	0.286869214
54.7806	0.129703312	0.28206716
55.6667	0.14618606	0.265622517
56.567	0.15472521	0.250139385
57.482	0.161781761	0.234807472
58.4117	0.166359701	0.218219043
59.3564	0.168255631	0.202803167
60.3165	0.168724714	0.188438456
61.2921	0.167921001	0.174550408
62.2834	0.165729447	0.161686854
63.2908	0.162574929	0.149770361
64.3145	0.158605039	0.13914808
65.3547	0.154436258	0.129635351
66.4118	0.150163743	0.120774127
67.4859	0.145628509	0.11251781
68.5775	0.140478738	0.10482615
69.6867	0.135045197	0.098532329
70.8138	0.130345087	0.093037452
71.9591	0.125898166	0.087849515
73.123	0.121588821	0.082950081
74.3057	0.117363026	0.078324483
75.5076	0.11309842	0.073956565
76.7289	0.108856682	0.070067004
77.9699	0.104879899	0.066423936
79.231	0.100973447	0.062970341
80.5125	0.097075319	0.059696261
81.8147	0.093105274	0.056592517
83.138	0.089161704	0.054245465
84.4827	0.085650387	0.052025697
85.8491	0.082335299	0.049896939
87.2377	0.079156017	0.047855105
88.6487	0.076061699	0.045896916
90.0825	0.073024292	0.04403667
91.5395	0.07007737	0.042397209
93.0201	0.067273418	0.040818659
94.5246	0.064546986	0.039298982
96.0535	0.061857078	0.037835802
97.6071	0.059097511	0.03643122
99.1858	0.056377036	0.035437342
100.79	0.053915362	0.034470615
102.42	0.051481207	0.033530324
104.077	0.049022079	0.032860055
105.76	0.046836384	0.032373038
107.471	0.044855036	0.031892722
109.209	0.042986651	0.031419939
110.975	0.041177458	0.030989266
112.77	0.039493157	0.03069372
114.594	0.037987707	0.030400986
116.448	0.036604821	0.030110786
118.331	0.035342649	0.02979125
120.245	0.03414086	0.029433721
122.19	0.032987588	0.029080427
124.166	0.031893701	0.028731612
126.175	0.030854932	0.028386559
128.215	0.029872407	0.028049344
130.289	0.028943823	0.027715739
132.397	0.028067777	0.02738598
134.538	0.027243444	0.027060438
136.714	0.026472189	0.02673873
138.925	0.025762746	0.026420816
141.172	0.025134611	0.026106727
143.456	0.024584192	0.025642931
145.776	0.023950253	0.025153181
148.134	0.023290968	0.024672405
150.53	0.022602546	0.024200802
152.964	0.021866229	0.023818252
155.439	0.021209892	0.023527962
157.953	0.020630075	0.023241285
160.507	0.020099222	0.022958407
163.103	0.01962441	0.022678876
165.742	0.019191517	0.022351945
168.422	0.018754937	0.022023787
171.146	0.018340194	0.021700301
173.915	0.017963297	0.021381391
176.727	0.017611526	0.021008793
179.586	0.017233631	0.020635625
182.491	0.016856326	0.020269315
185.442	0.016476207	0.019909574
188.442	0.01609509	0.019576748
191.489	0.015744091	0.019257993
194.587	0.015409413	0.018944233
197.734	0.015090038	0.018635639
200.932	0.014785925	0.018332159
204.182	0.01450109	0.0180335
207.485	0.014232096	0.017722793
210.84	0.013962386	0.017414449
214.251	0.013699663	0.017111333
217.716	0.013445454	0.016813576
221.237	0.013200056	0.01652104
224.816	0.012963525	0.016233425
228.452	0.012736384	0.015950962
232.147	0.012518566	0.01567336
235.902	0.012310473	0.015400563
239.717	0.012112365	0.015132644
243.595	0.011924576	0.014869214
247.535	0.011747875	0.014610474
251.538	0.011583322	0.014356292
255.607	0.011432344	0.014106391
259.741	0.011297897	0.013860949
263.942	0.011192624	0.013619743
268.211	0.011130958	0.01338273
272.549	0.011080334	0.013025709
276.957	0.010972385	0.012672678
281.437	0.010842761	0.012329168
285.989	0.010701409	0.01199502
290.615	0.010552931	0.01166991
295.315	0.010400268	0.011353634
300.092	0.010247382	0.011045865
304.945	0.010097472	0.010741333
309.878	0.009939815	0.010436747
314.89	0.009776995	0.010140825
319.983	0.009611826	0.009853317
325.158	0.009445545	0.009574001
330.418	0.009278832	0.009302505
335.762	0.00911286	0.009038745
341.192	0.008948964	0.008779806
346.711	0.008782283	0.008526227
352.319	0.008614515	0.008279991
358.017	0.008445999	0.00804087
363.808	0.008274624	0.007808656
369.692	0.00809745	0.007584649
375.672	0.007925033	0.007387753
381.748	0.007764581	0.007196026
387.922	0.007610947	0.007009254
394.197	0.007462651	0.006827286
400.573	0.00731911	0.006650082
407.052	0.007179828	0.006477476
413.635	0.007043879	0.006309367
420.326	0.00691239	0.006149738
427.124	0.006788742	0.005994722
434.032	0.006672162	0.005843617
441.052	0.006564637	0.005696316
448.186	0.006470429	0.005552697
455.435	0.006385384	0.005390434
462.802	0.006300174	0.005216809
470.287	0.006199227	0.005041114
477.894	0.006091861	0.004871141
485.623	0.005981977	0.004706897
493.478	0.005870929	0.004548221
501.459	0.005760053	0.004395083
509.57	0.005650388	0.004246947
517.812	0.005543729	0.004102699
526.187	0.005438415	0.003959804
534.698	0.005334425	0.003815235
543.346	0.005224418	0.003672814
552.134	0.005112162	0.003535955
561.065	0.00499788	0.003402307
570.139	0.004875806	0.003274959
579.361	0.004756282	0.003166687
588.732	0.00464288	0.003065686
598.254	0.004538361	0.002970213
607.93	0.004440069	0.002877713
617.763	0.00434793	0.002788066
627.755	0.004264482	0.002700481
637.908	0.004186819	0.002607063
648.226	0.004113998	0.002504595
658.711	0.004029686	0.002398365
669.365	0.003939979	0.002296632
680.191	0.003846468	0.002202703
691.193	0.003756429	0.002115184
702.372	0.003669789	0.002031487
713.733	0.003586462	0.001947607
725.277	0.003501332	0.001864874
737.008	0.00341617	0.001785662
748.928	0.00333179	0.0017098
761.042	0.00324866	0.001637108
773.351	0.003167021	0.001567131
785.859	0.003087221	0.001498926
798.57	0.003007398	0.001432711
811.486	0.002928337	0.001369403
824.611	0.002850398	0.00130889
837.949	0.002773792	0.001251041
851.502	0.002698586	0.001195513
865.274	0.002624835	0.001142205
879.269	0.002552226	0.00109107
893.491	0.002480953	0.001042216
907.943	0.002411162	0.000995533
922.628	0.00234297	0.000950931
937.551	0.002276222	0.000907879
952.715	0.002210831	0.000866651
968.124	0.002146702	0.000827192
983.783	0.002083969	0.000789526
999.695	0.002022758	0.000753502
1015.86	0.001963102	0.00071906
1032.29	0.001904729	0.000685572
1048.99	0.001847536	0.000653484
1065.96	0.001791354	0.000622735
1083.2	0.001736335	0.000593427
1100.72	0.001682515	0.000565491
1118.52	0.001629917	0.000538867
1136.61	0.001578521	0.000513477
1155	0.001528298	0.000489277
1173.68	0.001479284	0.000466224
1192.66	0.001431455	0.00044425
1211.95	0.00138479	0.000423307
1231.55	0.001339327	0.000403348
1251.47	0.001294987	0.000384134
1271.72	0.001251749	0.000365627
1292.29	0.001209226	0.000347771
1313.19	0.001167508	0.000330797
1334.43	0.001126626	0.000314642
1356.01	0.001086558	0.000299267
1377.94	0.001047264	0.000284641
1400.23	0.001008705	0.000270725
1422.88	0.000970834	0.000257485
1445.89	0.000933602	0.000244896
1469.28	0.000896943	0.000232903
1493.04	0.000860758	0.000221472
1517.19	0.000824896	0.000210528
1541.73	0.000789213	0.000200117
1566.67	0.000753549	0.000190218
1592.01	0.000717697	0.000180802
1617.76	0.00068134	0.000171851
1643.92	0.000644053	0.000163343
1670.51	0.000605144	0.000155247
1697.53	0.000563507	0.000147552
1724.99	0.000517116	0.00014024
1752.89	0.000461422	0.000133232
1781.24	3.82E-04	0.000126563
1809.1	-7.95E-05	0.000120429
1809.3	-7.95E-05	0.000364904
1810.05	8.61787E-05	0.000364456
1839.32	0.000327066	0.000347487
1869.07	2.46E-04	0.000331307
1871.5	8.78E-05	0.00033003
1871.7	8.82243E-05	0.000489021
1899.3	0.000394216	0.000465075
1930.02	0.000442369	0.000440174
1961.24	0.0004667	0.000416605
1992.96	0.000479774	0.000394296
2025.2	0.000486063	0.000373265
2057.95	0.000487695	0.00035327
2091.24	0.000485842	0.000334345
2125.06	0.000481243	0.00031644
2159.43	0.000474265	0.000299485
2194.36	0.000464888	0.000283442
2229.85	0.000452276	0.000268258
2265.92	0.000428244	0.000253882
2280.9	0.000366053	0.000248203
2281.1	0.000366151	0.000289206
2302.57	0.000429424	0.000279663
2339.81	0.00043455	0.000264046
2377.66	0.000431888	0.000249297
2416.11	0.00042626	0.00023538
2455.19	0.000418821	0.000222233
2494.9	0.000409929	0.000209833
2535.26	0.000399189	0.000198117
2574.8	0.000367452	0.000187438
2575	0.000367474	0.000200201
2576.26	0.000377423	0.000199857
2617.93	0.000382758	0.000188924
2660.27	0.000376416	0.000178595
2703.3	0.000368569	0.00016884
2747.03	0.000359805	0.000159613
2791.46	0.000349746	0.000150893
2819.5	0.000332905	0.000145703
2819.7	0.000332869	0.000152199
2836.61	0.000340469	0.00014916
2882.49	0.000334862	0.000141301
2929.11	0.00032765	0.00013384
2976.48	0.000320037	0.000126761
3024.63	0.000312267	0.000120046
3073.55	0.000304451	0.000113672
3123.26	0.000296639	0.000107622
3173.78	0.00028887	1.02E-04
3225.11	0.000281173	9.64E-05
3277.27	0.000273569	9.13E-05
3330.28	0.000266069	8.64E-05
3384.15	0.000258688	8.18E-05
3438.88	0.000251434	7.74E-05
3494.5	0.000244316	7.32E-05
3551.02	0.000237335	6.93E-05
3608.46	0.000230497	6.56E-05
3666.82	0.000223807	6.20E-05
3726.13	0.000217265	5.87E-05
3786.4	0.000210873	5.55E-05
3847.64	0.000204632	5.25E-05
3909.87	0.000198542	4.97E-05
3973.11	0.000192603	4.70E-05
4037.38	0.000186812	4.44E-05
4102.68	0.00018117	4.20E-05
4169.03	0.000175675	3.97E-05
4236.46	0.000170325	3.76E-05
4304.98	0.000165119	3.55E-05
4374.62	0.000160052	3.36E-05
4445.37	0.000155126	3.18E-05
4517.27	0.000150335	3.00E-05
4590.33	0.000145679	2.84E-05
4664.58	0.000141153	2.68E-05
4740.03	0.000136756	2.54E-05
4816.69	0.000132486	2.40E-05
4894.6	0.000128338	2.27E-05
4973.77	0.000124311	2.14E-05
5054.21	0.000120401	2.02E-05
5135.96	0.000116606	1.91E-05
5219.03	0.000112923	1.81E-05
5303.44	0.00010935	1.71E-05
5389.22	0.000105883	1.62E-05
5476.39	1.03E-04	1.53E-05
5564.97	9.93E-05	1.44E-05
5654.98	9.61E-05	1.36E-05
5746.44	9.30E-05	1.29E-05
5839.39	9.00E-05	1.22E-05
5933.83	8.72E-05	1.15E-05
6029.81	8.44E-05	1.09E-05
6127.33	8.17E-05	1.03E-05
6226.44	7.90E-05	9.69E-06
6327.15	7.65E-05	9.16E-06
6429.48	7.40E-05	8.65E-06
6533.48	7.16E-05	8.17E-06
6639.15	6.93E-05	7.72E-06
6746.54	6.70E-05	7.29E-06
6855.65	6.49E-05	6.88E-06
6966.54	6.27E-05	6.50E-06
7079.22	6.07E-05	6.14E-06
7193.72	5.87E-05	5.80E-06
7310.07	5.68E-05	5.48E-06
7428.31	5.49E-05	5.17E-06
7548.45	5.31E-05	4.88E-06
7670.54	5.14E-05	4.61E-06
7794.61	4.97E-05	4.35E-06
7920.68	4.80E-05	4.11E-06
8048.79	4.64E-05	3.88E-06
8178.98	4.49E-05	3.66E-06
8311.26	4.34E-05	3.46E-06
8445.69	4.19E-05	3.27E-06
8582.29	4.05E-05	3.08E-06
8721.11	3.91E-05	2.91E-06
8862.16	3.77E-05	2.75E-06
9005.5	3.64E-05	2.59E-06
9151.16	3.51E-05	2.45E-06
9299.17	3.39E-05	2.31E-06
9449.58	3.26E-05	2.18E-06
9602.42	3.14E-05	2.06E-06
9757.73	3.01E-05	1.94E-06
9915.55	2.88E-05	1.83E-06
10075.9	2.72E-05	1.73E-06
10206.7	2.06E-05	1.65E-06
10206.9	2.06E-05	4.26E-06
10238.9	2.52E-05	4.21E-06
10404.5	2.59E-05	3.96E-06
10572.8	2.55E-05	3.72E-06
10743.8	2.49E-05	3.50E-06
10917.6	2.43E-05	3.29E-06
11094.2	2.35E-05	3.10E-06
11273.6	2.27E-05	2.91E-06
11455.9	2.17E-05	2.74E-06
11543.9	1.92E-05	2.66E-06
11544.1	1.92E-05	3.73E-06
11641.2	2.11E-05	3.61E-06
11829.5	2.08E-05	3.41E-06
12020.8	2.02E-05	3.21E-06
12099.7	1.91E-05	3.13E-06
12099.9	1.91E-05	3.59E-06
12215.3	1.98E-05	3.48E-06
12412.8	1.95E-05	3.29E-06
12613.6	1.90E-05	3.10E-06
12817.6	1.86E-05	2.93E-06
13025	1.81E-05	2.77E-06
13235.6	1.76E-05	2.62E-06
13449.7	1.71E-05	2.47E-06
13667.2	1.66E-05	2.34E-06
13888.3	1.62E-05	2.21E-06
14112.9	1.57E-05	2.08E-06
14341.2	1.53E-05	1.97E-06
14573.1	1.48E-05	1.86E-06
14808.9	1.44E-05	1.75E-06
15048.4	1.39E-05	1.65E-06
15291.8	1.35E-05	1.56E-06
15539.1	1.31E-05	1.47E-06
15790.4	1.27E-05	1.39E-06
16045.8	1.23E-05	1.31E-06
16305.4	1.20E-05	1.24E-06
16569.1	1.16E-05	1.17E-06
16837.1	1.13E-05	1.10E-06
17109.4	1.09E-05	1.04E-06
17386.1	1.06E-05	9.81E-07
17667.4	1.02E-05	9.25E-07
17953.1	9.93E-06	8.73E-07
18243.5	9.62E-06	8.23E-07
18538.6	9.32E-06	7.76E-07
18838.4	9.03E-06	7.32E-07
19143.1	8.75E-06	6.90E-07
19452.7	8.48E-06	6.51E-07
19767.4	8.21E-06	6.14E-07
20087.1	7.96E-06	5.79E-07
20412	7.71E-06	5.46E-07
20742.1	7.47E-06	5.14E-07
21077.6	7.23E-06	4.85E-07
21418.5	7.00E-06	4.57E-07
21765	6.78E-06	4.31E-07
22117	6.57E-06	4.06E-07
22474.7	6.36E-06	3.83E-07
22838.2	6.16E-06	3.61E-07
23207.6	5.97E-06	3.40E-07
23583	5.78E-06	3.21E-07
23964.4	5.59E-06	3.02E-07
24352	5.42E-06	2.85E-07
24745.9	5.25E-06	2.68E-07
25146.2	5.08E-06	2.53E-07
25552.9	4.92E-06	2.38E-07
25966.2	4.76E-06	2.25E-07
26386.1	4.61E-06	2.12E-07
26812.9	4.47E-06	1.99E-07
27246.6	4.32E-06	1.88E-07
27687.3	4.19E-06	1.77E-07
28135.1	4.05E-06	1.67E-07
28590.2	3.92E-06	1.57E-07
29052.6	3.80E-06	1.48E-07
29522.5	3.68E-06	1.40E-07
30000	3.56E-06	1.31E-07
30400	3.47E-06	1.29E-07
30800	3.38E-06	1.23E-07
31200	3.29E-06	1.17E-07
31500	3.23E-06	1.13E-07
31900	3.14E-06	1.08E-07
32300	3.07E-06	1.03E-07
32600	3.01E-06	9.97E-08
33000	2.94E-06	9.53E-08
33400	2.87E-06	9.11E-08
33800	2.80E-06	8.71E-08
34100	2.75E-06	8.43E-08
34500	2.68E-06	8.07E-08
34900	2.62E-06	7.73E-08
35300	2.56E-06	7.41E-08
35700	2.51E-06	7.10E-08
36030	2.46E-06	6.86E-08
36500	2.40E-06	6.54E-08
37000	2.33E-06	6.21E-08
37500	2.27E-06	5.91E-08
38000	2.21E-06	5.62E-08
38500	2.15E-06	5.36E-08
39000	2.10E-06	5.10E-08
39500	2.04E-06	4.87E-08
40000	1.99E-06	4.64E-08
40200	1.97E-06	4.56E-08
40400	1.95E-06	4.47E-08
40600	1.93E-06	4.39E-08
40894.9	1.90E-06	4.27E-08
41400	1.86E-06	4.08E-08
41900	1.81E-06	3.90E-08
42500	1.76E-06	3.70E-08
43000	1.72E-06	3.54E-08
43800	1.66E-06	3.30E-08
44500	1.60E-06	3.11E-08
45300	1.55E-06	2.91E-08
46000	1.50E-06	2.75E-08
46500	1.47E-06	2.64E-08
47000	1.44E-06	2.53E-08
47500	1.41E-06	2.43E-08
48000	1.38E-06	2.34E-08
48500	1.35E-06	2.25E-08
49000	1.32E-06	2.16E-08
49500	1.29E-06	2.08E-08
50000	1.27E-06	2.00E-08
51000	1.22E-06	1.86E-08
52000	1.17E-06	1.73E-08
53000	1.13E-06	1.61E-08
53500	1.10E-06	1.55E-08
54000	1.08E-06	1.50E-08
54500	1.06E-06	1.45E-08
55000	1.04E-06	1.40E-08
55500	1.02E-06	1.35E-08
56000	1.01E-06	1.31E-08
56400	9.92E-07	1.27E-08
56800	9.77E-07	1.24E-08
57530	9.52E-07	1.18E-08
57800	9.43E-07	1.16E-08
58000	9.36E-07	1.14E-08
58500	9.20E-07	1.11E-08
59000	9.04E-07	1.07E-08
59540	8.87E-07	1.04E-08
59800	8.79E-07	1.02E-08
59900	8.76E-07	1.01E-08
60000	8.73E-07	1.01E-08
60400	8.62E-07	9.82E-09
60800	8.50E-07	9.57E-09
61100	8.41E-07	9.40E-09
61500	8.30E-07	9.17E-09
61900	8.19E-07	8.95E-09
62300	8.08E-07	8.73E-09
62600	8.00E-07	8.57E-09
62800	7.95E-07	8.47E-09
63000	7.89E-07	8.37E-09
63300	7.81E-07	8.22E-09
63500	7.76E-07	8.12E-09
63800	7.69E-07	7.98E-09
64000	7.64E-07	7.88E-09
64300	7.56E-07	7.75E-09
64500	7.51E-07	7.66E-09
64800	7.44E-07	7.52E-09
65000	7.39E-07	7.43E-09
65300	7.32E-07	7.31E-09
65500	7.27E-07	7.22E-09
65700	7.22E-07	7.14E-09
65900	7.17E-07	7.06E-09
66200	7.10E-07	6.94E-09
66400	7.05E-07	6.86E-09
66600	7.01E-07	6.78E-09
66830	6.95E-07	6.69E-09
66910	6.94E-07	6.66E-09
67000	6.91E-07	6.63E-09
67100	6.89E-07	6.59E-09
67200	6.87E-07	6.55E-09
67300	6.84E-07	6.52E-09
67400	6.82E-07	6.48E-09
67500	6.80E-07	6.44E-09
67600	6.77E-07	6.41E-09
67700	6.75E-07	6.37E-09
67800	6.73E-07	6.34E-09
67900	6.70E-07	6.30E-09
68000	6.68E-07	6.27E-09
68080	6.66E-07	6.24E-09
68150	6.64E-07	6.21E-09
68230	6.62E-07	6.19E-09
68300	6.61E-07	6.16E-09
68400	6.58E-07	6.13E-09
68500	6.56E-07	6.10E-09
68550	6.55E-07	6.08E-09
68600	6.53E-07	6.06E-09
68650	6.52E-07	6.04E-09
68700	6.51E-07	6.03E-09
68740	6.50E-07	6.02E-09
68780	6.49E-07	6.00E-09
68850	6.47E-07	5.98E-09
68880	6.46E-07	5.97E-09
68920	6.45E-07	5.96E-09
68960	6.44E-07	5.94E-09
69000	6.43E-07	5.93E-09
69050	6.41E-07	5.91E-09
69100	6.40E-07	5.90E-09
69150	6.38E-07	5.88E-09
69180	6.37E-07	5.87E-09
69200	6.36E-07	5.86E-09
69230	6.35E-07	5.86E-09
69250	6.35E-07	5.85E-09
69270	6.34E-07	5.84E-09
69300	6.33E-07	5.83E-09
69320	6.32E-07	5.83E-09
69350	6.31E-07	5.82E-09
69380	6.30E-07	5.81E-09
69400	6.29E-07	5.80E-09
69420	6.28E-07	5.79E-09
69440	6.27E-07	5.79E-09
69455	6.27E-07	5.78E-09
69470	6.26E-07	5.78E-09
69490	6.25E-07	5.77E-09
69510	6.24E-07	5.77E-09
69520	6.23E-07	5.76E-09
69530	6.23E-07	5.76E-09
69540	6.22E-07	5.76E-09
69550	6.22E-07	5.75E-09
69560	6.21E-07	5.75E-09
69570	6.20E-07	5.75E-09
69580	6.20E-07	5.74E-09
69590	6.19E-07	5.74E-09
69600	6.18E-07	5.74E-09
69610	6.17E-07	5.74E-09
69620	6.16E-07	5.73E-09
69625	6.15599E-07	5.73032E-09
69630	6.15066E-07	5.72875E-09
69635	6.14504E-07	5.72718E-09
69640	6.13908E-07	5.72561E-09
69645	6.13276E-07	5.72405E-09
69650	6.126E-07	5.72249E-09
69655	6.11874E-07	5.72092E-09
69660	6.11086E-07	5.71936E-09
69665	6.10227E-07	5.71779E-09
69670	6.09276E-07	5.71623E-09
69673	6.08652E-07	5.71529E-09
69675	6.08211E-07	5.71466E-09
69678	6.07503E-07	5.71373E-09
69680	6.06996E-07	5.71311E-09
69683	6.06173E-07	5.71217E-09
69685	6.05578E-07	5.71154E-09
69688	6.04596E-07	5.7106E-09
69690	6.03871E-07	5.70998E-09
69692	6.03072E-07	5.70935E-09
69694	6.02186E-07	5.70873E-09
69697	6.00641E-07	5.70779E-09
69698	6.00055E-07	5.70748E-09
69699	5.99416E-07	5.70717E-09
69700.5	5.98357E-07	5.7067E-09
69702	5.97126E-07	5.70624E-09
69703	5.96185E-07	5.70592E-09
69704	5.95105E-07	5.7056E-09
69705	5.93849E-07	5.7053E-09
69706	5.92331E-07	5.70498E-09
69707.1	5.90155E-07	5.70464E-09
69708.2	5.86724E-07	5.7043E-09
69708.3	5.86764E-07	6.42347E-09
69708.4	5.86798E-07	7.14264E-09
69708.5	5.86773E-07	7.8618E-09
69708.9	5.86752E-07	1.07384E-08
69709.6	5.86449E-07	1.57723E-08
69710.3	5.85647E-07	1.07377E-08
69711	5.84036E-07	5.70343E-09
69712	5.75593E-07	5.70312E-09
69712.9	5.61436E-07	5.70283E-09
69713.6	5.73939E-07	5.53094E-08
69714.3	5.87475E-07	1.04914E-07
69714.8	5.96787E-07	5.53074E-08
69715.3	6.04638E-07	5.70209E-09
69715.5	6.08856E-07	5.70203E-09
69715.7	6.13262E-07	5.70197E-09
69716.7	5.99675E-07	2.44195E-08
69718.1	5.92868E-07	1.70306E-08
69718.9	5.91094E-07	2.64753E-08
69719.6	5.92035E-07	3.13354E-08
69720.3	5.95198E-07	3.10453E-08
69721	5.98062E-07	3.0758E-08
69721.7	5.99069E-07	3.04764E-08
69722.5	5.99921E-07	3.01547E-08
69723.3	6.00593E-07	2.98892E-08
69724	6.01088E-07	2.9735E-08
69724.8	6.01567E-07	2.95634E-08
69725.5	6.01961E-07	2.94125E-08
69726.3	6.02333E-07	2.92427E-08
69727	6.02637E-07	2.90924E-08
69727.8	6.02937E-07	2.90055E-08
69728.5	6.0318E-07	2.89288E-08
69729.2	6.03421E-07	2.88529E-08
69730	6.03674E-07	2.87662E-08
69731	6.03956E-07	2.8658E-08
69732	6.04217E-07	2.86122E-08
69733.5	6.04588E-07	2.85449E-08
69734.2	6.04739E-07	2.85134E-08
69735	6.04922E-07	2.84775E-08
69735.7	6.05068E-07	2.84731E-08
69736.5	6.05244E-07	2.84681E-08
69738	6.05531E-07	2.84586E-08
69740	6.059E-07	2.84682E-08
69743	6.06429E-07	2.85157E-08
69745	6.06766E-07	2.85682E-08
69748	6.07261E-07	2.86517E-08
69750	6.07583E-07	2.87073E-08
69755	6.08359E-07	2.88407E-08
69760	6.09094E-07	2.89403E-08
69765	6.0978E-07	2.89984E-08
69770	6.10407E-07	2.90176E-08
69775	6.10976E-07	2.90074E-08
69780	6.11484E-07	2.89787E-08
69785	6.11933E-07	2.89427E-08
69790	6.12332E-07	2.89067E-08
69795	6.12693E-07	2.8881E-08
69800	6.13017E-07	2.88553E-08
69805	6.13317E-07	2.88486E-08
69810	6.13598E-07	2.88418E-08
69820	6.14116E-07	2.88506E-08
69830	6.14592E-07	2.88669E-08
69838	6.14946E-07	2.88708E-08
69845	6.15237E-07	2.88743E-08
69853	6.15546E-07	2.88611E-08
69860	6.15794E-07	2.88496E-08
69870	6.16114E-07	2.8821E-08
69880	6.16394E-07	2.87925E-08
69890	6.16643E-07	2.87713E-08
69900	6.16866E-07	2.87501E-08
69915	6.17162E-07	2.8736E-08
69930	6.1743E-07	2.87275E-08
69950	6.17739E-07	2.8698E-08
69970	6.17991E-07	2.86686E-08
69985	6.18151E-07	2.86465E-08
69993	6.18226E-07	2.86347E-08
69997	6.18261E-07	2.86289E-08
70000	6.18287E-07	2.86245E-08
70020	6.18437E-07	2.8596E-08
70040	6.18557E-07	2.85676E-08
70060	6.18649E-07	2.85392E-08
70080	6.18715E-07	2.85108E-08
70100	6.18761E-07	2.84825E-08
70120	6.18785E-07	2.84542E-08
70150	6.1879E-07	2.84118E-08
70190	6.18743E-07	2.83552E-08
70230	6.18644E-07	2.82989E-08
70260	6.18541E-07	2.82567E-08
70300	6.18367E-07	2.82006E-08
70330	6.18214E-07	2.81585E-08
70350	6.18102E-07	2.81305E-08
70400	6.1779E-07	2.80606E-08
70450	6.17439E-07	2.79909E-08
70500	6.17058E-07	2.79214E-08
70580	6.16395E-07	2.78104E-08
70650	6.15769E-07	2.77138E-08
70730	6.15004E-07	2.76037E-08
70800	6.14303E-07	2.75077E-08
70850	6.13786E-07	2.74393E-08
70900	6.13251E-07	2.73711E-08
70950	6.12701E-07	2.7303E-08
71000	6.12138E-07	2.72352E-08
71080	6.11216E-07	2.71302E-08
71150	6.10387E-07	2.70386E-08
71230	6.09417E-07	2.69343E-08
71300	6.08556E-07	2.68433E-08
71400	6.07307E-07	2.6714E-08
71500	6.06038E-07	2.65853E-08
71580	6.05009E-07	2.64827E-08
71650	6.04101E-07	2.63933E-08
71730	6.03053E-07	2.62914E-08
71800	6.02134E-07	2.62027E-08
71900	6.00818E-07	2.60764E-08
72000	5.99494E-07	2.59507E-08
72100	5.98159E-07	2.58224E-08
72200	5.96816E-07	2.56947E-08
72300	5.95469E-07	2.55678E-08
72400	5.94116E-07	2.54413E-08
72500	5.92755E-07	2.53155E-08
72600	5.91389E-07	2.51903E-08
72700	5.90021E-07	2.50656E-08
72800	5.88648E-07	2.49415E-08
72900	5.87272E-07	2.48136E-08
73000	5.85894E-07	2.46864E-08
73200	5.8313E-07	2.44336E-08
73350	5.81051E-07	2.42456E-08
73500	5.78968E-07	2.40589E-08
73700	5.76191E-07	2.38237E-08
73900	5.73418E-07	2.35906E-08
74050	5.7134E-07	2.34173E-08
74200	5.69267E-07	2.32451E-08
74400	5.66509E-07	2.3028E-08
74600	5.63756E-07	2.28128E-08
74800	5.61018E-07	2.25997E-08
74960	5.58838E-07	2.24306E-08
75080	5.57208E-07	2.23054E-08
75200	5.55582E-07	2.21809E-08
75500	5.51535E-07	2.18726E-08
75800	5.47515E-07	2.15718E-08
76000	5.44851E-07	2.13736E-08
76300	5.40885E-07	2.10799E-08
76600	5.36956E-07	2.07901E-08
76900	5.33055E-07	2.05041E-08
77110	5.30342E-07	2.03062E-08
77300	5.27902E-07	2.01281E-08
77500	5.25347E-07	1.99422E-08
77700	5.22806E-07	1.97579E-08
77900	5.20281E-07	1.95753E-08
78100	5.17773E-07	1.93943E-08
78300	5.15277E-07	1.92149E-08
78450	5.13415E-07	1.90813E-08
78600	5.1156E-07	1.89487E-08
79000	5.06655E-07	1.8601E-08
79300	5.03015E-07	1.83441E-08
79700	4.98212E-07	1.80105E-08
79850	4.96427E-07	1.78869E-08
80000	4.94649E-07	1.7764E-08
80400	4.8995E-07	1.74454E-08
80800	4.8531E-07	1.71323E-08
81200	4.80728E-07	1.68244E-08
81500	4.77329E-07	1.6597E-08
81900	4.72849E-07	1.63047E-08
82300	4.68424E-07	1.60173E-08
82700	4.64056E-07	1.57347E-08
83000	4.60815E-07	1.55258E-08
83300	4.57606E-07	1.53249E-08
83500	4.55485E-07	1.51923E-08
84000	4.5024E-07	1.48656E-08
84300	4.47135E-07	1.46755E-08
84500	4.45081E-07	1.45501E-08
84800	4.42024E-07	1.43638E-08
85000	4.40003E-07	1.42409E-08
85400	4.35999E-07	1.4004E-08
85800	4.32048E-07	1.37709E-08
86200	4.28148E-07	1.35415E-08
86500	4.25256E-07	1.33719E-08
86900	4.21444E-07	1.31533E-08
87300	4.17681E-07	1.29381E-08
87700	4.13965E-07	1.27263E-08
88000	4.1121E-07	1.25696E-08
88300	4.08482E-07	1.24168E-08
88500	4.06677E-07	1.23159E-08
89000	4.02215E-07	1.20671E-08
89500	3.97823E-07	1.18263E-08
89800	3.95222E-07	1.1684E-08
90000	3.93501E-07	1.159E-08
90400	3.90092E-07	1.14067E-08
90800	3.86726E-07	1.12261E-08
91200	3.83401E-07	1.10483E-08
91500	3.80936E-07	1.09166E-08
91900	3.77683E-07	1.07467E-08
92300	3.74471E-07	1.05794E-08
92700	3.71298E-07	1.04145E-08
93000	3.68945E-07	1.02924E-08
93300	3.66613E-07	1.01736E-08
93500	3.6507E-07	1.00952E-08
94000	3.61255E-07	9.90148E-09
94500	3.57499E-07	9.71366E-09
94800	3.55272E-07	9.60262E-09
95000	3.53799E-07	9.52925E-09
95400	3.5088E-07	9.38552E-09
95800	3.47995E-07	9.24386E-09
96200	3.45145E-07	9.10423E-09
96500	3.4303E-07	9.00081E-09
96900	3.4024E-07	8.86715E-09
97300	3.37483E-07	8.73537E-09
98000	3.32736E-07	8.50918E-09
98500	3.29406E-07	8.35276E-09
99000	3.26125E-07	8.19905E-09
99500	3.22891E-07	8.0498E-09
99800	3.20973E-07	7.96148E-09
100000	3.19704E-07	7.90312E-09
100800	3.14702E-07	7.67548E-09
101500	3.10417E-07	7.48134E-09
102300	3.05625E-07	7.26896E-09
103000	3.01522E-07	7.08779E-09
103500	2.98639E-07	6.96284E-09
104000	2.95798E-07	6.83996E-09
104500	2.92997E-07	6.7205E-09
105000	2.90234E-07	6.60304E-09
105800	2.85893E-07	6.42171E-09
106500	2.82173E-07	6.26686E-09
107300	2.78009E-07	6.09714E-09
108000	2.7444E-07	5.95218E-09
109000	2.69458E-07	5.75348E-09
110000	2.64608E-07	5.56315E-09
111500	2.57573E-07	5.2924E-09
113000	2.50813E-07	5.03817E-09
114000	2.46451E-07	4.87729E-09
115000	2.42201E-07	4.72287E-09
116500	2.36028E-07	4.50425E-09
118000	2.30086E-07	4.29511E-09
119000	2.26248E-07	4.16352E-09
120000	2.22504E-07	4.03703E-09
122000	2.15288E-07	3.79837E-09
124000	2.08415E-07	3.57736E-09
125500	2.03473E-07	3.42226E-09
127000	1.98703E-07	3.27558E-09
128500	1.94099E-07	3.13681E-09
130000	1.89652E-07	3.0054E-09
131500	1.85356E-07	2.88031E-09
133000	1.81203E-07	2.76177E-09
134500	1.77187E-07	2.64936E-09
136000	1.73302E-07	2.5427E-09
137500	1.69544E-07	2.44142E-09
139000	1.65906E-07	2.34522E-09
140500	1.62383E-07	2.25384E-09
142000	1.58971E-07	2.167E-09
144000	1.54585E-07	2.0577E-09
145400	1.51622E-07	1.98534E-09
146000	1.50378E-07	1.95532E-09
146700	1.48946E-07	1.92102E-09
148000	1.4634E-07	1.85932E-09
149000	1.44382E-07	1.81357E-09
149500	1.43418E-07	1.79123E-09
150000	1.42463E-07	1.76924E-09
152000	1.38736E-07	1.68447E-09
154000	1.35154E-07	1.6048E-09
156000	1.31708E-07	1.52985E-09
158000	1.28392E-07	1.45929E-09
160000	1.252E-07	1.39282E-09
162000	1.22124E-07	1.33014E-09
163500	1.19892E-07	1.28546E-09
165000	1.17719E-07	1.24268E-09
167000	1.14913E-07	1.1884E-09
169000	1.12206E-07	1.1371E-09
171000	1.09594E-07	1.08858E-09
173000	1.07071E-07	1.04266E-09
175000	1.04634E-07	9.99171E-10
177000	1.0228E-07	9.57959E-10
180000	9.88941E-08	9.00101E-10
183000	9.56734E-08	8.46686E-10
185000	9.36128E-08	8.133E-10
188000	9.06443E-08	7.66292E-10
190000	8.8743E-08	7.36861E-10
193000	8.60012E-08	6.95373E-10
195000	8.42432E-08	6.69354E-10
198000	8.17055E-08	6.32599E-10
200000	8.00767E-08	6.09513E-10
203000	7.77235E-08	5.76939E-10
205000	7.62118E-08	5.56446E-10
208000	7.40255E-08	5.27409E-10
210000	7.26197E-08	5.09116E-10
213000	7.05849E-08	4.83161E-10
215000	6.92756E-08	4.66786E-10
218000	6.73787E-08	4.43525E-10
220000	6.61571E-08	4.28832E-10
223000	6.4386E-08	4.07932E-10
226000	6.2685E-08	3.8831E-10
229000	6.10504E-08	3.69872E-10
232000	5.94789E-08	3.52549E-10
235000	5.79674E-08	3.3625E-10
238000	5.65127E-08	3.20897E-10
241000	5.5112E-08	3.06426E-10
244700	5.3455E-08	2.89699E-10
248000	5.20394E-08	2.75749E-10
252000	5.03975E-08	2.59963E-10
256000	4.8832E-08	2.45308E-10
260000	4.73383E-08	2.31845E-10
265000	4.55658E-08	2.16443E-10
270000	4.38909E-08	2.02324E-10
275000	4.23068E-08	1.89369E-10
279200	4.10414E-08	1.79297E-10
282000	4.02292E-08	1.7296E-10
285000	3.93854E-08	1.66483E-10
290000	3.80368E-08	1.56363E-10
295000	3.67565E-08	1.47014E-10
300000	3.55396E-08	1.38368E-10
304000	3.46091E-08	1.31922E-10
308000	3.37147E-08	1.25855E-10
312000	3.28545E-08	1.2014E-10
316500	3.19256E-08	1.14101E-10
318000	3.16247E-08	1.12174E-10
320100	3.12105E-08	1.09546E-10
326000	3.00895E-08	1.02577E-10
332000	2.90102E-08	9.60613E-11
338000	2.7988E-08	9.00662E-11
341000	2.74971E-08	8.72478E-11
344300	2.69718E-08	8.42762E-11
351000	2.59506E-08	7.8641E-11
357000	2.50845E-08	7.40025E-11
364000	2.41277E-08	6.9024E-11
370000	2.33506E-08	6.50929E-11
378000	2.23715E-08	6.02852E-11
385000	2.15643E-08	5.64454E-11
393000	2.06942E-08	5.24315E-11
400000	1.99754E-08	4.92145E-11
401500	1.98262E-08	4.8583E-11
403000	1.96787E-08	4.79619E-11
406000	1.93886E-08	4.67502E-11
411100	1.891E-08	4.47797E-11
411800	1.88456E-08	4.45175E-11
421000	1.80301E-08	4.12502E-11
430000	1.72824E-08	3.83474E-11
437000	1.67327E-08	3.62691E-11
444000	1.62087E-08	3.43346E-11
450000	1.57789E-08	3.27831E-11
456000	1.5366E-08	3.13217E-11
462000	1.49691E-08	2.99433E-11
468050	1.45843E-08	2.86319E-11
474000	1.42201E-08	2.74132E-11
480000	1.38665E-08	2.62515E-11
490000	1.33058E-08	2.44524E-11
495000	1.30381E-08	2.36126E-11
500000	1.27784E-08	2.28096E-11
508000	1.23788E-08	2.16016E-11
515000	1.20443E-08	2.06118E-11
523000	1.16784E-08	1.95511E-11
530000	1.13717E-08	1.86801E-11
540000	1.09541E-08	1.75208E-11
545000	1.07538E-08	1.69757E-11
550000	1.0559E-08	1.64613E-11
558000	1.02582E-08	1.56959E-11
565000	1.00054E-08	1.50637E-11
573000	9.72777E-09	1.43813E-11
580000	9.49421E-09	1.38169E-11
590000	9.1749E-09	1.30597E-11
600000	8.87141E-09	1.23556E-11
608000	8.63935E-09	1.18295E-11
615000	8.44367E-09	1.13929E-11
630000	8.04615E-09	1.05258E-11
646000	7.65229E-09	9.69338E-12
661600	7.29548E-09	8.96257E-12
671000	7.0924E-09	8.55656E-12
680000	6.9058E-09	8.19001E-12
690000	6.70698E-09	7.80847E-12
700000	6.51662E-09	7.44992E-12
712000	6.29869E-09	7.0475E-12
718000	6.19381E-09	6.85692E-12
723300	6.10332E-09	6.70102E-12
737000	5.87842E-09	6.31976E-12
750000	5.6763E-09	5.98403E-12
764000	5.47009E-09	5.6483E-12
778900	5.26273E-09	5.31778E-12
789000	5.1288E-09	5.10813E-12
800000	4.98868E-09	4.89205E-12
815000	4.80667E-09	4.61736E-12
830000	4.63445E-09	4.3627E-12
850000	4.41885E-09	4.05123E-12
867400	4.24328E-09	3.80374E-12
878000	4.14142E-09	3.66269E-12
889200	4.03771E-09	3.52108E-12
900000	3.94136E-09	3.3913E-12
915000	3.81317E-09	3.22133E-12
930000	3.69112E-09	3.06244E-12
950000	3.5373E-09	2.86631E-12
964000	3.43527E-09	2.7388E-12
980000	3.32399E-09	2.60198E-12
1000000	3.19233E-09	2.44296E-12
1004800	3.16189E-09	2.40765E-12
1030000	3.00904E-09	2.23322E-12
1050000	2.89547E-09	2.10754E-12
1070000	2.78822E-09	1.99038E-12
1085800	2.70765E-09	1.9034E-12
1100000	2.63818E-09	1.82915E-12
1120500	2.54251E-09	1.72808E-12
1121100	2.53979E-09	1.72522E-12
1150000	2.41373E-09	1.59433E-12
1173200	2.31919E-09	1.49798E-12
1200000	2.21674E-09	1.39542E-12
1220000	2.14465E-09	1.32447E-12
1235000	2.09286E-09	1.27416E-12
1250000	2.04293E-09	1.2262E-12
1262000	2.00425E-09	1.1906E-12
1274500	1.96512E-09	1.15487E-12
1287000	1.92714E-09	1.12046E-12
1300000	1.88878E-09	1.08603E-12
1332500	1.79776E-09	1.00554E-12
1370000	1.70067E-09	9.21712E-13
1408000	1.6101E-09	8.455E-13
1450000	1.51817E-09	7.70229E-13
1480000	1.45724E-09	7.21565E-13
1490000	1.43774E-09	7.06205E-13
1500000	1.41863E-09	6.91257E-13
1550000	1.32858E-09	6.24397E-13
1600000	1.24683E-09	5.65519E-13
1650000	1.1724E-09	5.13501E-13
1680000	1.1309E-09	4.85184E-13
1700000	1.10445E-09	4.67402E-13
1740000	1.05425E-09	4.34248E-13
1780000	1.00739E-09	4.04024E-13
1820000	9.63593E-10	3.76422E-13
1850000	9.32593E-10	3.57275E-13
1890000	8.93533E-10	3.33629E-13
1930000	8.56876E-10	3.11938E-13
1970000	8.22429E-10	2.92007E-13
1985000	8.10046E-10	2.84951E-13
2000000	7.9794E-10	2.78111E-13
2030000	7.74528E-10	2.65508E-13
2050000	7.59487E-10	2.57541E-13
2100000	7.23749E-10	2.39086E-13
2150000	6.90476E-10	2.22294E-13
2200000	6.59444E-10	2.06986E-13
2240000	6.36102E-10	1.95702E-13
2280000	6.13977E-10	1.85195E-13
2320000	5.92987E-10	1.75402E-13
2350000	5.77943E-10	1.6849E-13
2430000	5.40513E-10	1.5169E-13
2500000	5.10667E-10	1.38717E-13
2550000	4.90836E-10	1.30313E-13
2600000	4.72138E-10	1.2255E-13
2650000	4.54489E-10	1.15371E-13
2700000	4.37811E-10	1.08723E-13
2780000	4.12975E-10	9.90744E-14
2850000	3.92936E-10	9.15156E-14
2930000	3.71771E-10	8.37595E-14
2970000	3.61824E-10	8.01968E-14
3000000	3.54623E-10	7.76517E-14
3030000	3.47635E-10	7.53032E-14
3050000	3.43091E-10	7.37889E-14
3100000	3.32113E-10	7.01706E-14
3150000	3.21653E-10	6.67786E-14
3200000	3.11679E-10	6.35959E-14
3280000	2.9666E-10	5.88996E-14
3350000	2.84391E-10	5.51519E-14
3430000	2.71279E-10	5.12377E-14
3500000	2.60536E-10	4.81029E-14
3550000	2.53249E-10	4.60138E-14
3600000	2.46263E-10	4.4041E-14
3650000	2.39562E-10	4.21759E-14
3700000	2.33131E-10	4.04114E-14
3780000	2.23367E-10	3.77822E-14
3850000	2.15318E-10	3.56601E-14
3930000	2.06641E-10	3.34196E-14
4000000	1.99472E-10	3.16064E-14
4050000	1.94577E-10	3.04184E-14
4100000	1.8986E-10	2.92877E-14
4200000	1.80926E-10	2.71852E-14
4280000	1.74226E-10	2.56426E-14
4350000	1.68663E-10	2.43847E-14
4430000	1.62626E-10	2.30433E-14
4500000	1.57606E-10	2.19474E-14
4600000	1.50828E-10	2.04961E-14
4700000	1.44478E-10	1.91671E-14
4850000	1.35679E-10	1.73758E-14
5000000	1.2766E-10	1.57959E-14
5020000	1.26645E-10	1.56029E-14
5034860	1.25899E-10	1.54615E-14
5170000	1.19403E-10	1.42491E-14
5300000	1.13617E-10	1.31971E-14
5400000	1.09448E-10	1.24558E-14
5500000	1.05504E-10	1.17679E-14
5600000	1.0177E-10	1.11286E-14
5700000	9.82302E-11	1.05338E-14
5850000	9.32572E-11	9.71695E-15
6000000	8.86525E-11	8.98068E-15
6100000	8.57697E-11	8.53568E-15
6200000	8.30252E-11	8.11903E-15
6350000	7.9149E-11	7.5425E-15
6500000	7.55381E-11	7.01829E-15
6600000	7.32663E-11	6.69501E-15
6700000	7.10956E-11	6.3909E-15
6850000	6.8016E-11	5.9677E-15
7000000	6.51322E-11	5.58036E-15
7100000	6.33104E-11	5.34272E-15
7200000	6.1564E-11	5.11815E-15
7350000	5.90767E-11	4.80391E-15
7500000	5.67373E-11	4.51445E-15
7700000	5.38282E-11	4.16298E-15
7850000	5.17906E-11	3.92256E-15
8000000	4.98667E-11	3.69998E-15
8100000	4.8643E-11	3.56169E-15
8200000	4.74638E-11	3.43011E-15
8500000	4.41725E-11	3.07167E-15
8700000	4.21649E-11	2.85962E-15
9000000	3.94008E-11	2.57612E-15
9200000	3.77063E-11	2.4083E-15
9500000	3.53624E-11	2.18248E-15
9700000	3.39192E-11	2.04718E-15
10000000	3.19145E-11	1.86414E-15
