
IN     1 1S1/2 1.54970000E-01 8.00002517E+01 4.34917932E+02 0.00000000E-01 0
IN     1 1S1/2 4.64330000E-01 2.67000603E+01 0.00000000E-01 0.00000000E-01 0
IN     1 1S1/2 1.39300000E+00 8.89995621E+00 0.00000000E-01 0.00000000E-01 0
IN     1 1S1/2 4.13250000E+00 3.00003364E+00 0.00000000E-01 0.00000000E-01 0
IN     1 1S1/2 1.23976390E+01 1.00000000E+00 0.00000000E-01 0.00000000E-01 0
IN     1 1S1/2 2.08151859E-02 5.95605490E+02 1.34354218E+00 2.79398994E+01 0
IN     1 1S1/2 1.02396412E-01 1.21074936E+02 1.32399946E+02 2.79398994E+01 0
IN     1 1S1/2 2.21862627E-01 5.58797989E+01 1.18887668E+03 2.79398994E+01 0
IN     1 1S1/2 3.41328843E-01 3.63216858E+01 3.80695915E+03 2.79398994E+01 0
IN     1 1S1/2 4.22910069E-01 2.93150717E+01 6.65697432E+03 2.79398994E+01 0
IN     1 1S1/2 4.43281973E-01 2.79678393E+01 7.53604066E+03 0.00000000E-01 0
IN     2 2S1/2 1.54970000E-01 8.00002517E+01 4.07497995E+01 0.00000000E-01 0
IN     2 2S1/2 4.64330000E-01 2.67000603E+01 6.93810495E+02 0.00000000E-01 0
IN     2 2S1/2 1.39300000E+00 8.89995621E+00 7.94425527E+03 0.00000000E-01 0
IN     2 2S1/2 4.13250000E+00 3.00003364E+00 0.00000000E-01 0.00000000E-01 0
IN     2 2S1/2 1.23976390E+01 1.00000000E+00 0.00000000E-01 0.00000000E-01 0
IN     2 2S1/2 1.37244650E-01 9.03324027E+01 2.92774471E+01 4.23749997E+00 0
IN     2 2S1/2 6.75149371E-01 1.83628091E+01 1.67500848E+03 4.23749997E+00 0
IN     2 2S1/2 1.46284827E+00 8.47499994E+00 8.75565497E+03 4.23749997E+00 0
IN     2 2S1/2 2.25054717E+00 5.50872213E+00 1.96261859E+04 4.23749997E+00 0
IN     2 2S1/2 2.78845189E+00 4.44606523E+00 2.81588555E+04 4.23749997E+00 0
IN     2 2S1/2 2.92277377E+00 4.24173747E+00 3.05085701E+04 0.00000000E-01 0
IN     3 2P1/2 1.54970000E-01 8.00002517E+01 6.07568153E+00 0.00000000E-01 0
IN     3 2P1/2 4.64330000E-01 2.67000603E+01 2.37183556E+02 0.00000000E-01 0
IN     3 2P1/2 1.39300000E+00 8.89995621E+00 7.13736253E+03 0.00000000E-01 0
IN     3 2P1/2 4.13250000E+00 3.00003364E+00 0.00000000E-01 0.00000000E-01 0
IN     3 2P1/2 1.23976390E+01 1.00000000E+00 0.00000000E-01 0.00000000E-01 0
IN     3 2P1/2 1.47682629E-01 8.39478490E+01 5.16041525E+00 3.93800006E+00 0
IN     3 2P1/2 7.26497053E-01 1.70649543E+01 9.89900662E+02 3.93800006E+00 0
IN     3 2P1/2 1.57410345E+00 7.87600013E+00 1.01756941E+04 3.93800006E+00 0
IN     3 2P1/2 2.42170985E+00 5.11937422E+00 3.38013554E+04 3.93800006E+00 0
IN     3 2P1/2 3.00052428E+00 4.13182426E+00 5.92664217E+04 3.93800006E+00 0
IN     3 2P1/2 3.14506185E+00 3.94193806E+00 6.84838547E+04 0.00000000E-01 0
IN     4 2P3/2 1.54970000E-01 8.00002517E+01 7.96010695E+00 0.00000000E-01 0
IN     4 2P3/2 4.64330000E-01 2.67000603E+01 3.67610529E+02 0.00000000E-01 0
IN     4 2P3/2 1.39300000E+00 8.89995621E+00 1.22277057E+04 0.00000000E-01 0
IN     4 2P3/2 4.13250000E+00 3.00003364E+00 0.00000000E-01 0.00000000E-01 0
IN     4 2P3/2 1.23976390E+01 1.00000000E+00 0.00000000E-01 0.00000000E-01 0
IN     4 2P3/2 1.55913835E-01 7.95159648E+01 8.13598532E+00 3.73010003E+00 0
IN     4 2P3/2 7.66988932E-01 1.61640390E+01 1.91012471E+03 3.73010003E+00 0
IN     4 2P3/2 1.66183734E+00 7.46020006E+00 2.06668056E+04 3.73010003E+00 0
IN     4 2P3/2 2.55668574E+00 4.84910555E+00 7.05516786E+04 3.73010003E+00 0
IN     4 2P3/2 3.16776084E+00 3.91369161E+00 1.25639131E+05 3.73010003E+00 0
IN     4 2P3/2 3.32035432E+00 3.73383013E+00 1.45913057E+05 0.00000000E-01 0
IN     5 3S1/2 1.54970000E-01 8.00002517E+01 7.71465900E+00 0.00000000E-01 0
IN     5 3S1/2 4.64330000E-01 2.67000603E+01 1.29926779E+02 0.00000000E-01 0
IN     5 3S1/2 1.39300000E+00 8.89995621E+00 1.56921797E+03 0.00000000E-01 0
IN     5 3S1/2 4.13250000E+00 3.00003364E+00 1.31377839E+04 0.00000000E-01 0
IN     5 3S1/2 1.23976390E+01 1.00000000E+00 7.35562492E+04 0.00000000E-01 0
IN     5 3S1/2 3.30446836E-02 3.75178021E+02 1.01870247E-01 8.25599993E-01 2
IN     5 3S1/2 7.99669412E-01 1.55034553E+01 4.64898909E+02 8.25599993E-01 2
IN     5 3S1/2 3.75413006E+00 3.30239997E+00 1.10446800E+04 8.25599993E-01 2
IN     5 3S1/2 8.88560470E+00 1.39524989E+00 4.65628023E+04 8.25599993E-01 2
IN     5 3S1/2 1.36407127E+01 9.08870328E-01 8.23848025E+04 8.25599993E-01 2
IN     6 3P1/2 1.54970000E-01 8.00002517E+01 1.19739384E+00 0.00000000E-01 0
IN     6 3P1/2 4.64330000E-01 2.67000603E+01 4.27072015E+01 0.00000000E-01 0
IN     6 3P1/2 1.39300000E+00 8.89995621E+00 1.08668335E+03 0.00000000E-01 0
IN     6 3P1/2 4.13250000E+00 3.00003364E+00 1.55956988E+04 0.00000000E-01 0
IN     6 3P1/2 1.23976390E+01 1.00000000E+00 1.02573332E+05 0.00000000E-01 0
IN     6 3P1/2 3.88517379E-02 3.19101272E+02 1.07526381E-02 7.02200004E-01 2
IN     6 3P1/2 9.40198031E-01 1.31861997E+01 3.59387510E+02 7.02200004E-01 2
IN     6 3P1/2 4.41385607E+00 2.80880002E+00 1.79300923E+04 7.02200004E-01 2
IN     6 3P1/2 1.04471022E+01 1.18670602E+00 8.26533710E+04 7.02200004E-01 2
IN     6 3P1/2 1.60378414E+01 7.73024168E-01 1.31364324E+05 7.02200004E-01 2
IN     7 3P3/2 1.54970000E-01 8.00002517E+01 1.58443530E+00 0.00000000E-01 0
IN     7 3P3/2 4.64330000E-01 2.67000603E+01 6.69061965E+01 0.00000000E-01 0
IN     7 3P3/2 1.39300000E+00 8.89995621E+00 1.88125661E+03 0.00000000E-01 0
IN     7 3P3/2 4.13250000E+00 3.00003364E+00 2.94136862E+04 0.00000000E-01 0
IN     7 3P3/2 1.23976390E+01 1.00000000E+00 2.21525250E+05 0.00000000E-01 0
IN     7 3P3/2 4.10683285E-02 3.01878344E+02 1.27256209E-02 6.64299999E-01 2
IN     7 3P3/2 9.93838722E-01 1.24744979E+01 7.10295342E+02 6.64299999E-01 2
IN     7 3P3/2 4.66567779E+00 2.65719999E+00 3.83565326E+04 6.64299999E-01 2
IN     7 3P3/2 1.10431359E+01 1.12265566E+00 1.88043340E+05 6.64299999E-01 2
IN     7 3P3/2 1.69528411E+01 7.31301554E-01 3.17844732E+05 6.64299999E-01 2
IN     8 3D3/2 1.54970000E-01 8.00002517E+01 3.13465631E-02 0.00000000E-01 0
IN     8 3D3/2 4.64330000E-01 2.67000603E+01 3.59037566E+00 0.00000000E-01 0
IN     8 3D3/2 1.39300000E+00 8.89995621E+00 2.92593082E+02 0.00000000E-01 0
IN     8 3D3/2 4.13250000E+00 3.00003364E+00 1.40464656E+04 0.00000000E-01 0
IN     8 3D3/2 1.23976390E+01 1.00000000E+00 3.58032626E+05 0.00000000E-01 0
IN     8 3D3/2 6.05183901E-02 2.04857383E+02 4.39209411E-04 4.50800004E-01 2
IN     8 3D3/2 1.46452319E+00 8.46530739E+00 3.53923405E+02 4.50800004E-01 2
IN     8 3D3/2 6.87535430E+00 1.80320002E+00 6.94486360E+04 4.50800004E-01 2
IN     8 3D3/2 1.62731923E+01 7.61844311E-01 6.84298965E+05 4.50800004E-01 2
IN     8 3D3/2 2.49817484E+01 4.96267867E-01 1.36290142E+06 4.50800004E-01 2
IN     9 3D5/2 1.54970000E-01 8.00002517E+01 2.44342919E-02 0.00000000E-01 0
IN     9 3D5/2 4.64330000E-01 2.67000603E+01 3.88134478E+00 0.00000000E-01 0
IN     9 3D5/2 1.39300000E+00 8.89995621E+00 3.78674187E+02 0.00000000E-01 0
IN     9 3D5/2 4.13250000E+00 3.00003364E+00 1.96791711E+04 0.00000000E-01 0
IN     9 3D5/2 1.23976390E+01 1.00000000E+00 5.21345236E+05 0.00000000E-01 0
IN     9 3D5/2 6.15700538E-02 2.01358262E+02 3.23879040E-04 4.43099995E-01 2
IN     9 3D5/2 1.48997307E+00 8.32071346E+00 4.92438326E+02 4.43099995E-01 2
IN     9 3D5/2 6.99483138E+00 1.77239998E+00 1.04545420E+05 4.43099995E-01 2
IN     9 3D5/2 1.65559812E+01 7.48831426E-01 1.04567072E+06 4.43099995E-01 2
IN     9 3D5/2 2.54158709E+01 4.87791232E-01 2.04950679E+06 4.43099995E-01 2
IN    10 4S1/2 1.54970000E-01 8.00002517E+01 1.58318144E+00 0.00000000E-01 0
IN    10 4S1/2 4.64330000E-01 2.67000603E+01 2.60998498E+01 0.00000000E-01 0
IN    10 4S1/2 1.39300000E+00 8.89995621E+00 3.14572241E+02 0.00000000E-01 0
IN    10 4S1/2 4.13250000E+00 3.00003364E+00 2.76640469E+03 0.00000000E-01 0
IN    10 4S1/2 1.23976390E+01 1.00000000E+00 1.94258877E+04 0.00000000E-01 0
IN    10 4S1/2 2.23803859E-01 5.53951082E+01 4.18845832E+00 1.21900000E-01 2
IN    10 4S1/2 5.41597259E+00 2.28908821E+00 4.56528591E+03 1.21900000E-01 2
IN    10 4S1/2 2.54258387E+01 4.87600002E-01 5.80885034E+04 1.21900000E-01 2
IN    10 4S1/2 6.01801079E+01 2.06008919E-01 1.44032811E+05 1.21900000E-01 2
IN    10 4S1/2 9.23853343E+01 1.34194882E-01 1.58709738E+05 1.21900000E-01 2
IN    11 4P1/2 1.54970000E-01 8.00002517E+01 2.24245508E-01 0.00000000E-01 0
IN    11 4P1/2 4.64330000E-01 2.67000603E+01 7.68499535E+00 0.00000000E-01 0
IN    11 4P1/2 1.39300000E+00 8.89995621E+00 1.88437388E+02 0.00000000E-01 0
IN    11 4P1/2 4.13250000E+00 3.00003364E+00 2.68943248E+03 0.00000000E-01 0
IN    11 4P1/2 1.23976390E+01 1.00000000E+00 2.16845608E+04 0.00000000E-01 0
IN    11 4P1/2 3.52476625E-01 3.51729395E+01 3.29573869E+00 7.73999994E-02 2
IN    11 4P1/2 8.52980706E+00 1.45344894E+00 1.14026496E+04 7.73999994E-02 2
IN    11 4P1/2 4.00440539E+01 3.09599998E-01 8.74671526E+04 7.73999994E-02 2
IN    11 4P1/2 9.47797835E+01 1.30804677E-01 1.32859360E+05 7.73999994E-02 2
IN    11 4P1/2 1.45500935E+02 8.52065933E-02 4.45682741E+05 7.73999994E-02 2
IN    12 4P3/2 1.54970000E-01 8.00002517E+01 2.94052602E-01 0.00000000E-01 0
IN    12 4P3/2 4.64330000E-01 2.67000603E+01 1.19301277E+01 0.00000000E-01 0
IN    12 4P3/2 1.39300000E+00 8.89995621E+00 3.23080227E+02 0.00000000E-01 0
IN    12 4P3/2 4.13250000E+00 3.00003364E+00 4.99524611E+03 0.00000000E-01 0
IN    12 4P3/2 1.23976390E+01 1.00000000E+00 4.39613971E+04 0.00000000E-01 0
IN    12 4P3/2 3.52476625E-01 3.51729395E+01 4.95171177E+00 7.73999994E-02 2
IN    12 4P3/2 8.52980706E+00 1.45344894E+00 2.23854726E+04 7.73999994E-02 2
IN    12 4P3/2 4.00440539E+01 3.09599998E-01 2.04827619E+05 7.73999994E-02 2
IN    12 4P3/2 9.47797835E+01 1.30804677E-01 3.12471687E+05 7.73999994E-02 2
IN    12 4P3/2 1.45500935E+02 8.52065933E-02 8.59850208E+05 7.73999994E-02 2
IN    13 4D3/2 1.54970000E-01 8.00002517E+01 4.49363342E-03 0.00000000E-01 0
IN    13 4D3/2 4.64330000E-01 2.67000603E+01 4.74454146E-01 0.00000000E-01 0
IN    13 4D3/2 1.39300000E+00 8.89995621E+00 3.55743597E+01 0.00000000E-01 0
IN    13 4D3/2 4.13250000E+00 3.00003364E+00 1.51422401E+03 0.00000000E-01 0
IN    13 4D3/2 1.23976390E+01 1.00000000E+00 3.18129629E+04 0.00000000E-01 0
IN    13 4D3/2 1.68405501E+00 7.36177795E+00 7.15568027E+01 1.61999997E-02 2
IN    13 4D3/2 4.07535231E+01 3.04210239E-01 2.37794952E+05 1.61999997E-02 2
IN    13 4D3/2 1.91321593E+02 6.47999987E-02 6.43590367E+06 1.61999997E-02 2
IN    13 4D3/2 4.52836749E+02 2.73777229E-02 6.81290461E+06 1.61999997E-02 2
IN    13 4D3/2 6.95171143E+02 1.78339379E-02 3.38842282E+06 1.61999997E-02 2
IN    14 4D5/2 1.54970000E-01 8.00002517E+01 3.48284063E-03 0.00000000E-01 0
IN    14 4D5/2 4.64330000E-01 2.67000603E+01 5.07674448E-01 0.00000000E-01 0
IN    14 4D5/2 1.39300000E+00 8.89995621E+00 4.55484748E+01 0.00000000E-01 0
IN    14 4D5/2 4.13250000E+00 3.00003364E+00 2.10052577E+03 0.00000000E-01 0
IN    14 4D5/2 1.23976390E+01 1.00000000E+00 4.58423475E+04 0.00000000E-01 0
IN    14 4D5/2 1.68405501E+00 7.36177795E+00 9.34429979E+01 1.61999997E-02 2
IN    14 4D5/2 4.07535231E+01 3.04210239E-01 3.55699752E+05 1.61999997E-02 2
IN    14 4D5/2 1.91321593E+02 6.47999987E-02 9.26312391E+06 1.61999997E-02 2
IN    14 4D5/2 4.52836749E+02 2.73777229E-02 1.04356735E+07 1.61999997E-02 2
IN    14 4D5/2 6.95171143E+02 1.78339379E-02 5.07545624E+06 1.61999997E-02 2
