 E  F1  F2  F2/F1
   100.  0.2059248E+02  0.2745360E+02  0.1333186E+01
   102.  0.2204327E+02  0.2669443E+02  0.1211001E+01
   104.  0.2334200E+02  0.2582002E+02  0.1106161E+01
   107.  0.2520260E+02  0.2459085E+02  0.9757268E+00
   110.  0.2698499E+02  0.2259841E+02  0.8374434E+00
   112.  0.2787468E+02  0.2128688E+02  0.7636638E+00
   115.  0.2897455E+02  0.1905080E+02  0.6575010E+00
   118.  0.2957692E+02  0.1665434E+02  0.5630858E+00
   121.  0.2963788E+02  0.1451482E+02  0.4897388E+00
   124.  0.2947869E+02  0.1258669E+02  0.4269760E+00
   127.  0.2912509E+02  0.1093296E+02  0.3753795E+00
   130.  0.2867563E+02  0.9503247E+01  0.3314050E+00
   133.  0.2822379E+02  0.8202826E+01  0.2906351E+00
   136.  0.2767312E+02  0.6983059E+01  0.2523409E+00
   140.  0.2678806E+02  0.5432171E+01  0.2027833E+00
   143.  0.2600344E+02  0.4386976E+01  0.1687075E+00
   147.  0.2478079E+02  0.3322038E+01  0.1340570E+00
   150.  0.2377439E+02  0.2710015E+01  0.1139888E+00
   154.  0.2261270E+02  0.2383071E+01  0.1053864E+00
   158.  0.2159754E+02  0.2109033E+01  0.9765153E-01
   162.  0.2064210E+02  0.1872217E+01  0.9069894E-01
   166.  0.1979617E+02  0.1931139E+01  0.9755110E-01
   170.  0.1904125E+02  0.2004479E+01  0.1052704E+00
   174.  0.1840475E+02  0.2078803E+01  0.1129493E+00
   178.  0.1784188E+02  0.2273890E+01  0.1274468E+00
   182.  0.1734363E+02  0.2491169E+01  0.1436360E+00
   187.  0.1688940E+02  0.2774754E+01  0.1642896E+00
   191.  0.1657641E+02  0.2968877E+01  0.1791025E+00
   196.  0.1625666E+02  0.3224400E+01  0.1983434E+00
   201.  0.1602661E+02  0.3447049E+01  0.2150829E+00
   206.  0.1582473E+02  0.3636886E+01  0.2298230E+00
   211.  0.1564724E+02  0.3824494E+01  0.2444197E+00
   216.  0.1551131E+02  0.3969046E+01  0.2558807E+00
   221.  0.1539879E+02  0.4115566E+01  0.2672655E+00
   227.  0.1528706E+02  0.4215248E+01  0.2757397E+00
   232.  0.1517275E+02  0.4280855E+01  0.2821409E+00
   238.  0.1503659E+02  0.4359042E+01  0.2898956E+00
   244.  0.1490191E+02  0.4436658E+01  0.2977242E+00
   250.  0.1477345E+02  0.4486645E+01  0.3036965E+00
   256.  0.1463149E+02  0.4521270E+01  0.3090096E+00
   262.  0.1447964E+02  0.4555351E+01  0.3146039E+00
   269.  0.1428969E+02  0.4594452E+01  0.3215222E+00
   275.  0.1412699E+02  0.4627423E+01  0.3275591E+00
   282.  0.1392659E+02  0.4645950E+01  0.3336029E+00
   289.  0.1369856E+02  0.4656447E+01  0.3399225E+00
   296.  0.1344976E+02  0.4666717E+01  0.3469739E+00
   303.  0.1318529E+02  0.4676768E+01  0.3546959E+00
   311.  0.1284859E+02  0.4688000E+01  0.3648649E+00
   318.  0.1251796E+02  0.4697616E+01  0.3752700E+00
   326.  0.1212236E+02  0.4708372E+01  0.3884039E+00
   334.  0.1167318E+02  0.4718891E+01  0.4042508E+00
   342.  0.1117399E+02  0.4729183E+01  0.4232315E+00
   351.  0.1055729E+02  0.4740505E+01  0.4490268E+00
   359.  0.9922259E+01  0.4750349E+01  0.4787568E+00
   368.  0.9097457E+01  0.4761189E+01  0.5233539E+00
   377.  0.8169206E+01  0.4771791E+01  0.5841193E+00
   386.  0.7027868E+01  0.4782164E+01  0.6804573E+00
   396.  0.5536323E+01  0.4786081E+01  0.8644873E+00
   406.  0.3417611E+01  0.4779019E+01  0.1398351E+01
   415.  0.8991132E+00  0.4772821E+01  0.5308365E+01
   426. -0.4656762E+01  0.4765436E+01 -0.1023337E+01
   436. -0.1580032E+02  0.4758894E+01 -0.3011897E+00
   447. -0.2163694E+02  0.3824479E+02 -0.1767569E+01
   458. -0.2021146E+01  0.3719976E+02 -0.1840528E+02
   469.  0.4394644E+01  0.3620710E+02  0.8238914E+01
   480.  0.9108242E+01  0.3526305E+02  0.3871553E+01
   492.  0.1258624E+02  0.3428456E+02  0.2723971E+01
   504.  0.1512750E+02  0.3335586E+02  0.2204981E+01
   516.  0.1729543E+02  0.3247329E+02  0.1877564E+01
   529.  0.1918430E+02  0.3156474E+02  0.1645342E+01
   542.  0.2061640E+02  0.3070125E+02  0.1489167E+01
   555.  0.2189592E+02  0.2988103E+02  0.1364684E+01
   569.  0.2296481E+02  0.2904000E+02  0.1264543E+01
   583.  0.2378416E+02  0.2829664E+02  0.1189726E+01
   597.  0.2440958E+02  0.2761036E+02  0.1131128E+01
   612.  0.2486579E+02  0.2691048E+02  0.1082229E+01
   627.  0.2486580E+02  0.2624465E+02  0.1055452E+01
   642.  0.2447352E+02  0.2625387E+02  0.1072746E+01
   658.  0.2467670E+02  0.2767315E+02  0.1121428E+01
   674.  0.2601325E+02  0.2913228E+02  0.1119902E+01
   690.  0.2784914E+02  0.2918860E+02  0.1048097E+01
   707.  0.2955019E+02  0.2858214E+02  0.9672403E+00
   725.  0.3072151E+02  0.2797305E+02  0.9105365E+00
   742.  0.3157183E+02  0.2742305E+02  0.8685924E+00
   760.  0.3233094E+02  0.2686562E+02  0.8309570E+00
   779.  0.3297135E+02  0.2636325E+02  0.7995806E+00
   798.  0.3358928E+02  0.2619483E+02  0.7798568E+00
   818.  0.3434966E+02  0.2602293E+02  0.7575892E+00
   838.  0.3522351E+02  0.2585628E+02  0.7340631E+00
   858.  0.3627583E+02  0.2554220E+02  0.7041107E+00
   879.  0.3715718E+02  0.2486361E+02  0.6691470E+00
   901.  0.3795118E+02  0.2418851E+02  0.6373585E+00
   923.  0.3860278E+02  0.2354737E+02  0.6099915E+00
   945.  0.3916973E+02  0.2294255E+02  0.5857215E+00
   968.  0.3971908E+02  0.2234341E+02  0.5625359E+00
   992.  0.4025030E+02  0.2174928E+02  0.5403507E+00
  1016.  0.4075180E+02  0.2116736E+02  0.5194215E+00
  1041.  0.4123286E+02  0.2050560E+02  0.4973121E+00
  1067.  0.4162391E+02  0.1985485E+02  0.4770058E+00
  1093.  0.4195438E+02  0.1923969E+02  0.4585859E+00
  1119.  0.4225278E+02  0.1865739E+02  0.4415660E+00
  1147.  0.4254345E+02  0.1806422E+02  0.4246065E+00
  1175.  0.4279227E+02  0.1750356E+02  0.4090354E+00
  1204.  0.4301748E+02  0.1695446E+02  0.3941297E+00
  1233.  0.4321626E+02  0.1643506E+02  0.3802981E+00
  1263.  0.4339663E+02  0.1592661E+02  0.3670010E+00
  1294.  0.4355362E+02  0.1542970E+02  0.3542692E+00
  1326.  0.4370030E+02  0.1494478E+02  0.3419834E+00
  1358.  0.4383044E+02  0.1448612E+02  0.3305038E+00
  1392.  0.4394817E+02  0.1402536E+02  0.3191341E+00
  1426.  0.4405325E+02  0.1358984E+02  0.3084867E+00
  1460.  0.4414703E+02  0.1317764E+02  0.2984945E+00
  1496.  0.4423669E+02  0.1276451E+02  0.2885503E+00
  1533.  0.4429219E+02  0.1236268E+02  0.2791165E+00
  1570.  0.4435080E+02  0.1198265E+02  0.2701788E+00
  1609.  0.4440210E+02  0.1160383E+02  0.2613351E+00
  1648.  0.4444422E+02  0.1124563E+02  0.2530280E+00
  1688.  0.4448193E+02  0.1089804E+02  0.2449992E+00
  1730.  0.4451738E+02  0.1055296E+02  0.2370526E+00
  1772.  0.4454150E+02  0.1021621E+02  0.2293638E+00
  1815.  0.4455598E+02  0.9887146E+01  0.2219039E+00
  1860.  0.4455787E+02  0.9561962E+01  0.2145965E+00
  1905.  0.4454547E+02  0.9254869E+01  0.2077623E+00
  1952.  0.4453072E+02  0.8951930E+01  0.2010282E+00
  2000.  0.4451566E+02  0.8659851E+01  0.1945350E+00
  2050.  0.4448589E+02  0.8369720E+01  0.1881433E+00
  2100.  0.4445272E+02  0.8092443E+01  0.1820461E+00
  2150.  0.4441239E+02  0.7829062E+01  0.1762810E+00
  2200.  0.4436589E+02  0.7578623E+01  0.1708210E+00
  2250.  0.4431277E+02  0.7340252E+01  0.1656464E+00
  2300.  0.4425356E+02  0.7113149E+01  0.1607362E+00
  2350.  0.4418892E+02  0.6896576E+01  0.1560703E+00
  2400.  0.4411805E+02  0.6689865E+01  0.1516356E+00
  2450.  0.4404155E+02  0.6492386E+01  0.1474150E+00
  2500.  0.4395895E+02  0.6303569E+01  0.1433967E+00
  2550.  0.4387041E+02  0.6122888E+01  0.1395676E+00
  2600.  0.4377576E+02  0.5949848E+01  0.1359165E+00
  2650.  0.4367447E+02  0.5784002E+01  0.1324344E+00
  2700.  0.4356644E+02  0.5624931E+01  0.1291116E+00
  2750.  0.4345094E+02  0.5472248E+01  0.1259408E+00
  2800.  0.4332755E+02  0.5325590E+01  0.1229146E+00
  2850.  0.4319584E+02  0.5184625E+01  0.1200260E+00
  2900.  0.4305463E+02  0.5049039E+01  0.1172705E+00
  2950.  0.4290314E+02  0.4918548E+01  0.1146431E+00
  3000.  0.4274001E+02  0.4792879E+01  0.1121403E+00
  3050.  0.4256386E+02  0.4671779E+01  0.1097593E+00
  3100.  0.4237292E+02  0.4555015E+01  0.1074983E+00
  3150.  0.4216463E+02  0.4442366E+01  0.1053576E+00
  3200.  0.4193637E+02  0.4333625E+01  0.1033381E+00
  3250.  0.4168402E+02  0.4228604E+01  0.1014443E+00
  3300.  0.4140277E+02  0.4127120E+01  0.9968220E-01
  3350.  0.4108583E+02  0.4029002E+01  0.9806305E-01
  3400.  0.4072325E+02  0.3934094E+01  0.9660561E-01
  3450.  0.4030104E+02  0.3842244E+01  0.9533858E-01
  3500.  0.3979650E+02  0.3753313E+01  0.9431265E-01
  3550.  0.3917108E+02  0.3667167E+01  0.9361924E-01
  3600.  0.3834893E+02  0.3583684E+01  0.9344939E-01
  3650.  0.3714292E+02  0.3502744E+01  0.9430449E-01
  3700.  0.3477610E+02  0.3424238E+01  0.9846528E-01
  3750.  0.3376656E+02  0.1059361E+02  0.3137308E+00
  3800.  0.3645073E+02  0.1038115E+02  0.2847995E+00
  3850.  0.3727271E+02  0.1017564E+02  0.2730051E+00
  3900.  0.3717852E+02  0.9976777E+01  0.2683479E+00
  3950.  0.3652391E+02  0.1343567E+02  0.3678596E+00
  4000.  0.3894934E+02  0.1316917E+02  0.3381102E+00
  4050.  0.4000480E+02  0.1291117E+02  0.3227405E+00
  4100.  0.4068056E+02  0.1266130E+02  0.3112370E+00
  4150.  0.4110078E+02  0.1241921E+02  0.3021648E+00
  4200.  0.4118479E+02  0.1218457E+02  0.2958512E+00
  4250.  0.4101443E+02  0.1377870E+02  0.3359476E+00
  4300.  0.4240306E+02  0.1354500E+02  0.3194345E+00
  4350.  0.4313005E+02  0.1331674E+02  0.3087578E+00
  4400.  0.4368705E+02  0.1309379E+02  0.2997179E+00
  4450.  0.4415203E+02  0.1287600E+02  0.2916287E+00
  4500.  0.4455502E+02  0.1266326E+02  0.2842163E+00
  4550.  0.4491172E+02  0.1245543E+02  0.2773314E+00
  4600.  0.4523180E+02  0.1225239E+02  0.2708800E+00
  4650.  0.4552169E+02  0.1205400E+02  0.2647969E+00
  4700.  0.4578616E+02  0.1186015E+02  0.2590335E+00
  4750.  0.4602877E+02  0.1167071E+02  0.2535525E+00
  4800.  0.4625227E+02  0.1148557E+02  0.2483245E+00
  4850.  0.4645897E+02  0.1130463E+02  0.2433250E+00
  4900.  0.4665067E+02  0.1112775E+02  0.2385336E+00
  4950.  0.4682896E+02  0.1095483E+02  0.2339328E+00
  5000.  0.4699514E+02  0.1078578E+02  0.2295084E+00
  5050.  0.4715030E+02  0.1062047E+02  0.2252471E+00
  5100.  0.4729547E+02  0.1045882E+02  0.2211379E+00
  5150.  0.4743146E+02  0.1030073E+02  0.2171708E+00
  5200.  0.4755906E+02  0.1014610E+02  0.2133369E+00
  5250.  0.4767890E+02  0.9994830E+01  0.2096280E+00
  5300.  0.4779156E+02  0.9846843E+01  0.2060373E+00
  5350.  0.4789762E+02  0.9702046E+01  0.2025580E+00
  5400.  0.4799753E+02  0.9560353E+01  0.1991843E+00
  5450.  0.4809171E+02  0.9421683E+01  0.1959108E+00
  5500.  0.4818056E+02  0.9285957E+01  0.1927325E+00
  5550.  0.4826442E+02  0.9153095E+01  0.1896448E+00
  5600.  0.4834364E+02  0.9023023E+01  0.1866435E+00
  5650.  0.4841849E+02  0.8895665E+01  0.1837246E+00
  5700.  0.4848927E+02  0.8770953E+01  0.1808844E+00
  5750.  0.4855621E+02  0.8648812E+01  0.1781196E+00
  5800.  0.4861954E+02  0.8529182E+01  0.1754271E+00
  5850.  0.4867947E+02  0.8411995E+01  0.1728038E+00
  5900.  0.4873622E+02  0.8297189E+01  0.1702469E+00
  5950.  0.4878996E+02  0.8184701E+01  0.1677538E+00
  6000.  0.4884084E+02  0.8074471E+01  0.1653221E+00
  6050.  0.4888904E+02  0.7966441E+01  0.1629494E+00
  6100.  0.4893471E+02  0.7860557E+01  0.1606336E+00
  6150.  0.4897797E+02  0.7756763E+01  0.1583725E+00
  6200.  0.4901896E+02  0.7655007E+01  0.1561642E+00
  6250.  0.4905780E+02  0.7555239E+01  0.1540069E+00
  6300.  0.4909459E+02  0.7457407E+01  0.1518988E+00
  6350.  0.4912945E+02  0.7361464E+01  0.1498381E+00
  6400.  0.4916246E+02  0.7267361E+01  0.1478234E+00
  6450.  0.4919374E+02  0.7175056E+01  0.1458530E+00
  6500.  0.4922337E+02  0.7084499E+01  0.1439255E+00
  6550.  0.4925140E+02  0.6995655E+01  0.1420397E+00
  6600.  0.4927794E+02  0.6908477E+01  0.1401941E+00
  6650.  0.4930305E+02  0.6822926E+01  0.1383875E+00
  6700.  0.4932682E+02  0.6738963E+01  0.1366186E+00
  6750.  0.4934928E+02  0.6656548E+01  0.1348864E+00
  6800.  0.4937051E+02  0.6575645E+01  0.1331898E+00
  6850.  0.4939057E+02  0.6496221E+01  0.1315276E+00
  6900.  0.4940950E+02  0.6418235E+01  0.1298988E+00
  6950.  0.4942738E+02  0.6341659E+01  0.1283026E+00
  7000.  0.4944423E+02  0.6266456E+01  0.1267379E+00
  7050.  0.4946011E+02  0.6192595E+01  0.1252038E+00
  7100.  0.4947506E+02  0.6120045E+01  0.1236996E+00
  7150.  0.4948912E+02  0.6048775E+01  0.1222243E+00
  7200.  0.4950235E+02  0.5978756E+01  0.1207772E+00
  7250.  0.4951476E+02  0.5909959E+01  0.1193575E+00
  7300.  0.4952640E+02  0.5842358E+01  0.1179645E+00
  7350.  0.4953730E+02  0.5775922E+01  0.1165974E+00
  7400.  0.4954749E+02  0.5710629E+01  0.1152557E+00
  7450.  0.4955701E+02  0.5646452E+01  0.1139385E+00
  7500.  0.4956588E+02  0.5583364E+01  0.1126453E+00
  7550.  0.4957413E+02  0.5521343E+01  0.1113755E+00
  7600.  0.4958179E+02  0.5460361E+01  0.1101284E+00
  7650.  0.4958887E+02  0.5400403E+01  0.1089035E+00
  7700.  0.4959544E+02  0.5341442E+01  0.1077003E+00
  7750.  0.4960147E+02  0.5283453E+01  0.1065181E+00
  7800.  0.4960699E+02  0.5226419E+01  0.1053565E+00
  7850.  0.4961206E+02  0.5170321E+01  0.1042150E+00
  7900.  0.4961666E+02  0.5115133E+01  0.1030931E+00
  7950.  0.4962083E+02  0.5060842E+01  0.1019903E+00
  8000.  0.4962458E+02  0.5007422E+01  0.1009061E+00
  8050.  0.4962793E+02  0.4954861E+01  0.9984017E-01
  8100.  0.4963089E+02  0.4903137E+01  0.9879205E-01
  8150.  0.4963348E+02  0.4852233E+01  0.9776130E-01
  8200.  0.4963572E+02  0.4802135E+01  0.9674756E-01
  8250.  0.4963762E+02  0.4752820E+01  0.9575038E-01
  8300.  0.4963919E+02  0.4704278E+01  0.9476942E-01
  8350.  0.4964046E+02  0.4656488E+01  0.9380430E-01
  8400.  0.4964143E+02  0.4609437E+01  0.9285466E-01
  8450.  0.4964211E+02  0.4563113E+01  0.9192021E-01
  8500.  0.4964251E+02  0.4517497E+01  0.9100059E-01
  8550.  0.4964265E+02  0.4472574E+01  0.9009539E-01
  8600.  0.4964254E+02  0.4428330E+01  0.8920436E-01
  8650.  0.4964219E+02  0.4384757E+01  0.8832723E-01
  8700.  0.4964160E+02  0.4341836E+01  0.8746367E-01
  8750.  0.4964080E+02  0.4299558E+01  0.8661339E-01
  8800.  0.4963977E+02  0.4257905E+01  0.8577608E-01
  8850.  0.4963855E+02  0.4216868E+01  0.8495149E-01
  8900.  0.4963712E+02  0.4176436E+01  0.8413938E-01
  8950.  0.4963551E+02  0.4136597E+01  0.8333947E-01
  9000.  0.4963372E+02  0.4097335E+01  0.8255145E-01
  9050.  0.4963174E+02  0.4058646E+01  0.8177521E-01
  9100.  0.4962962E+02  0.4020513E+01  0.8101036E-01
  9150.  0.4962732E+02  0.3982928E+01  0.8025677E-01
  9200.  0.4962487E+02  0.3945880E+01  0.7951416E-01
  9250.  0.4962228E+02  0.3909359E+01  0.7878234E-01
  9300.  0.4961954E+02  0.3873355E+01  0.7806108E-01
  9350.  0.4961668E+02  0.3837858E+01  0.7735016E-01
  9400.  0.4961368E+02  0.3802860E+01  0.7664942E-01
  9450.  0.4961056E+02  0.3768349E+01  0.7595860E-01
  9500.  0.4960732E+02  0.3734317E+01  0.7527755E-01
  9550.  0.4960395E+02  0.3700757E+01  0.7460608E-01
  9600.  0.4960049E+02  0.3667658E+01  0.7394398E-01
  9650.  0.4959693E+02  0.3635013E+01  0.7329109E-01
  9700.  0.4959326E+02  0.3602813E+01  0.7264723E-01
  9750.  0.4958950E+02  0.3571049E+01  0.7201220E-01
  9800.  0.4958564E+02  0.3539716E+01  0.7138591E-01
  9850.  0.4958170E+02  0.3508803E+01  0.7076810E-01
  9900.  0.4957767E+02  0.3478305E+01  0.7015871E-01
  9950.  0.4957355E+02  0.3448213E+01  0.6955750E-01
 10000.  0.4956937E+02  0.3418520E+01  0.6896437E-01
